0 0 0
1 0.00113636 -0.000677087
2 0.00353696 -1.23711e-05
3 0.00629873 0.000136374
4 0.00945828 0.000118686
5 0.0129821 5.48765e-05
6 0.0168363 2.30776e-06
7 0.020988 3.69392e-05
8 0.0254099 6.99391e-05
9 0.0300769 2.76392e-05
10 0.0349683 9.67091e-05
11 0.0400651 0.000112498
12 0.0453523 0.000114619
13 0.0508165 0.000105054
14 0.0564463 9.23534e-05
15 0.0622312 7.98174e-05
16 0.0681616 7.21656e-05
17 0.0742284 7.9752e-05
18 0.080419 5.36151e-05
19 0.0867228 7.63272e-05
20 0.0931295 8.20557e-05
21 0.0996291 5.48068e-05
22 0.106214 0.000103887
23 0.112877 8.61779e-05
24 0.119611 6.99494e-05
25 0.126411 0.000111497
26 0.133272 0.000113777
27 0.140188 0.000100278
28 0.147156 0.000118919
29 0.154171 0.000105067
30 0.161229 0.000124167
31 0.16833 0.000139076
32 0.175471 0.000119922
33 0.18265 0.000152861
34 0.189865 0.000165866
35 0.197114 0.00016739
36 0.204395 0.000170519
37 0.211707 0.000174841
38 0.219045 0.00016826
39 0.226409 0.000187092
40 0.233799 0.000214443
41 0.241212 0.000203134
42 0.248649 0.000221826
43 0.25611 0.000210222
44 0.263594 0.00023952
45 0.271101 0.000245424
46 0.278631 0.000247413
47 0.286183 0.000260908
48 0.293752 0.000273878
49 0.301335 0.000277074
50 0.30893 0.000282368
51 0.316532 0.000292184
52 0.324141 0.000299955
53 0.331754 0.000305967
54 0.33937 0.000310142
55 0.346987 0.000316864
56 0.354605 0.000326581
57 0.362225 0.000278104
58 0.369845 0.000313735
59 0.377465 0.00032247
60 0.385086 0.00033283
61 0.392709 0.00033806
62 0.400333 0.000340033
63 0.407961 0.000349451
64 0.415594 0.000358726
65 0.423231 0.000335255
66 0.430874 0.000303411
67 0.438524 0.000296204
68 0.446183 0.000295513
69 0.453848 0.000327713
70 0.461517 0.000396927
71 0.46919 0.00043101
72 0.476864 0.000432095
73 0.484538 0.000429701
74 0.492202 0.000430499
75 0.499858 0.00043269
76 0.507508 0.000429663
77 0.515152 0.000429109
78 0.522785 0.000417819
79 0.530413 0.00040355
80 0.538028 0.0004112
81 0.545637 0.000399545
82 0.553242 0.000382851
83 0.560846 0.000376679
84 0.568451 0.000372541
85 0.576055 0.000357277
86 0.583652 0.000341277
87 0.591249 0.000296018
88 0.598844 0.000272855
89 0.60644 0.000254004
90 0.614036 0.000224105
91 0.621631 0.000199046
92 0.629228 0.000162077
93 0.636825 0.000118106
94 0.644424 8.14591e-05
95 0.652025 1.25599e-05
96 0.659628 -3.03617e-05
97 0.667234 -0.00010279
98 0.674843 -0.000138054
99 0.682455 -0.000185961
100 0.690068 -0.000258467
101 0.69768 -0.000319238
102 0.70528 -0.000374013
103 0.712865 -0.000433581
104 0.720433 -0.000563454
105 0.727986 -0.000668408
106 0.735527 -0.000734555
107 0.743056 -0.000791043
108 0.750575 -0.000851285
109 0.758086 -0.000901545
110 0.76559 -0.000957157
111 0.773093 -0.00100052
112 0.780594 -0.00106433
113 0.788093 -0.00114234
114 0.79559 -0.00122645
115 0.803086 -0.00128848
116 0.810578 -0.00136147
117 0.818066 -0.0014218
118 0.825552 -0.00150658
119 0.833034 -0.00155958
120 0.840514 -0.00162188
121 0.847995 -0.00168639
122 0.855474 -0.00173998
123 0.862954 -0.00175942
124 0.870435 -0.00180929
125 0.877916 -0.00200593
126 0.885398 -0.00196471
127 0.892881 -0.0019849
128 0.900366 -0.0021337
129 0.907853 -0.00218572
130 0.915341 -0.00233541
131 0.922831 -0.00251868
132 0.930324 -0.00264764
133 0.93782 -0.00285017
134 0.945319 -0.00301562
135 0.95282 -0.00317289
136 0.960322 -0.00342416
137 0.967824 -0.00353883
138 0.975324 -0.00371722
139 0.982818 -0.00388529
140 0.990309 -0.00449236
141 0.997794 -0.00447995
142 1.00527 -0.00475367
143 1.01275 -0.00474841
144 1.02022 -0.00490795
145 1.02769 -0.00504471
146 1.03516 -0.00523708
147 1.04262 -0.00545612
148 1.05009 -0.00562411
149 1.05755 -0.00578474
150 1.06502 -0.0060157
151 1.07249 -0.00618978
152 1.07996 -0.0064072
153 1.08742 -0.00660111
154 1.09489 -0.00675753
155 1.10236 -0.00694934
156 1.10984 -0.00711933
157 1.11731 -0.00736854
158 1.12479 -0.00847647
159 1.13227 -0.00880805
160 1.13975 -0.00872488
161 1.14724 -0.00918476
162 1.15473 -0.00951499
163 1.16222 -0.00997184
164 1.16972 -0.0104538
165 1.17723 -0.0108607
166 1.18474 -0.0112123
167 1.19226 -0.011649
168 1.19978 -0.0121092
169 1.2073 -0.0126398
170 1.21483 -0.0131503
171 1.22237 -0.0135552
172 1.2299 -0.0140996
173 1.23744 -0.0144691
174 1.24498 -0.0149379
175 1.25253 -0.015399
176 1.26007 -0.0157303
177 1.26762 -0.0180602
178 1.27517 -0.0187713
179 1.28272 -0.0193402
180 1.29028 -0.019912
181 1.29783 -0.0204582
182 1.30538 -0.0208907
183 1.31291 -0.0214086
184 1.32041 -0.0218679
185 1.32789 -0.0215728
186 1.33536 -0.0219606
187 1.34281 -0.0222568
188 1.35024 -0.0223268
189 1.35766 -0.0223908
190 1.36507 -0.0224105
191 1.37247 -0.0223788
192 1.37986 -0.0222631
193 1.38724 -0.022008
194 1.39461 -0.0235799
195 1.40197 -0.0233882
196 1.40931 -0.0230091
197 1.41665 -0.0223484
198 1.42399 -0.0210634
199 1.43131 -0.0200512
200 1.43863 -0.0188696
201 1.44595 -0.0176282
202 1.45326 -0.0166262
203 1.46056 -0.0150447
204 1.46786 -0.0133851
205 1.47515 -0.0112993
206 1.48243 -0.00904658
207 1.48972 -0.0064811
208 1.497 -0.00383433
209 1.50428 -0.000977184
210 1.51155 0.0020997
211 1.51883 0.00529263
212 1.52611 0.00861557
213 1.53338 0.0120602
214 1.54066 0.015416
215 1.54793 0.0186384
216 1.55521 0.0219189
217 1.56248 0.0254546
218 1.56974 0.0289316
219 1.57698 0.0322321
220 1.58422 0.0355831
221 1.59144 0.0389535
222 1.59866 0.0425518
223 1.60586 0.0458738
224 1.61306 0.049291
225 1.62025 0.0528237
226 1.62744 0.0562966
227 1.63463 0.0596874
228 1.64181 0.0629079
229 1.649 0.066198
230 1.65617 0.0693002
231 1.66335 0.0723412
232 1.67053 0.0752569
233 1.67771 0.0782292
234 1.68489 0.0812889
235 1.69207 0.0839569
236 1.69926 0.0867465
237 1.70644 0.0895212
238 1.71362 0.0922838
239 1.72081 0.0949144
240 1.728 0.0975056
241 1.73519 0.100015
242 1.74239 0.102412
243 1.74959 0.104922
244 1.75679 0.10731
245 1.76399 0.109733
246 1.77119 0.111913
247 1.7784 0.114048
248 1.7856 0.116311
249 1.7928 0.118489
250 1.80001 0.120827
251 1.80721 0.122824
252 1.81441 0.124789
253 1.82162 0.12676
254 1.82882 0.128615
255 1.83603 0.13008
256 1.84324 0.131533
257 1.85045 0.132728
258 1.85766 0.133847
259 1.86488 0.1344
260 1.87209 0.134996
261 1.87932 0.135081
262 1.88654 0.134854
263 1.89378 0.134232
264 1.90101 0.13335
265 1.90826 0.131918
266 1.9155 0.130017
267 1.92275 0.127564
268 1.93001 0.124423
269 1.93726 0.120711
270 1.94452 0.116713
271 1.95177 0.111941
272 1.95901 0.106338
273 1.96623 0.0998922
274 1.97344 0.0927922
275 1.98065 0.0849978
276 1.98784 0.0764217
277 1.99501 0.0671098
278 2.00218 0.0571367
279 2.00935 0.0462224
280 2.0165 0.0347093
281 2.02365 0.0225354
282 2.0308 0.00983396
283 2.03794 -0.0029081
284 2.04508 -0.0163603
285 2.05221 -0.0301084
286 2.05935 -0.0441963
287 2.06648 -0.0583179
288 2.07361 -0.0722328
289 2.08075 -0.0860772
290 2.08788 -0.0996823
291 2.095 -0.112726
292 2.10211 -0.125227
293 2.10921 -0.137518
294 2.1163 -0.148633
295 2.12338 -0.15983
296 2.13046 -0.170429
297 2.13753 -0.180305
298 2.1446 -0.189583
299 2.15167 -0.198247
300 2.15873 -0.206545
301 2.16579 -0.214566
302 2.17285 -0.222269
303 2.17991 -0.229971
304 2.18697 -0.237181
305 2.19404 -0.244271
306 2.2011 -0.251073
307 2.20817 -0.258039
308 2.21524 -0.2646
309 2.22231 -0.270988
310 2.22938 -0.277102
311 2.23646 -0.283059
312 2.24354 -0.288911
313 2.25062 -0.295214
314 2.2577 -0.300763
315 2.26479 -0.306179
316 2.27187 -0.312032
317 2.27896 -0.317045
318 2.28604 -0.322011
319 2.29313 -0.326786
320 2.30022 -0.33144
321 2.3073 -0.335052
322 2.31439 -0.339414
323 2.32148 -0.343599
324 2.32858 -0.347184
325 2.33567 -0.350839
326 2.34277 -0.354307
327 2.34986 -0.357069
328 2.35696 -0.359902
329 2.36406 -0.361862
330 2.37116 -0.360748
331 2.37825 -0.362183
332 2.38534 -0.362234
333 2.39243 -0.36309
334 2.39952 -0.362985
335 2.4066 -0.36223
336 2.41369 -0.360734
337 2.42079 -0.365265
338 2.42788 -0.362789
339 2.43498 -0.360004
340 2.44207 -0.35612
341 2.44917 -0.351316
342 2.45627 -0.345547
343 2.46338 -0.337654
344 2.47048 -0.328945
345 2.47759 -0.319094
346 2.48469 -0.306744
347 2.4918 -0.293763
348 2.49891 -0.279161
349 2.50602 -0.262526
350 2.51314 -0.244193
351 2.52026 -0.224446
352 2.52737 -0.202705
353 2.53449 -0.179569
354 2.54161 -0.154558
355 2.54872 -0.127432
356 2.55584 -0.0988723
357 2.56296 -0.0690371
358 2.57007 -0.0373253
359 2.57719 -0.00582938
360 2.58431 0.0281939
361 2.59144 0.0632334
362 2.59857 0.0986135
363 2.6057 0.134189
364 2.61284 0.170102
365 2.61997 0.207176
366 2.62711 0.243885
367 2.63425 0.279718
368 2.64139 0.315306
369 2.64854 0.352486
370 2.65568 0.38775
371 2.66282 0.421472
372 2.66997 0.453424
373 2.67712 0.483476
374 2.68427 0.510771
375 2.69142 0.536231
376 2.69857 0.558725
377 2.70573 0.578863
378 2.7129 0.596809
379 2.72006 0.612713
380 2.72723 0.626955
381 2.73441 0.639977
382 2.74158 0.651969
383 2.74876 0.663779
384 2.75594 0.674721
385 2.76313 0.685242
386 2.77032 0.696122
387 2.77751 0.706362
388 2.7847 0.716314
389 2.7919 0.726573
390 2.79911 0.735409
391 2.80632 0.743036
392 2.81353 0.750215
393 2.82076 0.756288
394 2.82798 0.759961
395 2.83521 0.764842
396 2.84244 0.766365
397 2.84967 0.765735
398 2.85688 0.759865
399 2.86408 0.75425
400 2.87126 0.744521
401 2.87844 0.742064
402 2.8856 0.726939
403 2.89274 0.705804
404 2.89988 0.679099
405 2.90699 0.647595
406 2.9141 0.609285
407 2.9212 0.565763
408 2.92828 0.517808
409 2.93536 0.464908
410 2.94243 0.409286
411 2.94948 0.35025
412 2.95653 0.289087
413 2.96356 0.226457
414 2.97059 0.162492
415 2.97761 0.0976397
416 2.98462 0.0327242
417 2.99162 -0.0323328
418 2.99862 -0.0965076
419 3.0056 -0.160025
420 3.01259 -0.221953
421 3.01956 -0.282128
422 3.02653 -0.340028
423 3.03349 -0.395731
424 3.04045 -0.448546
425 3.04741 -0.498128
426 3.05435 -0.544726
427 3.06129 -0.588264
428 3.06822 -0.628567
429 3.07515 -0.665434
430 3.08207 -0.69974
431 3.08899 -0.731488
432 3.09589 -0.760889
433 3.1028 -0.78802
434 3.10969 -0.812621
435 3.11659 -0.835099
436 3.12347 -0.854118
437 3.13036 -0.870249
438 3.13724 -0.882857
439 3.14411 -0.891266
440 3.15099 -0.89498
441 3.15786 -0.896033
442 3.16473 -0.89344
443 3.1716 -0.888829
444 3.17846 -0.881966
445 3.18532 -0.872804
446 3.19218 -0.860826
447 3.19905 -0.844411
448 3.20591 -0.8217
449 3.21277 -0.790782
450 3.21962 -0.750499
451 3.22647 -0.700566
452 3.23332 -0.641182
453 3.24015 -0.57438
454 3.24699 -0.501891
455 3.25383 -0.426199
456 3.26066 -0.348672
457 3.26749 -0.27182
458 3.27431 -0.196531
459 3.28113 -0.124098
460 3.28796 -0.0543355
461 3.29478 0.0102515
462 3.3016 0.070627
463 3.30841 0.125826
464 3.31522 0.175338
465 3.32204 0.218995
466 3.32885 0.256768
467 3.33566 0.288615
468 3.34246 0.314705
469 3.34927 0.335919
470 3.35607 0.352673
471 3.36287 0.365315
472 3.36966 0.375041
473 3.37646 0.382167
474 3.38325 0.387547
475 3.39003 0.391566
476 3.39682 0.395308
477 3.4036 0.398784
478 3.41038 0.402679
479 3.41716 0.406351
480 3.42394 0.410284
481 3.43072 0.413799
482 3.4375 0.418578
483 3.44427 0.422224
484 3.45105 0.426988
485 3.45783 0.431907
486 3.4646 0.436426
487 3.47138 0.441293
488 3.47815 0.445307
489 3.48493 0.449747
490 3.4917 0.453796
491 3.49847 0.457325
492 3.50525 0.459633
493 3.51202 0.460585
494 3.51878 0.461498
495 3.52555 0.461198
496 3.53232 0.457478
497 3.53909 0.453831
498 3.54585 0.447643
499 3.55261 0.438577
500 3.55938 0.42585
501 3.56614 0.409688
502 3.5729 0.398777
503 3.57966 0.376529
504 3.58642 0.349164
505 3.59317 0.316912
506 3.59993 0.28004
507 3.60669 0.238909
508 3.61344 0.194013
509 3.6202 0.146219
510 3.62695 0.0960425
511 3.6337 0.0438835
512 3.64045 -0.00947974
513 3.64721 -0.0629726
514 3.65396 -0.116106
515 3.66071 -0.168532
516 3.66745 -0.218987
517 3.6742 -0.267057
518 3.68094 -0.312308
519 3.68768 -0.354278
520 3.69442 -0.392646
521 3.70116 -0.427595
522 3.7079 -0.459181
523 3.71464 -0.487127
524 3.72138 -0.512283
525 3.72811 -0.534546
526 3.73485 -0.554314
527 3.74159 -0.572224
528 3.74833 -0.588381
529 3.75506 -0.603062
530 3.7618 -0.616342
531 3.76854 -0.628465
532 3.77528 -0.638587
533 3.78202 -0.648068
534 3.78875 -0.655598
535 3.79549 -0.661773
536 3.80223 -0.667328
537 3.80897 -0.671574
538 3.81571 -0.675365
539 3.82245 -0.678615
540 3.82918 -0.681862
541 3.83592 -0.68487
542 3.84266 -0.687971
543 3.8494 -0.691224
544 3.85613 -0.69478
545 3.86287 -0.698244
546 3.86961 -0.70197
547 3.87634 -0.705837
548 3.88308 -0.709783
549 3.88982 -0.713244
550 3.89655 -0.716678
551 3.90329 -0.719218
552 3.91002 -0.719494
553 3.91675 -0.71692
554 3.92349 -0.711687
555 3.93022 -0.701338
556 3.93696 -0.68509
557 3.94369 -0.663522
558 3.95042 -0.636279
559 3.95716 -0.603425
560 3.96389 -0.565224
561 3.97062 -0.521737
562 3.97735 -0.473601
563 3.98408 -0.420584
564 3.99081 -0.363366
565 3.99754 -0.302768
566 4.00426 -0.23868
567 4.01099 -0.172148
568 4.01771 -0.10332
569 4.02444 -0.0328574
570 4.03116 0.0380889
571 4.03788 0.109331
572 4.04461 0.180342
573 4.05133 0.249014
574 4.05805 0.316226
575 4.06477 0.380331
576 4.0715 0.440471
577 4.07822 0.496054
578 4.08494 0.546746
579 4.09166 0.59181
580 4.09839 0.63121
581 4.10511 0.664951
582 4.11183 0.693786
583 4.11855 0.718334
584 4.12527 0.738416
585 4.132 0.755902
586 4.13872 0.770699
587 4.14544 0.783826
588 4.15217 0.795477
589 4.15889 0.806085
590 4.16562 0.815393
591 4.17234 0.823036
592 4.17907 0.830132
593 4.1858 0.836455
594 4.19252 0.842312
595 4.19925 0.848004
596 4.20598 0.853608
597 4.21271 0.859377
598 4.21944 0.864441
599 4.22617 0.868246
600 4.2329 0.870141
601 4.23963 0.869039
602 4.24636 0.863725
603 4.25309 0.853577
604 4.25982 0.837798
605 4.26655 0.816161
606 4.27328 0.788511
607 4.28002 0.754446
608 4.28675 0.71435
609 4.29348 0.66865
610 4.30021 0.617106
611 4.30695 0.560128
612 4.31368 0.497766
613 4.32041 0.430319
614 4.32714 0.358445
615 4.33387 0.282748
616 4.3406 0.203958
617 4.34733 0.122585
618 4.35407 0.0395211
619 4.3608 -0.043822
620 4.36753 -0.126558
621 4.37425 -0.207679
622 4.38097 -0.28636
623 4.38768 -0.361876
624 4.39439 -0.43288
625 4.40109 -0.499008
626 4.40778 -0.559036
627 4.41447 -0.613163
628 4.42115 -0.660981
629 4.42783 -0.702391
630 4.4345 -0.736994
631 4.44117 -0.766244
632 4.44783 -0.789327
633 4.45449 -0.806862
634 4.46115 -0.820447
635 4.4678 -0.829835
636 4.47444 -0.835228
637 4.48108 -0.838673
638 4.48772 -0.839643
639 4.49435 -0.838766
640 4.50098 -0.837115
641 4.5076 -0.834892
642 4.51421 -0.83262
643 4.52083 -0.830797
644 4.52744 -0.829645
645 4.53404 -0.829337
646 4.54064 -0.829824
647 4.54723 -0.830653
648 4.55383 -0.831585
649 4.56041 -0.831446
650 4.56699 -0.829201
651 4.57357 -0.824151
652 4.58014 -0.81503
653 4.58671 -0.801247
654 4.59327 -0.78241
655 4.59983 -0.757939
656 4.60638 -0.727847
657 4.61293 -0.692158
658 4.61948 -0.650819
659 4.62602 -0.604099
660 4.63255 -0.552105
661 4.63908 -0.495565
662 4.64561 -0.434227
663 4.65213 -0.368414
664 4.65864 -0.299112
665 4.66516 -0.226502
666 4.67166 -0.151371
667 4.67817 -0.074272
668 4.68467 0.00363616
669 4.69117 0.0817768
670 4.69766 0.159653
671 4.70416 0.235627
672 4.71065 0.30945
673 4.71713 0.379103
674 4.72362 0.444919
675 4.7301 0.505849
676 4.73658 0.561062
677 4.74305 0.610117
678 4.74953 0.652968
679 4.756 0.689331
680 4.76246 0.71973
681 4.76893 0.744799
682 4.77539 0.764871
683 4.78185 0.780449
684 4.78831 0.793036
685 4.79476 0.802849
686 4.80121 0.809926
687 4.80766 0.815839
688 4.81411 0.820228
689 4.82056 0.823289
690 4.827 0.825574
691 4.83344 0.827285
692 4.83988 0.828884
693 4.84632 0.830627
694 4.85276 0.832756
695 4.8592 0.835512
696 4.86563 0.838911
697 4.87207 0.842224
698 4.8785 0.845213
699 4.88493 0.847326
700 4.89136 0.847373
701 4.89779 0.844748
702 4.90422 0.838261
703 4.91065 0.827587
704 4.91707 0.812295
705 4.9235 0.791784
706 4.92992 0.765958
707 4.93634 0.734797
708 4.94277 0.698583
709 4.94919 0.656906
710 4.95561 0.609842
711 4.96203 0.558029
712 4.96845 0.50135
713 4.97487 0.439586
714 4.98128 0.373553
715 4.9877 0.304052
716 4.99411 0.23091
717 5.00053 0.155586
718 5.00695 0.07788
719 5.01336 -0.000683335
720 5.01978 -0.0792334
721 5.02619 -0.157094
722 5.03261 -0.233508
723 5.03902 -0.307407
724 5.04544 -0.377792
725 5.05185 -0.444308
726 5.05827 -0.506252
727 5.06469 -0.562317
728 5.0711 -0.612387
729 5.07752 -0.656166
730 5.08394 -0.693638
731 5.09036 -0.724591
732 5.09678 -0.750499
733 5.1032 -0.770886
734 5.10962 -0.786037
735 5.11604 -0.798341
736 5.12246 -0.807144
737 5.12888 -0.812733
738 5.13531 -0.817213
739 5.14173 -0.819951
740 5.14815 -0.821079
741 5.15458 -0.821776
742 5.16101 -0.821559
743 5.16743 -0.820812
744 5.17386 -0.820245
745 5.18029 -0.820085
746 5.18673 -0.820481
747 5.19316 -0.821659
748 5.19959 -0.823578
749 5.20603 -0.826181
750 5.21246 -0.828348
751 5.2189 -0.830277
752 5.22534 -0.829928
753 5.23178 -0.827299
754 5.23822 -0.820948
755 5.24466 -0.81034
756 5.25111 -0.794802
757 5.25755 -0.773933
758 5.264 -0.747626
759 5.27045 -0.715818
760 5.27689 -0.678439
761 5.28334 -0.635924
762 5.28979 -0.587938
763 5.29625 -0.534932
764 5.3027 -0.47704
765 5.30915 -0.414784
766 5.31561 -0.348306
767 5.32206 -0.278177
768 5.32852 -0.204903
769 5.33498 -0.129225
770 5.34144 -0.0519492
771 5.3479 0.0261362
772 5.35436 0.104745
773 5.36083 0.181868
774 5.36729 0.257561
775 5.37376 0.330502
776 5.38023 0.399725
777 5.3867 0.464916
778 5.39317 0.524649
779 5.39965 0.578894
780 5.40612 0.62721
781 5.4126 0.66915
782 5.41908 0.704823
783 5.42556 0.734986
784 5.43205 0.759395
785 5.43853 0.778703
786 5.44502 0.794384
787 5.45151 0.806477
788 5.458 0.815326
789 5.4645 0.822615
790 5.47099 0.827865
791 5.47749 0.831538
792 5.48399 0.834234
793 5.4905 0.836079
794 5.497 0.837603
795 5.50351 0.839168
796 5.51002 0.841006
797 5.51653 0.843311
798 5.52305 0.84628
799 5.52957 0.84946
800 5.53609 0.852117
801 5.54261 0.854196
802 5.54913 0.85421
803 5.55566 0.851722
804 5.56219 0.845336
805 5.56872 0.83478
806 5.57525 0.819393
807 5.58179 0.798637
808 5.58833 0.772504
809 5.59487 0.740643
810 5.60141 0.703511
811 5.60796 0.660418
812 5.6145 0.611849
813 5.62105 0.558567
814 5.6276 0.499522
815 5.63415 0.435248
816 5.64071 0.36696
817 5.64726 0.294479
818 5.65382 0.218672
819 5.66037 0.140117
820 5.66693 0.0596378
821 5.6735 -0.0215884
822 5.68006 -0.10276
823 5.68662 -0.182757
824 5.69319 -0.261045
825 5.69976 -0.336005
826 5.70633 -0.407246
827 5.7129 -0.473965
828 5.71947 -0.535347
829 5.72605 -0.590311
830 5.73262 -0.638974
831 5.7392 -0.680758
832 5.74578 -0.715483
833 5.75236 -0.744474
834 5.75895 -0.767463
835 5.76553 -0.784854
836 5.77212 -0.798628
837 5.77871 -0.808623
838 5.7853 -0.814886
839 5.79189 -0.819827
840 5.79849 -0.822715
841 5.80509 -0.82392
842 5.81169 -0.824661
843 5.81829 -0.824446
844 5.82489 -0.823762
845 5.8315 -0.823279
846 5.83811 -0.823244
847 5.84472 -0.823936
848 5.85133 -0.825493
849 5.85795 -0.827791
850 5.86456 -0.830563
851 5.87118 -0.832936
852 5.87781 -0.834325
853 5.88443 -0.833028
854 5.89106 -0.82875
855 5.89769 -0.820145
856 5.90432 -0.806694
857 5.91095 -0.787695
858 5.91759 -0.762784
859 5.92422 -0.732159
860 5.93086 -0.695562
861 5.93751 -0.653274
862 5.94415 -0.605215
863 5.9508 -0.551962
864 5.95745 -0.493117
865 5.9641 -0.42909
866 5.97075 -0.361044
867 5.97741 -0.288701
868 5.98406 -0.212756
869 5.99072 -0.134208
870 5.99739 -0.053781
871 6.00405 0.0274925
872 6.01072 0.108761
873 6.01739 0.18946
874 6.02406 0.26781
875 6.03073 0.343182
876 6.03741 0.414379
877 6.04409 0.480966
878 6.05077 0.541679
879 6.05745 0.596136
880 6.06414 0.644081
881 6.07083 0.685112
882 6.07752 0.71926
883 6.08422 0.747627
884 6.09091 0.770214
885 6.09761 0.787246
886 6.10432 0.800833
887 6.11102 0.810898
888 6.11773 0.817843
889 6.12444 0.823408
890 6.13116 0.827197
891 6.13787 0.829154
892 6.14459 0.830731
893 6.15131 0.83168
894 6.15804 0.832553
895 6.16477 0.83368
896 6.1715 0.835292
897 6.17823 0.837583
898 6.18497 0.840473
899 6.19171 0.84325
900 6.19845 0.845196
901 6.20519 0.845661
902 6.21194 0.84342
903 6.21869 0.837348
904 6.22544 0.826926
905 6.23219 0.811383
906 6.23894 0.790066
907 6.2457 0.76299
908 6.25246 0.729945
909 6.25922 0.691013
910 6.26599 0.645976
911 6.27275 0.595012
912 6.27952 0.538963
913 6.28629 0.476965
914 6.29307 0.409923
915 6.29984 0.338179
916 6.30662 0.262478
917 6.31339 0.183511
918 6.32017 0.102187
919 6.32696 0.0191134
920 6.33374 -0.0641734
921 6.34053 -0.146807
922 6.34731 -0.227733
923 6.3541 -0.306016
924 6.36089 -0.380529
925 6.36769 -0.450509
926 6.37448 -0.514979
927 6.38128 -0.572894
928 6.38808 -0.62384
929 6.39489 -0.667724
930 6.40169 -0.704509
931 6.4085 -0.734037
932 6.41531 -0.757829
933 6.42212 -0.776285
934 6.42894 -0.789458
935 6.43576 -0.799705
936 6.44258 -0.805991
937 6.4494 -0.810327
938 6.45623 -0.813019
939 6.46306 -0.814682
940 6.46989 -0.81456
941 6.47672 -0.814034
942 6.48356 -0.813232
943 6.4904 -0.812463
944 6.49725 -0.81214
945 6.50409 -0.812523
946 6.51094 -0.813809
947 6.5178 -0.815819
948 6.52465 -0.81818
949 6.53151 -0.820203
950 6.53838 -0.82071
951 6.54524 -0.818679
952 6.55211 -0.812982
953 6.55898 -0.80265
954 6.56586 -0.786954
955 6.57273 -0.765224
956 6.57961 -0.737504
957 6.5865 -0.703481
958 6.59338 -0.663207
959 6.60027 -0.616972
960 6.60716 -0.564834
961 6.61406 -0.506927
962 6.62096 -0.44382
963 6.62786 -0.375526
964 6.63476 -0.302957
965 6.64166 -0.226408
966 6.64857 -0.14699
967 6.65548 -0.0652922
968 6.6624 0.0173917
969 6.66932 0.100285
970 6.67624 0.182498
971 6.68316 0.262566
972 6.69008 0.340054
973 6.69701 0.412
974 6.70395 0.47995
975 6.71088 0.541679
976 6.71782 0.596753
977 6.72476 0.645045
978 6.73171 0.685633
979 6.73866 0.719938
980 6.74561 0.747622
981 6.75257 0.769166
982 6.75953 0.786215
983 6.76649 0.799082
984 6.77346 0.808724
985 6.78044 0.815991
986 6.78741 0.821331
987 6.79439 0.825094
988 6.80138 0.827731
989 6.80837 0.829648
990 6.81536 0.831109
991 6.82236 0.832728
992 6.82936 0.834688
993 6.83636 0.837273
994 6.84337 0.840295
995 6.85039 0.843636
996 6.8574 0.846086
997 6.86443 0.846899
998 6.87145 0.844893
999 6.87848 0.838548
1000 6.88552 0.827448
1001 6.89255 0.810872
1002 6.8996 0.788053
1003 6.90664 0.758871
1004 6.91369 0.723226
1005 6.92074 0.681135
1006 6.9278 0.632744
1007 6.93486 0.578263
1008 6.94193 0.517566
1009 6.94899 0.451068
1010 6.95606 0.378967
1011 6.96314 0.302211
1012 6.97022 0.221539
1013 6.9773 0.137646
1014 6.98438 0.0519244
1015 6.99147 -0.0350281
1016 6.99856 -0.121529
1017 7.00566 -0.206583
1018 7.01275 -0.288988
1019 7.01986 -0.367614
1020 7.02696 -0.441754
1021 7.03407 -0.510092
1022 7.04119 -0.571049
1023 7.0483 -0.624753
1024 7.05542 -0.670665
1025 7.06255 -0.708869
1026 7.06968 -0.739235
1027 7.07681 -0.763132
1028 7.08394 -0.781437
1029 7.09108 -0.794792
1030 7.09822 -0.804062
1031 7.10536 -0.810268
1032 7.1125 -0.814171
1033 7.11964 -0.816298
1034 7.12678 -0.817012
1035 7.13392 -0.816818
1036 7.14106 -0.815937
1037 7.1482 -0.814924
1038 7.15533 -0.814211
1039 7.16245 -0.81419
1040 7.16958 -0.815035
1041 7.1767 -0.816746
1042 7.18382 -0.818938
1043 7.19094 -0.820816
1044 7.19805 -0.82154
1045 7.20516 -0.819465
1046 7.21226 -0.813639
1047 7.21937 -0.802755
1048 7.22646 -0.786142
1049 7.23356 -0.76307
1050 7.24065 -0.733716
1051 7.24774 -0.697524
1052 7.25482 -0.655005
1053 7.2619 -0.606185
1054 7.26897 -0.551226
1055 7.27605 -0.490427
1056 7.28311 -0.424294
1057 7.29018 -0.35317
1058 7.29724 -0.277642
1059 7.30429 -0.198462
1060 7.31135 -0.116583
1061 7.3184 -0.0329222
1062 7.32545 0.0513798
1063 7.33249 0.135317
1064 7.33954 0.21812
1065 7.34657 0.297998
1066 7.35361 0.374625
1067 7.36065 0.445875
1068 7.36768 0.511533
1069 7.37472 0.570587
1070 7.38175 0.622615
1071 7.38877 0.667265
1072 7.3958 0.704446
1073 7.40282 0.735063
1074 7.40984 0.759625
1075 7.41686 0.778531
1076 7.42388 0.79359
1077 7.4309 0.804404
1078 7.43791 0.812847
1079 7.44492 0.819125
1080 7.45193 0.823742
1081 7.45894 0.827037
1082 7.46594 0.829402
1083 7.47295 0.831166
1084 7.47995 0.832797
1085 7.48695 0.834632
1086 7.49395 0.836932
1087 7.50095 0.839792
1088 7.50795 0.842936
1089 7.51494 0.845782
1090 7.52193 0.847676
1091 7.52892 0.846722
1092 7.53591 0.842665
1093 7.54289 0.833932
1094 7.54987 0.820101
1095 7.55685 0.800391
1096 7.56383 0.774741
1097 7.5708 0.742675
1098 7.57778 0.704543
1099 7.58475 0.659832
1100 7.59172 0.60923
1101 7.59868 0.552817
1102 7.60564 0.490583
1103 7.6126 0.422922
1104 7.61956 0.350146
1105 7.62651 0.273224
1106 7.63347 0.192829
1107 7.64042 0.109906
1108 7.64737 0.0255383
1109 7.65432 -0.0594911
1110 7.66126 -0.143821
1111 7.66821 -0.226366
1112 7.67516 -0.306106
1113 7.6821 -0.382067
1114 7.68904 -0.453378
1115 7.69599 -0.518819
1116 7.70293 -0.577297
1117 7.70987 -0.628854
1118 7.71681 -0.673006
1119 7.72375 -0.709903
1120 7.73069 -0.739222
1121 7.73763 -0.762675
1122 7.74457 -0.781239
1123 7.75151 -0.794138
1124 7.75845 -0.803664
1125 7.76538 -0.81015
1126 7.77232 -0.814364
1127 7.77926 -0.816867
1128 7.7862 -0.818268
1129 7.79313 -0.817944
1130 7.80007 -0.817211
1131 7.807 -0.816171
1132 7.81394 -0.81521
1133 7.82087 -0.814707
1134 7.82781 -0.814888
1135 7.83474 -0.815968
1136 7.84168 -0.817715
1137 7.84861 -0.819653
1138 7.85555 -0.821105
1139 7.86249 -0.820666
1140 7.86942 -0.817528
1141 7.87635 -0.810237
1142 7.88328 -0.798152
1143 7.89022 -0.780418
1144 7.89715 -0.756529
1145 7.90408 -0.726566
1146 7.91101 -0.690215
1147 7.91794 -0.647611
1148 7.92487 -0.599083
1149 7.9318 -0.544788
1150 7.93872 -0.484912
1151 7.94565 -0.419894
1152 7.95258 -0.35015
1153 7.9595 -0.276294
1154 7.96643 -0.198916
1155 7.97336 -0.118875
1156 7.98028 -0.0370758
1157 7.98721 0.0454094
1158 7.99413 0.127741
1159 8.00106 0.209072
1160 8.00798 0.28804
1161 8.01491 0.363577
1162 8.02184 0.434413
1163 8.02876 0.499924
1164 8.03569 0.559333
1165 8.04261 0.612024
1166 8.04954 0.657666
1167 8.05647 0.69605
1168 8.06339 0.728371
1169 8.07032 0.753703
1170 8.07725 0.774438
1171 8.08417 0.790233
1172 8.0911 0.802947
1173 8.09803 0.81211
1174 8.10496 0.819411
1175 8.11189 0.824936
1176 8.11881 0.828959
1177 8.12574 0.831978
1178 8.13267 0.834276
1179 8.1396 0.836177
1180 8.14654 0.838188
1181 8.15347 0.840549
1182 8.1604 0.843391
1183 8.16733 0.846529
1184 8.17427 0.849629
1185 8.1812 0.852027
1186 8.18814 0.852131
1187 8.19507 0.849558
1188 8.20201 0.842608
1189 8.20894 0.830963
1190 8.21588 0.813793
1191 8.22281 0.790717
1192 8.22975 0.761475
1193 8.23669 0.725989
1194 8.24362 0.684257
1195 8.25056 0.636528
1196 8.25749 0.582904
1197 8.26443 0.52338
1198 8.27136 0.458274
1199 8.2783 0.387861
1200 8.28523 0.313055
1201 8.29216 0.234285
1202 8.2991 0.152369
1203 8.30603 0.0685192
1204 8.31296 -0.0165978
1205 8.3199 -0.101529
1206 8.32683 -0.185366
1207 8.33376 -0.266951
1208 8.3407 -0.345225
1209 8.34763 -0.419649
1210 8.35456 -0.488501
1211 8.3615 -0.551161
1212 8.36843 -0.606723
1213 8.37536 -0.655382
1214 8.3823 -0.696456
1215 8.38923 -0.729906
1216 8.39617 -0.757038
1217 8.4031 -0.77886
1218 8.41003 -0.794494
1219 8.41697 -0.806313
1220 8.4239 -0.814665
1221 8.43084 -0.820319
1222 8.43778 -0.824024
1223 8.44471 -0.826459
1224 8.45165 -0.826942
1225 8.45858 -0.826826
1226 8.46552 -0.82636
1227 8.47246 -0.8258
1228 8.47939 -0.825592
1229 8.48633 -0.826089
1230 8.49327 -0.827451
1231 8.50021 -0.829509
1232 8.50714 -0.831868
1233 8.51408 -0.833975
1234 8.52102 -0.834301
1235 8.52796 -0.831856
1236 8.5349 -0.825629
1237 8.54184 -0.814441
1238 8.54877 -0.797611
1239 8.55571 -0.774664
1240 8.56264 -0.745344
1241 8.56958 -0.709687
1242 8.57652 -0.667604
1243 8.58345 -0.619491
1244 8.59038 -0.565504
1245 8.59731 -0.505678
1246 8.60424 -0.440622
1247 8.61117 -0.370596
1248 8.6181 -0.296159
1249 8.62503 -0.217914
1250 8.63196 -0.136897
1251 8.63889 -0.0537578
1252 8.64582 0.0301904
1253 8.65275 0.114092
1254 8.65967 0.197185
1255 8.6666 0.27782
1256 8.67353 0.355595
1257 8.68045 0.42817
1258 8.68738 0.495992
1259 8.69431 0.557356
1260 8.70124 0.611988
1261 8.70816 0.659672
1262 8.71509 0.699735
1263 8.72202 0.733031
1264 8.72894 0.759854
1265 8.73587 0.781218
1266 8.7428 0.798102
1267 8.74972 0.810393
1268 8.75665 0.819983
1269 8.76358 0.827058
1270 8.77051 0.832297
1271 8.77743 0.835995
1272 8.78436 0.838577
1273 8.79129 0.840486
1274 8.79822 0.841949
1275 8.80514 0.843639
1276 8.81207 0.845719
1277 8.819 0.84843
1278 8.82593 0.851535
1279 8.83286 0.854772
1280 8.83978 0.857246
1281 8.84671 0.857661
1282 8.85363 0.855277
1283 8.86056 0.848526
1284 8.86748 0.837005
1285 8.8744 0.820122
1286 8.88133 0.796965
1287 8.88825 0.767777
1288 8.89517 0.732244
1289 8.90209 0.690483
1290 8.909 0.642757
1291 8.91592 0.588967
1292 8.92283 0.52931
1293 8.92975 0.463931
1294 8.93666 0.393164
1295 8.94357 0.317907
1296 8.95048 0.238694
1297 8.95739 0.156586
1298 8.96429 0.072359
1299 8.9712 -0.0132258
1300 8.9781 -0.0986464
1301 8.985 -0.182808
1302 8.9919 -0.264658
1303 8.9988 -0.34333
1304 9.0057 -0.417812
1305 9.0126 -0.48701
1306 9.01951 -0.549889
1307 9.0264 -0.605677
1308 9.0333 -0.654277
1309 9.0402 -0.695338
1310 9.04709 -0.72911
1311 9.05398 -0.755774
1312 9.06088 -0.776567
1313 9.06777 -0.792829
1314 9.07466 -0.803929
1315 9.08155 -0.811933
1316 9.08844 -0.817081
1317 9.09533 -0.820291
1318 9.10222 -0.821852
1319 9.1091 -0.822484
1320 9.11598 -0.821646
1321 9.12286 -0.820621
1322 9.12974 -0.81943
1323 9.13662 -0.818544
1324 9.1435 -0.818334
1325 9.15037 -0.818967
1326 9.15725 -0.820484
1327 9.16412 -0.822496
1328 9.17098 -0.824459
1329 9.17785 -0.825732
1330 9.18471 -0.824754
1331 9.19157 -0.820668
1332 9.19842 -0.812138
1333 9.20528 -0.798631
1334 9.21213 -0.779336
1335 9.21897 -0.75386
1336 9.22582 -0.722406
1337 9.23266 -0.684791
1338 9.2395 -0.641068
1339 9.24633 -0.591569
1340 9.25317 -0.536505
1341 9.26 -0.475989
1342 9.26682 -0.410537
1343 9.27365 -0.340514
1344 9.28047 -0.266528
1345 9.28729 -0.189241
1346 9.29411 -0.109445
1347 9.30093 -0.0280694
1348 9.30774 0.0538367
1349 9.31456 0.135436
1350 9.32137 0.215939
1351 9.32818 0.29379
1352 9.33498 0.368586
1353 9.34178 0.438238
1354 9.34858 0.503141
1355 9.35538 0.561739
1356 9.36219 0.613788
1357 9.369 0.659147
1358 9.37581 0.697319
1359 9.38263 0.729029
1360 9.38946 0.754615
1361 9.3963 0.775303
1362 9.40315 0.790935
1363 9.41001 0.803521
1364 9.41689 0.812563
1365 9.42378 0.819696
1366 9.43069 0.825061
1367 9.43762 0.828967
1368 9.44457 0.831783
1369 9.45153 0.833947
1370 9.4585 0.835647
1371 9.46548 0.837491
1372 9.47246 0.839686
1373 9.47945 0.842444
1374 9.48645 0.845598
1375 9.49345 0.848995
1376 9.50046 0.85139
1377 9.50748 0.851953
1378 9.51451 0.849765
1379 9.52154 0.843064
1380 9.52859 0.83157
1381 9.53565 0.814348
1382 9.54273 0.790898
1383 9.54982 0.760851
1384 9.55693 0.724085
1385 9.56405 0.68109
1386 9.57117 0.63142
1387 9.57831 0.575201
1388 9.58546 0.512869
1389 9.59262 0.444367
1390 9.5998 0.370267
1391 9.60698 0.291317
1392 9.61418 0.208229
1393 9.62138 0.122044
1394 9.6286 0.034088
1395 9.63582 -0.0549517
1396 9.64306 -0.143359
1397 9.6503 -0.229951
1398 9.65755 -0.31364
1399 9.66481 -0.393369
1400 9.67208 -0.467834
1401 9.67936 -0.535628
1402 9.68665 -0.595804
1403 9.69395 -0.64766
1404 9.70126 -0.692235
1405 9.70858 -0.72848
1406 9.71592 -0.75638
1407 9.72326 -0.778242
1408 9.73061 -0.794467
1409 9.73796 -0.805994
1410 9.74528 -0.813766
1411 9.75256 -0.818656
1412 9.75981 -0.821552
1413 9.76703 -0.822815
1414 9.77423 -0.822903
1415 9.78141 -0.822192
1416 9.78857 -0.82117
1417 9.79572 -0.820216
1418 9.80287 -0.819852
1419 9.81002 -0.820302
1420 9.81717 -0.821709
1421 9.82433 -0.823818
1422 9.83148 -0.826
1423 9.83864 -0.827421
1424 9.8458 -0.826444
1425 9.85297 -0.822073
1426 9.86014 -0.812692
1427 9.86731 -0.79778
1428 9.87448 -0.776405
1429 9.88165 -0.748303
1430 9.88883 -0.713301
1431 9.89601 -0.671626
1432 9.90319 -0.623393
1433 9.91037 -0.56866
1434 9.91757 -0.507695
1435 9.92476 -0.441007
1436 9.93196 -0.368908
1437 9.93917 -0.291992
1438 9.94639 -0.210966
1439 9.95361 -0.126938
1440 9.96083 -0.0406601
1441 9.96806 0.0463677
1442 9.9753 0.133242
1443 9.98255 0.218977
1444 9.9898 0.302008
1445 9.99706 0.381099
1446 10.0043 0.455103
1447 10.0116 0.522899
1448 10.0189 0.583491
1449 10.0262 0.636565
1450 10.0335 0.681489
1451 10.0408 0.719174
1452 10.0481 0.749366
1453 10.0555 0.773086
1454 10.0628 0.791448
1455 10.0701 0.805143
1456 10.0774 0.815327
1457 10.0846 0.822792
1458 10.0917 0.828285
1459 10.0989 0.83212
1460 10.106 0.834801
1461 10.1131 0.836791
1462 10.1202 0.838341
1463 10.1272 0.840125
1464 10.1343 0.842293
1465 10.1413 0.845139
1466 10.1484 0.848324
1467 10.1555 0.851357
1468 10.1625 0.853609
1469 10.1696 0.853626
1470 10.1767 0.850363
1471 10.1837 0.842283
1472 10.1908 0.828985
1473 10.1979 0.809818
1474 10.205 0.784178
1475 10.2121 0.75185
1476 10.2193 0.713038
1477 10.2264 0.667331
1478 10.2335 0.615188
1479 10.2407 0.556878
1480 10.2479 0.492161
1481 10.255 0.42156
1482 10.2622 0.345492
1483 10.2694 0.264681
1484 10.2766 0.180125
1485 10.2838 0.0930397
1486 10.291 0.00435118
1487 10.2983 -0.084752
1488 10.3055 -0.17289
1489 10.3127 -0.258694
1490 10.32 -0.341092
1491 10.3273 -0.419011
1492 10.3345 -0.491179
1493 10.3418 -0.556269
1494 10.3491 -0.613566
1495 10.3564 -0.662734
1496 10.3637 -0.703923
1497 10.371 -0.737081
1498 10.3783 -0.762414
1499 10.3857 -0.782002
1500 10.393 -0.796237
1501 10.4004 -0.806137
1502 10.4077 -0.812607
1503 10.415 -0.816507
1504 10.4223 -0.818529
1505 10.4295 -0.819061
1506 10.4367 -0.818568
1507 10.4439 -0.817355
1508 10.451 -0.815888
1509 10.4582 -0.814606
1510 10.4653 -0.814012
1511 10.4724 -0.814205
1512 10.4796 -0.815345
1513 10.4867 -0.817161
1514 10.4939 -0.818776
1515 10.501 -0.819658
1516 10.5082 -0.818222
1517 10.5153 -0.813338
1518 10.5225 -0.803432
1519 10.5297 -0.78779
1520 10.5368 -0.765806
1521 10.544 -0.737176
1522 10.5512 -0.701746
1523 10.5583 -0.659461
1524 10.5655 -0.610827
1525 10.5727 -0.55578
1526 10.5799 -0.494614
1527 10.5871 -0.427928
1528 10.5943 -0.355955
1529 10.6015 -0.279337
1530 10.6087 -0.198831
1531 10.6159 -0.1154
1532 10.6231 -0.030014
1533 10.6303 0.0560433
1534 10.6376 0.141856
1535 10.6448 0.226452
1536 10.6521 0.308081
1537 10.6593 0.385591
1538 10.6666 0.458356
1539 10.6739 0.524559
1540 10.6812 0.583856
1541 10.6885 0.635611
1542 10.6958 0.679225
1543 10.7031 0.715786
1544 10.7104 0.744827
1545 10.7177 0.767792
1546 10.7251 0.785469
1547 10.7324 0.79876
1548 10.7396 0.808686
1549 10.7468 0.816154
1550 10.754 0.821773
1551 10.7611 0.825768
1552 10.7683 0.828636
1553 10.7754 0.830761
1554 10.7824 0.832432
1555 10.7895 0.834261
1556 10.7966 0.836439
1557 10.8036 0.839139
1558 10.8107 0.842248
1559 10.8177 0.8453
1560 10.8248 0.84761
1561 10.8318 0.848067
1562 10.8389 0.845345
1563 10.846 0.838125
1564 10.8531 0.825883
1565 10.8602 0.807959
1566 10.8673 0.783706
1567 10.8744 0.752888
1568 10.8815 0.715489
1569 10.8886 0.67147
1570 10.8958 0.621045
1571 10.9029 0.564401
1572 10.9101 0.501532
1573 10.9173 0.432775
1574 10.9245 0.358531
1575 10.9316 0.279406
1576 10.9388 0.196542
1577 10.946 0.110772
1578 10.9533 0.0233387
1579 10.9605 -0.0648929
1580 10.9677 -0.152576
1581 10.975 -0.238065
1582 10.9822 -0.320696
1583 10.9895 -0.399302
1584 10.9967 -0.472662
1585 11.004 -0.539326
1586 11.0113 -0.598394
1587 11.0186 -0.64982
1588 11.0259 -0.693275
1589 11.0332 -0.728757
1590 11.0406 -0.756312
1591 11.0479 -0.777906
1592 11.0552 -0.79404
1593 11.0626 -0.805521
1594 11.0699 -0.813435
1595 11.0772 -0.818565
1596 11.0845 -0.821717
1597 11.0917 -0.823361
1598 11.0989 -0.82382
1599 11.1061 -0.823439
1600 11.1132 -0.822768
1601 11.1204 -0.822142
1602 11.1275 -0.822051
1603 11.1347 -0.822684
1604 11.1418 -0.82425
1605 11.149 -0.826457
1606 11.1561 -0.828712
1607 11.1632 -0.830155
1608 11.1704 -0.829104
1609 11.1776 -0.824599
1610 11.1847 -0.815271
1611 11.1919 -0.800226
1612 11.1991 -0.778741
1613 11.2062 -0.750595
1614 11.2134 -0.715588
1615 11.2206 -0.673762
1616 11.2277 -0.625518
1617 11.2349 -0.570841
1618 11.2421 -0.510006
1619 11.2493 -0.443494
1620 11.2565 -0.371582
1621 11.2637 -0.294893
1622 11.2709 -0.214115
1623 11.2781 -0.130321
1624 11.2854 -0.0442736
1625 11.2926 0.0426153
1626 11.2998 0.1294
1627 11.3071 0.214855
1628 11.3143 0.298035
1629 11.3216 0.37752
1630 11.3289 0.45162
1631 11.3361 0.519547
1632 11.3434 0.580738
1633 11.3507 0.634397
1634 11.358 0.67974
1635 11.3653 0.717978
1636 11.3727 0.748644
1637 11.38 0.772874
1638 11.3873 0.791639
1639 11.3946 0.805721
1640 11.4019 0.816163
1641 11.4091 0.823999
1642 11.4163 0.829803
1643 11.4234 0.833867
1644 11.4305 0.836721
1645 11.4376 0.838817
1646 11.4447 0.84037
1647 11.4517 0.842081
1648 11.4588 0.844131
1649 11.4658 0.846767
1650 11.4729 0.849821
1651 11.48 0.852816
1652 11.487 0.855089
1653 11.4941 0.855488
1654 11.5011 0.852651
1655 11.5082 0.845221
1656 11.5153 0.832732
1657 11.5224 0.814414
1658 11.5295 0.789703
1659 11.5366 0.75839
1660 11.5437 0.720448
1661 11.5508 0.675788
1662 11.558 0.624681
1663 11.5651 0.567366
1664 11.5723 0.503833
1665 11.5795 0.434234
1666 11.5866 0.359128
1667 11.5938 0.279271
1668 11.601 0.195497
1669 11.6082 0.108899
1670 11.6155 0.0205723
1671 11.6227 -0.0685057
1672 11.6299 -0.156914
1673 11.6371 -0.243063
1674 11.6444 -0.326213
1675 11.6517 -0.405177
1676 11.6589 -0.478281
1677 11.6662 -0.545145
1678 11.6735 -0.60432
1679 11.6808 -0.65524
1680 11.6881 -0.69829
1681 11.6954 -0.733227
1682 11.7027 -0.760207
1683 11.7101 -0.781152
1684 11.7174 -0.796698
1685 11.7247 -0.80771
1686 11.7321 -0.815157
1687 11.7394 -0.819806
1688 11.7466 -0.822527
1689 11.7539 -0.823679
1690 11.7611 -0.823702
1691 11.7683 -0.822967
1692 11.7754 -0.821913
1693 11.7826 -0.820993
1694 11.7897 -0.820661
1695 11.7968 -0.821129
1696 11.804 -0.822608
1697 11.8111 -0.824674
1698 11.8183 -0.826911
1699 11.8254 -0.828308
1700 11.8326 -0.827197
1701 11.8397 -0.822724
1702 11.8469 -0.813319
1703 11.8541 -0.798316
1704 11.8612 -0.776727
1705 11.8684 -0.748429
1706 11.8756 -0.713401
1707 11.8828 -0.671465
1708 11.8899 -0.623078
1709 11.8971 -0.568265
1710 11.9043 -0.507325
1711 11.9115 -0.440672
1712 11.9187 -0.368557
1713 11.9259 -0.291736
1714 11.9331 -0.210953
1715 11.9403 -0.127174
1716 11.9476 -0.0411674
1717 11.9548 0.0456367
1718 11.962 0.132324
1719 11.9693 0.217617
1720 11.9765 0.300631
1721 11.9838 0.379921
1722 11.991 0.453667
1723 11.9983 0.521363
1724 12.0056 0.582137
1725 12.0129 0.635364
1726 12.0202 0.680232
1727 12.0275 0.718227
1728 12.0349 0.748222
1729 12.0422 0.772072
1730 12.0495 0.79057
1731 12.0568 0.804469
1732 12.0641 0.814797
1733 12.0713 0.822574
1734 12.0785 0.828403
1735 12.0856 0.832492
1736 12.0927 0.835461
1737 12.0998 0.837622
1738 12.1069 0.839288
1739 12.1139 0.841068
1740 12.121 0.843201
1741 12.128 0.845896
1742 12.1351 0.849004
1743 12.1421 0.852131
1744 12.1492 0.854517
1745 12.1563 0.85521
1746 12.1633 0.852468
1747 12.1704 0.845614
1748 12.1775 0.833602
1749 12.1846 0.815723
1750 12.1916 0.791506
1751 12.1988 0.760722
1752 12.2059 0.723299
1753 12.213 0.679143
1754 12.2201 0.628465
1755 12.2273 0.571527
1756 12.2345 0.508358
1757 12.2416 0.439075
1758 12.2488 0.364267
1759 12.256 0.284498
1760 12.2632 0.200809
1761 12.2704 0.11429
1762 12.2776 0.0259256
1763 12.2848 -0.063247
1764 12.2921 -0.151866
1765 12.2993 -0.238361
1766 12.3065 -0.321781
1767 12.3138 -0.401164
1768 12.3211 -0.474785
1769 12.3283 -0.54227
1770 12.3356 -0.601955
1771 12.3429 -0.653475
1772 12.3502 -0.69695
1773 12.3575 -0.731824
1774 12.3649 -0.759791
1775 12.3722 -0.781109
1776 12.3795 -0.796915
1777 12.3869 -0.808122
1778 12.3942 -0.815688
1779 12.4015 -0.820431
1780 12.4088 -0.823186
1781 12.416 -0.824327
1782 12.4232 -0.824337
1783 12.4304 -0.823547
1784 12.4376 -0.82242
1785 12.4447 -0.821385
1786 12.4519 -0.820871
1787 12.459 -0.821181
1788 12.4662 -0.82248
1789 12.4733 -0.824419
1790 12.4804 -0.826569
1791 12.4876 -0.82771
1792 12.4947 -0.826932
1793 12.5019 -0.822688
1794 12.5091 -0.8137
1795 12.5162 -0.799
1796 12.5234 -0.777868
1797 12.5306 -0.749999
1798 12.5377 -0.7155
1799 12.5449 -0.674003
1800 12.5521 -0.626074
1801 12.5593 -0.571711
1802 12.5665 -0.511149
1803 12.5737 -0.444874
1804 12.5809 -0.373124
1805 12.5881 -0.296596
1806 12.5953 -0.216058
1807 12.6025 -0.132465
1808 12.6097 -0.0465541
1809 12.6169 0.0402183
1810 12.6242 0.12696
1811 12.6314 0.212397
1812 12.6387 0.295637
1813 12.6459 0.374978
1814 12.6532 0.449439
1815 12.6605 0.517653
1816 12.6677 0.578778
1817 12.675 0.632292
1818 12.6823 0.677682
1819 12.6897 0.716054
1820 12.697 0.746355
1821 12.7043 0.770506
1822 12.7117 0.7892
1823 12.719 0.803361
1824 12.7262 0.813976
1825 12.7334 0.821918
1826 12.7406 0.827832
1827 12.7478 0.832102
1828 12.7549 0.835221
1829 12.762 0.837496
1830 12.7691 0.839273
1831 12.7761 0.841095
1832 12.7832 0.843248
1833 12.7902 0.845944
1834 12.7973 0.84903
1835 12.8043 0.852168
1836 12.8114 0.854589
1837 12.8185 0.855346
1838 12.8255 0.852717
1839 12.8326 0.846124
1840 12.8397 0.83426
1841 12.8468 0.816693
1842 12.8539 0.792814
1843 12.861 0.762351
1844 12.8681 0.725269
1845 12.8752 0.681495
1846 12.8824 0.631195
1847 12.8895 0.574567
1848 12.8967 0.511695
1849 12.9039 0.442716
1850 12.911 0.368179
1851 12.9182 0.288592
1852 12.9254 0.205114
1853 12.9326 0.118607
1854 12.9398 0.0303935
1855 12.9471 -0.058855
1856 12.9543 -0.147521
1857 12.9615 -0.234063
1858 12.9688 -0.317675
1859 12.976 -0.397262
1860 12.9833 -0.471182
1861 12.9906 -0.539005
1862 12.9979 -0.598994
1863 13.0052 -0.650946
1864 13.0125 -0.694969
1865 13.0198 -0.730341
1866 13.0271 -0.75857
1867 13.0344 -0.780234
1868 13.0418 -0.796341
1869 13.0491 -0.807752
1870 13.0565 -0.815445
1871 13.0638 -0.820263
1872 13.071 -0.823059
1873 13.0783 -0.824182
1874 13.0855 -0.824186
1875 13.0927 -0.823367
1876 13.0998 -0.822184
1877 13.107 -0.821038
1878 13.1141 -0.820427
1879 13.1213 -0.82061
1880 13.1284 -0.821789
1881 13.1356 -0.823638
1882 13.1427 -0.825743
1883 13.1499 -0.826946
1884 13.157 -0.826378
1885 13.1642 -0.822429
1886 13.1713 -0.813789
1887 13.1785 -0.799643
1888 13.1857 -0.779043
1889 13.1928 -0.751675
1890 13.2 -0.717665
1891 13.2072 -0.676742
1892 13.2144 -0.629291
1893 13.2215 -0.575377
1894 13.2287 -0.515293
1895 13.2359 -0.449408
1896 13.2431 -0.378045
1897 13.2503 -0.301835
1898 13.2575 -0.22157
1899 13.2648 -0.138153
1900 13.272 -0.0524104
1901 13.2792 0.0342894
1902 13.2864 0.121029
1903 13.2937 0.206542
1904 13.3009 0.289932
1905 13.3082 0.369477
1906 13.3155 0.444084
1907 13.3227 0.512674
1908 13.33 0.574202
1909 13.3373 0.628102
1910 13.3446 0.674009
1911 13.3519 0.712831
1912 13.3592 0.743596
1913 13.3666 0.768146
1914 13.3739 0.787214
1915 13.3812 0.801704
1916 13.3885 0.812553
1917 13.3957 0.820749
1918 13.4029 0.826812
1919 13.41 0.831275
1920 13.4172 0.834486
1921 13.4243 0.836839
1922 13.4313 0.838656
1923 13.4384 0.840507
1924 13.4455 0.842629
1925 13.4525 0.845294
1926 13.4596 0.84836
1927 13.4666 0.851531
1928 13.4737 0.854042
1929 13.4807 0.854966
1930 13.4878 0.852673
1931 13.4949 0.846381
1932 13.502 0.83486
1933 13.509 0.817822
1934 13.5161 0.794343
1935 13.5233 0.76439
1936 13.5304 0.727779
1937 13.5375 0.684489
1938 13.5446 0.634672
1939 13.5518 0.578551
1940 13.559 0.516127
1941 13.5661 0.447622
1942 13.5733 0.373552
1943 13.5805 0.294385
1944 13.5877 0.211268
1945 13.5949 0.12502
1946 13.6021 0.0370026
1947 13.6093 -0.0521735
1948 13.6166 -0.14084
1949 13.6238 -0.227524
1950 13.6311 -0.311389
1951 13.6383 -0.391337
1952 13.6456 -0.465683
1953 13.6528 -0.534038
1954 13.6601 -0.594682
1955 13.6674 -0.646864
1956 13.6747 -0.691755
1957 13.682 -0.728402
1958 13.6894 -0.756539
1959 13.6967 -0.778708
1960 13.704 -0.795125
1961 13.7114 -0.806847
1962 13.7187 -0.814785
1963 13.726 -0.819736
1964 13.7333 -0.822663
1965 13.7405 -0.823926
1966 13.7478 -0.824036
1967 13.7549 -0.823286
1968 13.7621 -0.822159
1969 13.7693 -0.820989
1970 13.7764 -0.820316
1971 13.7835 -0.820419
1972 13.7907 -0.821484
1973 13.7978 -0.823268
1974 13.805 -0.825168
1975 13.8121 -0.826467
1976 13.8193 -0.826094
1977 13.8264 -0.822456
1978 13.8336 -0.814375
1979 13.8408 -0.800709
1980 13.8479 -0.780748
1981 13.8551 -0.754076
1982 13.8623 -0.720757
1983 13.8695 -0.68046
1984 13.8766 -0.633664
1985 13.8838 -0.580393
1986 13.891 -0.520911
1987 13.8982 -0.455586
1988 13.9054 -0.384773
1989 13.9126 -0.309031
1990 13.9198 -0.22913
1991 13.927 -0.145953
1992 13.9342 -0.0605218
1993 13.9415 0.0262005
1994 13.9487 0.112947
1995 13.9559 0.198552
1996 13.9632 0.282176
1997 13.9704 0.362042
1998 13.9777 0.437117
1999 13.985 0.506294
2000 13.9923 0.568453
2001 13.9996 0.623111
2002 14.0069 0.67029
2003 14.0142 0.709405
2004 14.0215 0.740979
2005 14.0288 0.766152
2006 14.0362 0.785765
2007 14.0435 0.80071
2008 14.0507 0.811924
2009 14.058 0.820367
2010 14.0652 0.826627
2011 14.0723 0.831237
2012 14.0794 0.834546
2013 14.0865 0.836971
2014 14.0936 0.838822
2015 14.1007 0.840668
2016 14.1078 0.842787
2017 14.1148 0.845446
2018 14.1219 0.848537
2019 14.1289 0.851775
2020 14.136 0.854413
2021 14.143 0.855546
2022 14.1501 0.853495
2023 14.1572 0.84756
2024 14.1643 0.836409
2025 14.1714 0.819837
2026 14.1785 0.796769
2027 14.1856 0.767184
2028 14.1927 0.731048
2029 14.1998 0.688215
2030 14.207 0.638928
2031 14.2141 0.583231
2032 14.2213 0.521158
2033 14.2284 0.453121
2034 14.2356 0.379517
2035 14.2428 0.300612
2036 14.25 0.217764
2037 14.2572 0.131726
2038 14.2644 0.043818
2039 14.2716 -0.0453245
2040 14.2789 -0.13402
2041 14.2861 -0.220864
2042 14.2934 -0.305005
2043 14.3006 -0.385354
2044 14.3079 -0.460183
2045 14.3152 -0.529126
2046 14.3224 -0.590425
2047 14.3297 -0.643333
2048 14.337 -0.688907
2049 14.3444 -0.726157
2050 14.3517 -0.754992
2051 14.359 -0.777699
2052 14.3664 -0.79454
2053 14.3737 -0.806644
2054 14.381 -0.814854
2055 14.3884 -0.820018
2056 14.3956 -0.823092
2057 14.4029 -0.824525
2058 14.4101 -0.824672
2059 14.4173 -0.824008
2060 14.4244 -0.822892
2061 14.4316 -0.821748
2062 14.4387 -0.821083
2063 14.4459 -0.821169
2064 14.453 -0.822221
2065 14.4602 -0.824054
2066 14.4673 -0.826166
2067 14.4745 -0.827578
2068 14.4816 -0.827411
2069 14.4888 -0.823975
2070 14.4959 -0.816247
2071 14.5031 -0.80296
2072 14.5103 -0.78335
2073 14.5175 -0.757088
2074 14.5246 -0.724147
2075 14.5318 -0.684196
2076 14.539 -0.637755
2077 14.5462 -0.584773
2078 14.5533 -0.525572
2079 14.5605 -0.460388
2080 14.5677 -0.38979
2081 14.5749 -0.314193
2082 14.5822 -0.234344
2083 14.5894 -0.151182
2084 14.5966 -0.0656635
2085 14.6038 0.0212156
2086 14.6111 0.108171
2087 14.6183 0.194066
2088 14.6255 0.278016
2089 14.6328 0.358279
2090 14.6401 0.433796
2091 14.6473 0.503466
2092 14.6546 0.566125
2093 14.6619 0.621318
2094 14.6692 0.669111
2095 14.6765 0.708678
2096 14.6838 0.740799
2097 14.6912 0.766402
2098 14.6985 0.786333
2099 14.7058 0.801548
2100 14.7131 0.812877
2101 14.7203 0.821353
2102 14.7275 0.827603
2103 14.7347 0.832177
2104 14.7418 0.835408
2105 14.7489 0.837759
2106 14.756 0.839515
2107 14.7631 0.841287
2108 14.7701 0.843317
2109 14.7772 0.845873
2110 14.7842 0.848902
2111 14.7913 0.852126
2112 14.7984 0.854776
2113 14.8054 0.856001
2114 14.8125 0.854048
2115 14.8196 0.848264
2116 14.8266 0.837347
2117 14.8337 0.820979
2118 14.8408 0.798163
2119 14.8479 0.768784
2120 14.8551 0.732842
2121 14.8622 0.690249
2122 14.8693 0.641192
2123 14.8765 0.585651
2124 14.8836 0.523804
2125 14.8908 0.455894
2126 14.898 0.382439
2127 14.9052 0.303692
2128 14.9124 0.220942
2129 14.9196 0.134973
2130 14.9268 0.0470526
2131 14.934 -0.0420863
2132 14.9412 -0.130841
2133 14.9485 -0.217822
2134 14.9557 -0.302071
2135 14.963 -0.38257
2136 14.9702 -0.457594
2137 14.9775 -0.526595
2138 14.9848 -0.588215
2139 14.9921 -0.641769
2140 14.9994 -0.687212
2141 15.0067 -0.724552
