0 0 0
1 0.00113636 0.000396215
2 0.00496119 -0.000169307
3 0.0101292 -4.34327e-05
4 0.016626 -1.89686e-05
5 0.0243698 -2.59219e-06
6 0.0332444 8.66943e-06
7 0.0431398 1.93976e-05
8 0.0539464 1.97532e-05
9 0.0655846 -5.50618e-07
10 0.0779873 3.65161e-06
11 0.0911053 1.46919e-05
12 0.104896 2.8617e-05
13 0.119316 3.7357e-05
14 0.134315 3.97545e-05
15 0.149842 3.90809e-05
16 0.165846 4.0088e-05
17 0.182285 3.78963e-05
18 0.199123 3.72828e-05
19 0.21633 3.84898e-05
20 0.233881 2.44443e-05
21 0.251751 3.84429e-05
22 0.269922 4.19647e-05
23 0.288372 2.1862e-05
24 0.307088 3.96554e-05
25 0.326054 4.062e-05
26 0.345257 4.27619e-05
27 0.364683 4.31888e-05
28 0.384324 4.7784e-05
29 0.404169 2.8145e-05
30 0.424211 5.06529e-05
31 0.444433 6.6265e-05
32 0.464819 6.33341e-05
33 0.485354 7.80682e-05
34 0.506025 8.15917e-05
35 0.526819 8.5507e-05
36 0.547726 8.29006e-05
37 0.568737 9.06735e-05
38 0.589842 9.77749e-05
39 0.611034 0.000109838
40 0.632306 0.000109845
41 0.653653 0.000111553
42 0.67507 0.000121574
43 0.696553 0.000126733
44 0.7181 0.0001355
45 0.739707 0.000135518
46 0.761373 0.000152349
47 0.783097 0.000159502
48 0.804878 0.000172117
49 0.826716 0.000182921
50 0.848611 0.000192079
51 0.870562 0.000194459
52 0.892566 0.000201713
53 0.914619 0.000220243
54 0.936716 0.000232414
55 0.958855 0.000229467
56 0.981033 0.000227059
57 1.00325 0.00016707
58 1.0255 0.000200415
59 1.04778 0.000204132
60 1.07009 0.000214669
61 1.09243 0.000250007
62 1.11481 0.000224245
63 1.13721 0.000229032
64 1.15964 0.000252857
65 1.1821 0.000276022
66 1.20458 0.000257547
67 1.2271 0.000268863
68 1.24964 0.00027624
69 1.27221 0.000282734
70 1.2948 0.00028794
71 1.31743 0.000264481
72 1.34007 0.000291788
73 1.36275 0.000277024
74 1.38544 0.000262608
75 1.40816 0.000250317
76 1.4309 0.000255039
77 1.45365 0.000251039
78 1.47642 0.000236342
79 1.4992 0.000231327
80 1.522 0.000221303
81 1.54481 0.000209132
82 1.56764 0.000196626
83 1.59047 0.000185428
84 1.61332 0.000188638
85 1.63618 0.000155806
86 1.65905 0.000118639
87 1.68193 0.000110483
88 1.70482 9.10663e-05
89 1.72772 6.9091e-05
90 1.75063 4.18863e-05
91 1.77355 -1.39985e-05
92 1.79648 -5.57253e-05
93 1.81941 -8.42286e-05
94 1.84235 -0.000132236
95 1.86531 -0.000164044
96 1.88827 -0.00021492
97 1.91124 -0.000322752
98 1.93422 -0.00038616
99 1.95721 -0.00051457
100 1.98021 -0.000511217
101 2.00322 -0.000522934
102 2.02625 -0.000592415
103 2.04928 -0.000612613
104 2.07233 -0.000588057
105 2.09539 -0.00059982
106 2.11846 -0.000656155
107 2.14154 -0.000716521
108 2.16464 -0.000841045
109 2.18774 -0.000906024
110 2.21086 -0.000932815
111 2.23398 -0.000957634
112 2.25712 -0.00101041
113 2.28027 -0.00129604
114 2.30343 -0.00134742
115 2.3266 -0.00146144
116 2.34979 -0.00157573
117 2.37298 -0.00177561
118 2.39619 -0.00198155
119 2.4194 -0.00209362
120 2.44263 -0.00235751
121 2.46587 -0.00244087
122 2.48912 -0.00245989
123 2.51238 -0.00249813
124 2.53565 -0.00362448
125 2.55894 -0.00369315
126 2.58223 -0.00375195
127 2.60554 -0.00382832
128 2.62885 -0.00384611
129 2.65218 -0.00390443
130 2.67552 -0.00367638
131 2.69888 -0.00294313
132 2.72224 -0.00275782
133 2.74562 -0.00256895
134 2.76901 -0.00246493
135 2.79241 -0.00233272
136 2.81582 -0.00233178
137 2.83925 -0.00290649
138 2.86268 -0.0028078
139 2.88612 -0.00191775
140 2.90958 -0.00186111
141 2.93304 -0.00149802
142 2.95651 -0.00117129
143 2.97998 -0.000799387
144 3.00347 -0.000552291
145 3.02697 -0.000186075
146 3.05047 0.00155912
147 3.07398 0.00235975
148 3.0975 0.0026931
149 3.12102 0.00304028
150 3.14456 0.00310296
151 3.1681 0.00317478
152 3.19165 0.00350995
153 3.21521 0.00385291
154 3.23877 0.00425128
155 3.26234 0.00475619
156 3.28592 0.00535127
157 3.30951 0.00620665
158 3.3331 0.00674106
159 3.35671 0.00722057
160 3.38032 0.00775696
161 3.40393 0.0078153
162 3.42755 0.00808981
163 3.45119 0.00848669
164 3.47482 0.00888482
165 3.49847 0.00920901
166 3.52212 0.00953762
167 3.54578 0.00986087
168 3.56945 0.0100488
169 3.59312 0.0106003
170 3.6168 0.0110203
171 3.64049 0.0112043
172 3.66418 0.0113762
173 3.68789 0.0115288
174 3.71159 0.011656
175 3.73531 0.0118219
176 3.75904 0.0117838
177 3.78277 0.011737
178 3.80651 0.0115974
179 3.83025 0.0114745
180 3.854 0.011256
181 3.87776 0.0109785
182 3.90153 0.0106193
183 3.9253 0.0102299
184 3.94907 0.00979399
185 3.97285 0.00930791
186 3.99663 0.00878242
187 4.02041 0.00799643
188 4.0442 0.00725195
189 4.06799 0.00666819
190 4.09178 0.00599741
191 4.11558 0.00530841
192 4.13937 0.00453634
193 4.16317 0.00377067
194 4.18697 0.00296961
195 4.21078 0.00213505
196 4.23411 0.0013408
197 4.25745 0.000493406
198 4.2808 -0.000391135
199 4.3042 -0.00128103
200 4.32763 -0.00222451
201 4.35109 -0.00319386
202 4.37458 -0.00415754
203 4.39808 -0.00515132
204 4.4216 -0.00624211
205 4.44514 -0.007335
206 4.46871 -0.00844726
207 4.4923 -0.00956831
208 4.51591 -0.0106635
209 4.53954 -0.0118441
210 4.56317 -0.0130003
211 4.58681 -0.0140462
212 4.61046 -0.0151196
213 4.63413 -0.016068
214 4.65781 -0.0170559
215 4.68151 -0.0180733
216 4.70522 -0.0191945
217 4.72895 -0.0201058
218 4.75268 -0.0209715
219 4.77641 -0.0217932
220 4.80015 -0.0225654
221 4.8239 -0.0232776
222 4.84765 -0.0239307
223 4.8714 -0.0245457
224 4.89515 -0.0250569
225 4.91891 -0.0254561
226 4.94267 -0.0258153
227 4.96643 -0.0260866
228 4.9902 -0.0262966
229 5.01397 -0.0264265
230 5.03773 -0.0264643
231 5.0615 -0.0264122
232 5.08527 -0.0267669
233 5.10864 -0.0266851
234 5.13201 -0.0263558
235 5.15539 -0.0259938
236 5.17881 -0.0255564
237 5.20226 -0.0249549
238 5.22573 -0.0241782
239 5.24922 -0.0234896
240 5.27273 -0.0226272
241 5.29625 -0.0216659
242 5.3198 -0.0206148
243 5.34336 -0.0194943
244 5.36693 -0.0181636
245 5.39052 -0.016916
246 5.41412 -0.0155063
247 5.43773 -0.0141234
248 5.46135 -0.0126142
249 5.48497 -0.0109319
250 5.5086 -0.00923359
251 5.53223 -0.00749772
252 5.55587 -0.00566392
253 5.57951 -0.00381898
254 5.60316 -0.0017876
255 5.6268 9.40825e-05
256 5.65044 0.0020982
257 5.67408 0.00415428
258 5.69772 0.00621665
259 5.72134 0.00830811
260 5.74496 0.0104046
261 5.76857 0.0125316
262 5.79217 0.0146423
263 5.81577 0.0167041
264 5.83936 0.0188497
265 5.86294 0.0209128
266 5.88652 0.0228883
267 5.91009 0.0248595
268 5.93366 0.0268369
269 5.95722 0.0285903
270 5.98076 0.0302123
271 6.00431 0.0319254
272 6.02786 0.0336207
273 6.0514 0.0351693
274 6.07493 0.036382
275 6.09847 0.0376437
276 6.122 0.038887
277 6.14553 0.0400069
278 6.16906 0.0410092
279 6.19255 0.0419228
280 6.21605 0.0427327
281 6.23956 0.0433988
282 6.26308 0.0441336
283 6.2866 0.0443443
284 6.31014 0.044608
285 6.33368 0.0446431
286 6.35723 0.0445389
287 6.38078 0.0443035
288 6.40433 0.0437978
289 6.42789 0.0431266
290 6.45145 0.0424139
291 6.47503 0.041516
292 6.49861 0.0404614
293 6.52221 0.0393621
294 6.5458 0.037934
295 6.5694 0.0364346
296 6.59301 0.0347035
297 6.61662 0.0329388
298 6.64025 0.0309282
299 6.66388 0.0288011
300 6.68753 0.026578
301 6.71118 0.0241109
302 6.73484 0.0216591
303 6.75851 0.0190561
304 6.78218 0.0162473
305 6.80586 0.0132897
306 6.82954 0.0102769
307 6.85322 0.0071154
308 6.8769 0.00389021
309 6.90058 0.000653376
310 6.92424 -0.00284414
311 6.94789 -0.00633476
312 6.97154 -0.00993889
313 6.99517 -0.0133457
314 7.0188 -0.0168689
315 7.04241 -0.0205326
316 7.06602 -0.0241385
317 7.08961 -0.0275672
318 7.1132 -0.0310876
319 7.13677 -0.0345714
320 7.16034 -0.0380624
321 7.1839 -0.0414955
322 7.20744 -0.0449552
323 7.23099 -0.048134
324 7.25452 -0.0512727
325 7.27804 -0.0543407
326 7.30156 -0.0574061
327 7.32507 -0.0602553
328 7.34857 -0.0629282
329 7.37207 -0.0653318
330 7.39553 -0.067547
331 7.419 -0.0694769
332 7.44248 -0.0712514
333 7.46596 -0.0727733
334 7.48945 -0.0739885
335 7.51295 -0.0749109
336 7.53645 -0.0757627
337 7.55996 -0.0763599
338 7.58345 -0.076721
339 7.60695 -0.0768335
340 7.63045 -0.0766962
341 7.65395 -0.0763982
342 7.67747 -0.0758742
343 7.70099 -0.0750656
344 7.72451 -0.0737621
345 7.74804 -0.0725243
346 7.77157 -0.0709054
347 7.79511 -0.0691217
348 7.81866 -0.0670148
349 7.84222 -0.0646571
350 7.86578 -0.0621288
351 7.88934 -0.0595103
352 7.91291 -0.0564172
353 7.93649 -0.053105
354 7.96008 -0.0495621
355 7.98367 -0.0458382
356 8.00726 -0.0419304
357 8.03087 -0.0376702
358 8.05447 -0.0332067
359 8.07809 -0.0284055
360 8.10171 -0.0236205
361 8.12534 -0.0186105
362 8.14898 -0.0132438
363 8.17262 -0.00780755
364 8.19627 -0.00213939
365 8.21992 0.00360846
366 8.24358 0.0096771
367 8.26723 0.0157258
368 8.29087 0.0219284
369 8.3145 0.0281684
370 8.33812 0.0344307
371 8.36172 0.0406597
372 8.3853 0.0468636
373 8.40887 0.0530275
374 8.43243 0.059206
375 8.45597 0.0653051
376 8.47949 0.0709676
377 8.503 0.0766005
378 8.5265 0.0820659
379 8.54999 0.0871215
380 8.57346 0.0919518
381 8.59692 0.0966324
382 8.62038 0.100906
383 8.64383 0.104762
384 8.66726 0.108264
385 8.69069 0.111469
386 8.71411 0.114231
387 8.73752 0.116453
388 8.76092 0.118137
389 8.78431 0.11961
390 8.8077 0.120635
391 8.83109 0.121239
392 8.85447 0.121276
393 8.87784 0.121117
394 8.90122 0.120485
395 8.9246 0.119403
396 8.94799 0.118114
397 8.97138 0.116389
398 8.99477 0.114461
399 9.01817 0.112211
400 9.04157 0.109725
401 9.06499 0.106785
402 9.0884 0.103605
403 9.11182 0.100141
404 9.13524 0.0964064
405 9.15867 0.0922769
406 9.1821 0.0878992
407 9.20554 0.0834144
408 9.22898 0.0785212
409 9.25243 0.0731146
410 9.27588 0.0674067
411 9.29934 0.0616551
412 9.3228 0.055477
413 9.34627 0.0489347
414 9.36975 0.0419853
415 9.39324 0.0348137
416 9.41673 0.0274005
417 9.44023 0.0197744
418 9.46375 0.011713
419 9.48727 0.00353794
420 9.51081 -0.00482698
421 9.53436 -0.0133656
422 9.55792 -0.0219981
423 9.58148 -0.0307785
424 9.60504 -0.039636
425 9.62861 -0.0486876
426 9.65216 -0.0577134
427 9.67569 -0.066572
428 9.69919 -0.0754069
429 9.72268 -0.0840911
430 9.74614 -0.0925485
431 9.76959 -0.100785
432 9.79301 -0.108828
433 9.81642 -0.116149
434 9.83981 -0.122969
435 9.86319 -0.129293
436 9.88654 -0.13515
437 9.90989 -0.140467
438 9.93321 -0.144894
439 9.95652 -0.14864
440 9.97982 -0.151881
441 10.0031 -0.154234
442 10.0264 -0.155997
443 10.0496 -0.156937
444 10.0729 -0.157468
445 10.0961 -0.157544
446 10.1193 -0.157025
447 10.1426 -0.156135
448 10.1658 -0.154888
449 10.189 -0.153254
450 10.2122 -0.151651
451 10.2354 -0.149564
452 10.2586 -0.147163
453 10.2817 -0.144557
454 10.3049 -0.141574
455 10.3281 -0.13788
456 10.3514 -0.134385
457 10.3746 -0.12959
458 10.3978 -0.125698
459 10.421 -0.121321
460 10.4442 -0.116641
461 10.4674 -0.111424
462 10.4907 -0.105888
463 10.5139 -0.0997857
464 10.5371 -0.0931244
465 10.5604 -0.0859294
466 10.5836 -0.0782711
467 10.6069 -0.0700243
468 10.6302 -0.0617154
469 10.6534 -0.053043
470 10.6767 -0.0438052
471 10.7 -0.0341529
472 10.7233 -0.0239682
473 10.7466 -0.0137704
474 10.7699 -0.00322487
475 10.7932 0.00762205
476 10.8165 0.0187361
477 10.8399 0.029827
478 10.8632 0.0408542
479 10.8866 0.0521155
480 10.91 0.0634884
481 10.9334 0.0748775
482 10.9568 0.0861177
483 10.9802 0.0989139
484 11.0036 0.110412
485 11.0269 0.121073
486 11.0503 0.131037
487 11.0736 0.140103
488 11.0968 0.148658
489 11.1199 0.155887
490 11.143 0.162429
491 11.1661 0.16779
492 11.1892 0.172477
493 11.2124 0.175974
494 11.2356 0.178505
495 11.2589 0.180228
496 11.2822 0.181079
497 11.3055 0.181323
498 11.3288 0.180972
499 11.3522 0.180135
500 11.3755 0.178886
501 11.399 0.177544
502 11.4224 0.175864
503 11.4459 0.174023
504 11.4693 0.171509
505 11.4928 0.169227
506 11.5162 0.166619
507 11.5397 0.163504
508 11.5631 0.16035
509 11.5866 0.156958
510 11.6101 0.153186
511 11.6336 0.149072
512 11.6571 0.14462
513 11.6806 0.139466
514 11.7034 0.133822
515 11.7263 0.127868
516 11.7492 0.120835
517 11.7721 0.113845
518 11.7951 0.105937
519 11.8181 0.0974738
520 11.8412 0.0884839
521 11.8643 0.0789616
522 11.8874 0.0689231
523 11.9105 0.0586367
524 11.9337 0.0475148
525 11.9569 0.0359666
526 11.9801 0.0239539
527 12.0033 0.011456
528 12.0265 -0.00101947
529 12.0497 -0.0141673
530 12.073 -0.0272717
531 12.0962 -0.0411005
532 12.1195 -0.0550358
533 12.1427 -0.0692664
534 12.166 -0.0831868
535 12.1892 -0.0968313
536 12.2125 -0.109811
537 12.2357 -0.122612
538 12.259 -0.134507
539 12.2822 -0.145416
540 12.3055 -0.155328
541 12.3288 -0.164062
542 12.352 -0.171584
543 12.3753 -0.177769
544 12.3986 -0.182603
545 12.4219 -0.186015
546 12.4451 -0.188358
547 12.4684 -0.189772
548 12.4918 -0.19035
549 12.5151 -0.19012
550 12.5384 -0.18965
551 12.5617 -0.188534
552 12.5851 -0.18737
553 12.6085 -0.185725
554 12.6319 -0.184233
555 12.6553 -0.182524
556 12.6787 -0.180253
557 12.7022 -0.178445
558 12.7256 -0.176535
559 12.7491 -0.174184
560 12.7726 -0.1715
561 12.7962 -0.168223
562 12.8197 -0.164523
563 12.8432 -0.160324
564 12.8667 -0.155672
565 12.8902 -0.150292
566 12.9137 -0.144373
567 12.9364 -0.138014
568 12.9592 -0.131003
569 12.982 -0.122984
570 13.0048 -0.114715
571 13.0277 -0.105459
572 13.0506 -0.0955659
573 13.0735 -0.084974
574 13.0965 -0.0737813
575 13.1194 -0.0617292
576 13.1424 -0.0491431
577 13.1654 -0.0361591
578 13.1885 -0.0225573
579 13.2115 -0.00832245
580 13.2345 0.00509269
581 13.2575 0.0170719
582 13.2806 0.0332653
583 13.3036 0.0485745
584 13.3266 0.0622201
585 13.3497 0.0765405
586 13.3727 0.0907145
587 13.3957 0.104357
588 13.4187 0.12039
589 13.4417 0.13363
590 13.4647 0.145234
591 13.4877 0.155976
592 13.5107 0.165164
593 13.5338 0.172847
594 13.5568 0.179033
595 13.5798 0.18375
596 13.6029 0.187204
597 13.6259 0.189404
598 13.649 0.190669
599 13.6721 0.191161
600 13.6951 0.191091
601 13.7183 0.19062
602 13.7414 0.18985
603 13.7645 0.189068
604 13.7877 0.188244
605 13.8109 0.187056
606 13.8341 0.1859
607 13.8574 0.184808
608 13.8807 0.183352
609 13.904 0.181246
610 13.9273 0.179345
611 13.9507 0.176844
612 13.9741 0.174034
613 13.9974 0.170606
614 14.0208 0.166264
615 14.0442 0.161657
616 14.0676 0.15619
617 14.0909 0.149882
618 14.1142 0.142639
619 14.1369 0.134998
620 14.1596 0.126759
621 14.1823 0.117331
622 14.2051 0.107766
623 14.2278 0.0973397
624 14.2507 0.0862194
625 14.2735 0.0745017
626 14.2963 0.0620045
627 14.3192 0.0492792
628 14.3421 0.0358136
629 14.365 0.0215207
630 14.3878 0.0071342
631 14.4107 -0.00742053
632 14.4336 -0.0228039
633 14.4564 -0.0383634
634 14.4793 -0.0538877
635 14.5021 -0.0698909
636 14.5249 -0.0856337
637 14.5477 -0.10137
638 14.5705 -0.116431
639 14.5933 -0.130201
640 14.6161 -0.143047
641 14.6389 -0.15446
642 14.6617 -0.164369
643 14.6845 -0.172692
644 14.7073 -0.179265
645 14.7301 -0.184552
646 14.7529 -0.188108
647 14.7757 -0.190414
648 14.7986 -0.191485
649 14.8214 -0.192093
650 14.8443 -0.192251
651 14.8672 -0.191907
652 14.8901 -0.191258
653 14.913 -0.190824
654 14.936 -0.190311
655 14.9589 -0.18937
656 14.9819 -0.188853
657 15.0049 -0.188076
658 15.028 -0.186826
659 15.0511 -0.185775
660 15.0742 -0.184301
661 15.0973 -0.182212
662 15.1205 -0.180309
663 15.1436 -0.177639
664 15.1668 -0.17399
665 15.19 -0.170058
666 15.2132 -0.165309
667 15.2364 -0.159842
668 15.2596 -0.153527
669 15.2827 -0.146355
670 15.3058 -0.138455
671 15.3285 -0.129718
672 15.3512 -0.120018
673 15.3739 -0.109363
674 15.3967 -0.0977037
675 15.4195 -0.0852525
676 15.4422 -0.0719665
677 15.465 -0.0579821
678 15.4878 -0.0432441
679 15.5106 -0.0279376
680 15.5334 -0.0123635
681 15.5561 0.00344351
682 15.5788 0.0199017
683 15.6015 0.0354465
684 15.6242 0.0517356
685 15.6469 0.0668592
686 15.6696 0.0826499
687 15.6922 0.0977628
688 15.7149 0.114635
689 15.7375 0.129358
690 15.7602 0.142254
691 15.7828 0.154141
692 15.8055 0.164199
693 15.8281 0.173029
694 15.8508 0.179688
695 15.8735 0.184667
696 15.8961 0.188379
697 15.9188 0.190804
698 15.9415 0.192291
699 15.9642 0.192981
700 15.9869 0.193098
701 16.0096 0.193218
702 16.0324 0.192786
703 16.0552 0.192522
704 16.0779 0.192163
705 16.1007 0.191481
706 16.1236 0.191046
707 16.1464 0.190294
708 16.1693 0.189323
709 16.1922 0.188348
710 16.2152 0.186918
711 16.2381 0.184768
712 16.2611 0.18241
713 16.2842 0.179588
714 16.3072 0.175836
715 16.3302 0.171534
716 16.3533 0.166342
717 16.3763 0.160554
718 16.3993 0.154445
719 16.4223 0.146988
720 16.4453 0.138943
721 16.4682 0.13005
722 16.4911 0.120426
723 16.514 0.109926
724 16.5368 0.0984284
725 16.5596 0.0860242
726 16.5824 0.0726026
727 16.6052 0.0585467
728 16.6279 0.0436636
729 16.6506 0.028248
730 16.6733 0.0118991
731 16.696 -0.00376766
732 16.7186 -0.0202844
733 16.7412 -0.0370248
734 16.7638 -0.0542722
735 16.7864 -0.0709636
736 16.809 -0.0878892
737 16.8316 -0.104054
738 16.8541 -0.120135
739 16.8767 -0.134695
740 16.8993 -0.147572
741 16.9218 -0.158958
742 16.9444 -0.168646
743 16.9669 -0.176352
744 16.9895 -0.18253
745 17.0121 -0.186797
746 17.0347 -0.189873
747 17.0573 -0.191743
748 17.0799 -0.192758
749 17.1025 -0.193229
750 17.1251 -0.193272
751 17.1477 -0.193288
752 17.1704 -0.193109
753 17.193 -0.193077
754 17.2157 -0.192845
755 17.2385 -0.192741
756 17.2612 -0.19257
757 17.2839 -0.192515
758 17.3067 -0.191804
759 17.3295 -0.191201
760 17.3524 -0.189822
761 17.3753 -0.188249
762 17.3982 -0.18613
763 17.4211 -0.182985
764 17.444 -0.179471
765 17.467 -0.174729
766 17.4899 -0.169702
767 17.5129 -0.163657
768 17.5358 -0.156664
769 17.5587 -0.148702
770 17.5815 -0.139855
771 17.6043 -0.129892
772 17.6271 -0.118728
773 17.6499 -0.106784
774 17.6726 -0.093771
775 17.6954 -0.0799521
776 17.7181 -0.0652333
777 17.7408 -0.049876
778 17.7634 -0.0339866
779 17.7861 -0.0177336
780 17.8087 -0.00117413
781 17.8312 0.0158724
782 17.8538 0.0323542
783 17.8763 0.0496655
784 17.8989 0.0654252
785 17.9214 0.0814729
786 17.9439 0.0993067
787 17.9664 0.115253
788 17.9889 0.129792
789 18.0114 0.14314
790 18.0339 0.154867
791 18.0564 0.165122
792 18.0789 0.173243
793 18.1014 0.179764
794 18.1239 0.184588
795 18.1464 0.187769
796 18.1689 0.190078
797 18.1914 0.191463
798 18.2139 0.192147
799 18.2365 0.19232
800 18.259 0.192455
801 18.2816 0.192566
802 18.3042 0.192397
803 18.3268 0.192399
804 18.3494 0.192261
805 18.3721 0.192161
806 18.3947 0.191886
807 18.4174 0.191321
808 18.4402 0.190691
809 18.4629 0.189564
810 18.4857 0.18736
811 18.5085 0.185087
812 18.5314 0.182476
813 18.5542 0.178669
814 18.5771 0.174349
815 18.6 0.169394
816 18.6228 0.163691
817 18.6457 0.157266
818 18.6685 0.150054
819 18.6913 0.141719
820 18.714 0.132709
821 18.7368 0.122799
822 18.7595 0.111986
823 18.7821 0.10032
824 18.8048 0.0873937
825 18.8274 0.0735209
826 18.8501 0.0590598
827 18.8727 0.0436247
828 18.8953 0.0276478
829 18.9179 0.0106551
830 18.9404 -0.00581804
831 18.9629 -0.0223879
832 18.9854 -0.0397561
833 19.0079 -0.0572571
834 19.0304 -0.0742486
835 19.0529 -0.0912205
836 19.0753 -0.107633
837 19.0977 -0.123306
838 19.1202 -0.137429
839 19.1426 -0.150032
840 19.165 -0.161039
841 19.1875 -0.169741
842 19.2099 -0.176755
843 19.2323 -0.182112
844 19.2548 -0.185974
845 19.2772 -0.188426
846 19.2997 -0.189907
847 19.3222 -0.190678
848 19.3446 -0.190816
849 19.3671 -0.190939
850 19.3896 -0.190773
851 19.4121 -0.190719
852 19.4347 -0.19048
853 19.4572 -0.190635
854 19.4798 -0.190546
855 19.5024 -0.190436
856 19.525 -0.190328
857 19.5476 -0.189808
858 19.5703 -0.189058
859 19.593 -0.187921
860 19.6158 -0.186526
861 19.6385 -0.184526
862 19.6613 -0.181265
863 19.6841 -0.177699
864 19.7069 -0.173339
865 19.7297 -0.168126
866 19.7525 -0.162052
867 19.7752 -0.154923
868 19.7979 -0.146735
869 19.8205 -0.137668
870 19.8432 -0.127435
871 19.8658 -0.116168
872 19.8884 -0.103654
873 19.911 -0.0905075
874 19.9336 -0.076342
875 19.9562 -0.0612775
876 19.9787 -0.0456607
877 20.0013 -0.0293949
878 20.0238 -0.0128957
879 20.0463 0.00408284
880 20.0687 0.0206913
881 20.0912 0.0380211
882 20.1136 0.0543622
883 20.136 0.0708918
884 20.1584 0.0870563
885 20.1808 0.104923
886 20.2031 0.120504
887 20.2255 0.134549
888 20.2479 0.147148
889 20.2702 0.158135
890 20.2926 0.167085
891 20.315 0.174368
892 20.3374 0.179883
893 20.3597 0.184022
894 20.3821 0.186618
895 20.4045 0.188437
896 20.4269 0.189459
897 20.4493 0.189854
898 20.4717 0.190196
899 20.4941 0.190295
900 20.5166 0.190298
901 20.539 0.19025
902 20.5615 0.190436
903 20.584 0.190256
904 20.6066 0.190013
905 20.6291 0.189917
906 20.6517 0.189452
907 20.6743 0.188462
908 20.6969 0.186964
909 20.7196 0.185355
910 20.7423 0.183041
911 20.765 0.180032
912 20.7877 0.176245
913 20.8105 0.171828
914 20.8332 0.166607
915 20.8559 0.160432
916 20.8786 0.153726
917 20.9013 0.145821
918 20.9239 0.13721
919 20.9465 0.127892
920 20.9691 0.117391
921 20.9917 0.105857
922 21.0142 0.0936052
923 21.0368 0.0802964
924 21.0593 0.0659768
925 21.0818 0.0509538
926 21.1044 0.035549
927 21.1269 0.019423
928 21.1493 0.00237246
929 21.1718 -0.0138267
930 21.1942 -0.0309549
931 21.2166 -0.0479494
932 21.239 -0.0651123
933 21.2614 -0.0819678
934 21.2837 -0.098451
935 21.3061 -0.114619
936 21.3284 -0.129342
937 21.3507 -0.142435
938 21.3731 -0.153836
939 21.3954 -0.163701
940 21.4177 -0.171403
941 21.4401 -0.177513
942 21.4624 -0.182071
943 21.4847 -0.185201
944 21.5071 -0.18733
945 21.5294 -0.188544
946 21.5518 -0.188943
947 21.5742 -0.189528
948 21.5966 -0.189841
949 21.619 -0.189891
950 21.6414 -0.189998
951 21.6638 -0.190079
952 21.6862 -0.190275
953 21.7087 -0.190507
954 21.7312 -0.190731
955 21.7537 -0.190502
956 21.7763 -0.189725
957 21.7989 -0.18906
958 21.8215 -0.187928
959 21.8441 -0.186321
960 21.8668 -0.183631
961 21.8895 -0.180476
962 21.9122 -0.176514
963 21.9349 -0.171897
964 21.9576 -0.166237
965 21.9802 -0.159726
966 22.0028 -0.152189
967 22.0254 -0.143573
968 22.048 -0.133968
969 22.0705 -0.123261
970 22.093 -0.111633
971 22.1155 -0.0988792
972 22.138 -0.0852273
973 22.1605 -0.0706242
974 22.183 -0.0554254
975 22.2055 -0.0394277
976 22.2279 -0.023152
977 22.2504 -0.00646515
978 22.2728 0.0106525
979 22.2952 0.0273647
980 22.3176 0.0447324
981 22.3399 0.0608912
982 22.3623 0.0773563
983 22.3846 0.095223
984 22.4069 0.111681
985 22.4292 0.126611
986 22.4515 0.140199
987 22.4738 0.152026
988 22.4961 0.162271
989 22.5184 0.170787
990 22.5407 0.177203
991 22.563 0.182414
992 22.5853 0.18586
993 22.6077 0.188297
994 22.63 0.18989
995 22.6523 0.190555
996 22.6747 0.191193
997 22.697 0.191598
998 22.7194 0.19171
999 22.7417 0.191869
1000 22.7641 0.19208
1001 22.7866 0.192208
1002 22.809 0.192007
1003 22.8314 0.192291
1004 22.8539 0.192184
1005 22.8764 0.191664
1006 22.899 0.19068
1007 22.9216 0.189417
1008 22.9442 0.18778
1009 22.9668 0.185254
1010 22.9895 0.181894
1011 23.0121 0.17794
1012 23.0348 0.173659
1013 23.0575 0.168199
1014 23.0801 0.161966
1015 23.1027 0.154872
1016 23.1253 0.146747
1017 23.1478 0.137871
1018 23.1704 0.127841
1019 23.1929 0.117171
1020 23.2154 0.104607
1021 23.2378 0.0916732
1022 23.2603 0.0776511
1023 23.2827 0.0625069
1024 23.3052 0.0468687
1025 23.3276 0.0309291
1026 23.3501 0.0141385
1027 23.3725 -0.00344034
1028 23.3949 -0.0200482
1029 23.4173 -0.0375087
1030 23.4397 -0.0542575
1031 23.462 -0.0721386
1032 23.4843 -0.0892792
1033 23.5066 -0.105581
1034 23.5289 -0.121574
1035 23.5512 -0.135876
1036 23.5735 -0.148455
1037 23.5958 -0.159527
1038 23.6181 -0.168687
1039 23.6404 -0.175788
1040 23.6627 -0.181408
1041 23.685 -0.185418
1042 23.7073 -0.188182
1043 23.7296 -0.189927
1044 23.7519 -0.190757
1045 23.7742 -0.191393
1046 23.7965 -0.191685
1047 23.8189 -0.191813
1048 23.8412 -0.191871
1049 23.8636 -0.191871
1050 23.886 -0.191804
1051 23.9084 -0.192073
1052 23.9308 -0.192426
1053 23.9533 -0.192498
1054 23.9758 -0.192226
1055 23.9983 -0.191458
1056 24.0208 -0.190762
1057 24.0434 -0.189648
1058 24.066 -0.18777
1059 24.0886 -0.184999
1060 24.1113 -0.181669
1061 24.1339 -0.177552
1062 24.1566 -0.172594
1063 24.1792 -0.166645
1064 24.2018 -0.159815
1065 24.2243 -0.151862
1066 24.2468 -0.142831
1067 24.2693 -0.132762
1068 24.2918 -0.121507
1069 24.3143 -0.109305
1070 24.3367 -0.0958933
1071 24.3591 -0.0817774
1072 24.3816 -0.0666636
1073 24.404 -0.0508406
1074 24.4264 -0.0346271
1075 24.4488 -0.0178119
1076 24.4712 -0.000620466
1077 24.4936 0.0163942
1078 24.516 0.0339602
1079 24.5383 0.0507757
1080 24.5607 0.0676803
1081 24.583 0.0844446
1082 24.6053 0.10259
1083 24.6275 0.118662
1084 24.6498 0.133311
1085 24.6721 0.146236
1086 24.6944 0.157605
1087 24.7167 0.167181
1088 24.7389 0.174779
1089 24.7612 0.180388
1090 24.7835 0.184887
1091 24.8058 0.187877
1092 24.8281 0.189784
1093 24.8504 0.190916
1094 24.8727 0.191516
1095 24.895 0.192009
1096 24.9173 0.192317
1097 24.9397 0.192401
1098 24.962 0.192586
1099 24.9844 0.192703
1100 25.0068 0.19274
1101 25.0292 0.192918
1102 25.0516 0.193081
1103 25.0741 0.192811
1104 25.0966 0.192145
1105 25.1191 0.191088
1106 25.1417 0.18986
1107 25.1643 0.187736
1108 25.1869 0.184942
1109 25.2095 0.181597
1110 25.2322 0.177662
1111 25.2548 0.173136
1112 25.2774 0.167593
1113 25.3 0.160673
1114 25.3226 0.153016
1115 25.3451 0.144349
1116 25.3676 0.134621
1117 25.39 0.123884
1118 25.4125 0.111968
1119 25.4349 0.0988075
1120 25.4574 0.0850374
1121 25.4798 0.0701088
1122 25.5022 0.05466
1123 25.5246 0.0381415
1124 25.547 0.0216188
1125 25.5694 0.00445323
1126 25.5918 -0.0134596
1127 25.6142 -0.0301742
1128 25.6365 -0.0476405
1129 25.6588 -0.0653775
1130 25.6811 -0.0824826
1131 25.7034 -0.0989524
1132 25.7257 -0.115298
1133 25.748 -0.130265
1134 25.7702 -0.14368
1135 25.7925 -0.155233
1136 25.8147 -0.165188
1137 25.837 -0.173146
1138 25.8593 -0.179207
1139 25.8815 -0.183591
1140 25.9038 -0.186848
1141 25.9261 -0.188824
1142 25.9483 -0.189978
1143 25.9706 -0.190496
1144 25.9929 -0.190973
1145 26.0152 -0.191125
1146 26.0375 -0.191314
1147 26.0599 -0.191414
1148 26.0822 -0.191477
1149 26.1046 -0.191584
1150 26.127 -0.191705
1151 26.1494 -0.192077
1152 26.1719 -0.19163
1153 26.1944 -0.191602
1154 26.2169 -0.190929
1155 26.2394 -0.189989
1156 26.262 -0.188501
1157 26.2846 -0.1859
1158 26.3072 -0.182918
1159 26.3298 -0.179185
1160 26.3524 -0.174489
1161 26.3751 -0.169033
1162 26.3976 -0.162538
1163 26.4202 -0.155112
1164 26.4427 -0.146391
1165 26.4652 -0.136755
1166 26.4876 -0.125907
1167 26.5101 -0.114014
1168 26.5325 -0.100896
1169 26.5549 -0.0869215
1170 26.5773 -0.0721935
1171 26.5997 -0.056547
1172 26.6221 -0.040185
1173 26.6446 -0.0236984
1174 26.667 -0.00650799
1175 26.6893 0.0111414
1176 26.7117 0.028066
1177 26.7341 0.0456416
1178 26.7564 0.0621648
1179 26.7787 0.0791123
1180 26.801 0.0972342
1181 26.8233 0.113661
1182 26.8456 0.128722
1183 26.8679 0.142218
1184 26.8902 0.154075
1185 26.9124 0.164155
1186 26.9347 0.1723
1187 26.957 0.178617
1188 26.9793 0.183271
1189 27.0016 0.186635
1190 27.0238 0.188732
1191 27.0461 0.19014
1192 27.0684 0.190839
1193 27.0908 0.191322
1194 27.1131 0.19169
1195 27.1354 0.191907
1196 27.1578 0.192029
1197 27.1801 0.192113
1198 27.2025 0.192401
1199 27.2249 0.192407
1200 27.2474 0.192711
1201 27.2698 0.192471
1202 27.2923 0.192246
1203 27.3148 0.191366
1204 27.3374 0.190402
1205 27.36 0.188506
1206 27.3826 0.185882
1207 27.4052 0.182659
1208 27.4279 0.178922
1209 27.4505 0.174512
1210 27.4731 0.169131
1211 27.4957 0.162617
1212 27.5183 0.155192
1213 27.5408 0.146602
1214 27.5633 0.137012
1215 27.5858 0.126268
1216 27.6082 0.114479
1217 27.6306 0.101498
1218 27.6531 0.0875976
1219 27.6755 0.0728363
1220 27.6979 0.0573253
1221 27.7203 0.0410959
1222 27.7427 0.0243567
1223 27.7651 0.00719987
1224 27.7875 -0.0106735
1225 27.8099 -0.0275583
1226 27.8322 -0.04492
1227 27.8545 -0.0628381
1228 27.8768 -0.0799414
1229 27.8991 -0.0967243
1230 27.9214 -0.112974
1231 27.9437 -0.128196
1232 27.9659 -0.141667
1233 27.9882 -0.153471
1234 28.0105 -0.163437
1235 28.0327 -0.171733
1236 28.055 -0.177931
1237 28.0773 -0.182407
1238 28.0995 -0.185871
1239 28.1218 -0.187841
1240 28.1441 -0.18901
1241 28.1664 -0.189589
1242 28.1887 -0.190033
1243 28.211 -0.190212
1244 28.2333 -0.190294
1245 28.2556 -0.190363
1246 28.278 -0.190411
1247 28.3004 -0.190534
1248 28.3228 -0.190777
1249 28.3452 -0.191005
1250 28.3676 -0.19069
1251 28.3901 -0.190541
1252 28.4126 -0.189922
1253 28.4352 -0.18896
1254 28.4577 -0.187717
1255 28.4803 -0.185357
1256 28.503 -0.182096
1257 28.5256 -0.178515
1258 28.5482 -0.174088
1259 28.5708 -0.168628
1260 28.5934 -0.162265
1261 28.616 -0.154999
1262 28.6385 -0.146462
1263 28.661 -0.137027
1264 28.6834 -0.126666
1265 28.7059 -0.114888
1266 28.7283 -0.102138
1267 28.7507 -0.0883552
1268 28.7731 -0.0738944
1269 28.7955 -0.0584781
1270 28.8179 -0.0423788
1271 28.8403 -0.0258542
1272 28.8627 -0.00895222
1273 28.8851 0.00848174
1274 28.9075 0.0254141
1275 28.9298 0.0430205
1276 28.9522 0.059483
1277 28.9745 0.0765922
1278 28.9968 0.0946192
1279 29.0191 0.110985
1280 29.0414 0.126163
1281 29.0636 0.139808
1282 29.0859 0.151806
1283 29.1082 0.162032
1284 29.1305 0.170356
1285 29.1527 0.176885
1286 29.175 0.181685
1287 29.1973 0.185167
1288 29.2196 0.187612
1289 29.2419 0.188966
1290 29.2642 0.189694
1291 29.2865 0.190285
1292 29.3088 0.190756
1293 29.3311 0.190923
1294 29.3535 0.191087
1295 29.3758 0.191319
1296 29.3982 0.191654
1297 29.4206 0.191623
1298 29.443 0.191957
1299 29.4655 0.191829
1300 29.488 0.191654
1301 29.5105 0.190899
1302 29.533 0.189921
1303 29.5556 0.188325
1304 29.5782 0.185788
1305 29.6008 0.182686
1306 29.6235 0.178937
1307 29.6461 0.174621
1308 29.6687 0.169366
1309 29.6913 0.163291
1310 29.7139 0.156112
1311 29.7364 0.147665
1312 29.759 0.138294
1313 29.7814 0.127867
1314 29.8039 0.116127
1315 29.8263 0.10313
1316 29.8488 0.0895314
1317 29.8712 0.0748662
1318 29.8936 0.0593735
1319 29.916 0.0430722
1320 29.9384 0.0265878
1321 29.9608 0.00930591
1322 29.9832 -0.0085638
1323 30.0056 -0.0253703
1324 30.028 -0.0430972
1325 30.0503 -0.0607819
1326 30.0726 -0.0781144
1327 30.0949 -0.0950791
1328 30.1172 -0.111437
1329 30.1395 -0.126791
1330 30.1617 -0.140429
1331 30.184 -0.152457
1332 30.2063 -0.162689
1333 30.2286 -0.171176
1334 30.2508 -0.177598
1335 30.2731 -0.182219
1336 30.2954 -0.18592
1337 30.3176 -0.188015
1338 30.3399 -0.189239
1339 30.3622 -0.189897
1340 30.3845 -0.190226
1341 30.4068 -0.190482
1342 30.4292 -0.190669
1343 30.4515 -0.190713
1344 30.4739 -0.19071
1345 30.4963 -0.190592
1346 30.5187 -0.190952
1347 30.5411 -0.191249
1348 30.5636 -0.191289
1349 30.586 -0.19077
1350 30.6086 -0.190318
1351 30.6311 -0.189579
1352 30.6537 -0.188229
1353 30.6763 -0.186075
1354 30.6989 -0.182977
1355 30.7215 -0.179337
1356 30.7442 -0.175169
1357 30.7668 -0.169786
1358 30.7894 -0.163457
1359 30.812 -0.156285
1360 30.8346 -0.147849
1361 30.8571 -0.138539
1362 30.8795 -0.128263
1363 30.902 -0.116512
1364 30.9244 -0.103893
1365 30.9469 -0.0902366
1366 30.9693 -0.0758408
1367 30.9917 -0.0604191
1368 31.0141 -0.0444061
1369 31.0365 -0.027803
1370 31.0589 -0.0109155
1371 31.0813 0.006369
1372 31.1037 0.0234752
1373 31.126 0.0410743
1374 31.1484 0.0577021
1375 31.1707 0.0747833
1376 31.193 0.0930053
1377 31.2153 0.10945
1378 31.2376 0.124834
1379 31.2599 0.138673
1380 31.2822 0.150917
1381 31.3044 0.161195
1382 31.3267 0.169913
1383 31.349 0.176597
1384 31.3713 0.181566
1385 31.3936 0.185237
1386 31.4159 0.187568
1387 31.4382 0.189139
1388 31.4605 0.189919
1389 31.4828 0.190517
1390 31.5052 0.190905
1391 31.5275 0.191127
1392 31.5499 0.191223
1393 31.5723 0.191438
1394 31.5947 0.191797
1395 31.6171 0.191794
1396 31.6395 0.192111
1397 31.662 0.192146
1398 31.6845 0.191971
1399 31.7071 0.191306
1400 31.7296 0.190482
1401 31.7522 0.189237
1402 31.7749 0.186775
1403 31.7975 0.184004
1404 31.8202 0.180444
1405 31.8428 0.176181
1406 31.8655 0.170753
1407 31.8881 0.164664
1408 31.9107 0.157377
1409 31.9333 0.14906
1410 31.9558 0.13953
1411 31.9783 0.129078
1412 32.0008 0.117265
1413 32.0232 0.104267
1414 32.0457 0.0903764
1415 32.0681 0.0756764
1416 32.0905 0.0601238
1417 32.113 0.0436599
1418 32.1354 0.027015
1419 32.1578 0.00960264
1420 32.1803 -0.00782766
1421 32.2027 -0.0250453
1422 32.2251 -0.0429059
1423 32.2474 -0.060453
1424 32.2698 -0.0779145
1425 32.2921 -0.0949583
1426 32.3144 -0.111465
1427 32.3367 -0.126945
1428 32.3591 -0.140795
1429 32.3814 -0.152851
1430 32.4037 -0.163078
1431 32.426 -0.171614
1432 32.4483 -0.178003
1433 32.4706 -0.18278
1434 32.493 -0.186314
1435 32.5153 -0.188344
1436 32.5376 -0.18967
1437 32.5599 -0.19036
1438 32.5823 -0.190638
1439 32.6047 -0.19082
1440 32.627 -0.191001
1441 32.6494 -0.191088
1442 32.6718 -0.191033
1443 32.6942 -0.190916
1444 32.7167 -0.191208
1445 32.7392 -0.191431
1446 32.7617 -0.191539
1447 32.7842 -0.191057
1448 32.8067 -0.190385
1449 32.8293 -0.189575
1450 32.852 -0.188371
1451 32.8746 -0.185796
1452 32.8972 -0.182663
1453 32.9199 -0.179033
1454 32.9426 -0.174309
1455 32.9652 -0.168822
1456 32.9879 -0.162389
1457 33.0105 -0.155066
1458 33.033 -0.146424
1459 33.0556 -0.136903
1460 33.0781 -0.12628
1461 33.1006 -0.114421
1462 33.123 -0.101464
1463 33.1455 -0.0877198
1464 33.1679 -0.0730398
1465 33.1903 -0.0573786
1466 33.2128 -0.0413525
1467 33.2352 -0.0245484
1468 33.2576 -0.00748145
1469 33.2801 0.00972332
1470 33.3025 0.0266617
1471 33.3248 0.0442897
1472 33.3472 0.0607253
1473 33.3695 0.0777719
1474 33.3919 0.0957877
1475 33.4142 0.112021
1476 33.4365 0.127191
1477 33.4588 0.140751
1478 33.4811 0.152492
1479 33.5034 0.162422
1480 33.5257 0.170644
1481 33.548 0.176859
1482 33.5703 0.181423
1483 33.5927 0.184898
1484 33.615 0.18692
1485 33.6373 0.18828
1486 33.6596 0.189023
1487 33.682 0.189418
1488 33.7043 0.189802
1489 33.7267 0.189926
1490 33.7491 0.190092
1491 33.7715 0.19036
1492 33.7939 0.190564
1493 33.8164 0.190726
1494 33.8389 0.19106
1495 33.8614 0.19089
1496 33.8839 0.1908
1497 33.9064 0.189973
1498 33.929 0.188952
1499 33.9517 0.187432
1500 33.9743 0.184679
1501 33.997 0.181683
1502 34.0196 0.177766
1503 34.0423 0.173056
1504 34.065 0.167425
1505 34.0876 0.161143
1506 34.1103 0.153609
1507 34.1328 0.144909
1508 34.1554 0.135322
1509 34.1779 0.124581
1510 34.2004 0.112572
1511 34.2229 0.0994934
1512 34.2454 0.0858082
1513 34.2678 0.0706418
1514 34.2903 0.0552073
1515 34.3127 0.0388702
1516 34.3352 0.0222032
1517 34.3576 0.00510507
1518 34.3801 -0.0122987
1519 34.4025 -0.0291566
1520 34.4249 -0.0467448
1521 34.4473 -0.0641326
1522 34.4696 -0.0810989
1523 34.4919 -0.0978167
1524 34.5143 -0.114129
1525 34.5366 -0.128893
1526 34.5589 -0.142183
1527 34.5812 -0.153682
1528 34.6036 -0.163381
1529 34.6259 -0.171461
1530 34.6482 -0.177332
1531 34.6705 -0.181844
1532 34.6928 -0.184885
1533 34.7152 -0.186833
1534 34.7375 -0.188119
1535 34.7598 -0.18871
1536 34.7822 -0.189067
1537 34.8046 -0.189343
1538 34.8269 -0.189607
1539 34.8493 -0.189636
1540 34.8718 -0.189788
1541 34.8942 -0.190025
1542 34.9166 -0.190581
1543 34.9391 -0.190832
1544 34.9616 -0.190744
1545 34.9842 -0.190191
1546 35.0067 -0.189429
1547 35.0293 -0.188534
1548 35.052 -0.186971
1549 35.0746 -0.184354
1550 35.0973 -0.181095
1551 35.12 -0.17725
1552 35.1426 -0.172513
1553 35.1653 -0.167024
1554 35.188 -0.160703
1555 35.2106 -0.153254
1556 35.2332 -0.144625
1557 35.2557 -0.135095
1558 35.2782 -0.124379
1559 35.3007 -0.112372
1560 35.3232 -0.09934
1561 35.3457 -0.0854015
1562 35.3682 -0.0707975
1563 35.3906 -0.0552664
1564 35.4131 -0.0391371
1565 35.4355 -0.0225559
1566 35.458 -0.00547809
1567 35.4804 0.0118712
1568 35.5028 0.0286661
1569 35.5252 0.0462066
1570 35.5476 0.0623014
1571 35.5699 0.0793016
1572 35.5923 0.097367
1573 35.6146 0.1134
1574 35.6369 0.128248
1575 35.6592 0.141657
1576 35.6815 0.153295
1577 35.7038 0.163172
1578 35.7261 0.171193
1579 35.7484 0.177243
1580 35.7707 0.18189
1581 35.793 0.185143
1582 35.8154 0.187122
1583 35.8377 0.188394
1584 35.86 0.18905
1585 35.8824 0.189482
1586 35.9047 0.189711
1587 35.9271 0.189852
1588 35.9495 0.18984
1589 35.9719 0.190051
1590 35.9943 0.190192
1591 36.0167 0.190339
1592 36.0392 0.190463
1593 36.0617 0.190437
1594 36.0842 0.190029
1595 36.1068 0.189124
1596 36.1293 0.188317
1597 36.152 0.186792
1598 36.1746 0.184127
1599 36.1973 0.181134
1600 36.2199 0.177603
1601 36.2426 0.173126
1602 36.2653 0.167794
1603 36.288 0.161348
1604 36.3106 0.153993
1605 36.3332 0.145275
1606 36.3558 0.135697
1607 36.3783 0.124866
1608 36.4008 0.113014
1609 36.4233 0.0999892
1610 36.4458 0.0861413
1611 36.4682 0.0714083
1612 36.4907 0.0556704
1613 36.5132 0.0395306
1614 36.5356 0.0228574
1615 36.5581 0.00576813
1616 36.5806 -0.0116054
1617 36.603 -0.0285052
1618 36.6254 -0.0461288
1619 36.6478 -0.0634666
1620 36.6702 -0.0805924
1621 36.6925 -0.0970926
1622 36.7149 -0.113784
1623 36.7372 -0.128654
1624 36.7595 -0.141913
1625 36.7819 -0.153505
1626 36.8042 -0.163462
1627 36.8265 -0.171404
1628 36.8488 -0.177375
1629 36.8712 -0.182024
1630 36.8935 -0.185204
1631 36.9159 -0.187131
1632 36.9382 -0.188425
1633 36.9606 -0.189063
1634 36.9829 -0.189497
1635 37.0053 -0.189773
1636 37.0277 -0.189965
1637 37.0501 -0.190082
1638 37.0725 -0.190314
1639 37.095 -0.190471
1640 37.1174 -0.190722
1641 37.1399 -0.191028
1642 37.1624 -0.190848
1643 37.185 -0.190623
1644 37.2075 -0.189894
1645 37.2301 -0.18903
1646 37.2528 -0.187666
1647 37.2754 -0.184783
1648 37.2981 -0.181978
1649 37.3208 -0.178149
1650 37.3435 -0.173289
1651 37.3662 -0.16779
1652 37.3888 -0.161364
1653 37.4115 -0.153992
1654 37.434 -0.145378
1655 37.4566 -0.135786
1656 37.4792 -0.125098
1657 37.5017 -0.113224
1658 37.5242 -0.100224
1659 37.5467 -0.0862591
1660 37.5691 -0.0718163
1661 37.5916 -0.0562454
1662 37.6141 -0.0402279
1663 37.6365 -0.0236632
1664 37.659 -0.00665153
1665 37.6814 0.0107133
1666 37.7039 0.0274985
1667 37.7263 0.0450104
1668 37.7486 0.061314
1669 37.771 0.0781737
1670 37.7934 0.0961441
1671 37.8157 0.112591
1672 37.838 0.127444
1673 37.8604 0.14103
1674 37.8827 0.152855
1675 37.905 0.162815
1676 37.9273 0.170977
1677 37.9496 0.177215
1678 37.9719 0.181944
1679 37.9942 0.18538
1680 38.0166 0.187393
1681 38.0389 0.188812
1682 38.0612 0.18946
1683 38.0836 0.189994
1684 38.106 0.190265
1685 38.1283 0.190427
1686 38.1507 0.190611
1687 38.1731 0.190827
1688 38.1956 0.190986
1689 38.218 0.191224
1690 38.2405 0.191453
1691 38.263 0.191454
1692 38.2855 0.19126
1693 38.3081 0.190447
1694 38.3307 0.189489
1695 38.3533 0.188084
1696 38.3759 0.18537
1697 38.3986 0.182521
1698 38.4213 0.178598
1699 38.444 0.173901
1700 38.4666 0.168431
1701 38.4893 0.162008
1702 38.512 0.154614
1703 38.5346 0.14602
1704 38.5571 0.136432
1705 38.5797 0.125769
1706 38.6022 0.1139
1707 38.6247 0.100937
1708 38.6472 0.0870748
1709 38.6697 0.0725274
1710 38.6921 0.056787
1711 38.7146 0.0407373
1712 38.7371 0.0240883
1713 38.7596 0.0071982
1714 38.782 -0.0102314
1715 38.8044 -0.027294
1716 38.8268 -0.0447274
1717 38.8492 -0.062199
1718 38.8716 -0.0792542
1719 38.894 -0.0961291
1720 38.9163 -0.112526
1721 38.9386 -0.127515
1722 38.961 -0.141014
1723 38.9833 -0.152728
1724 39.0056 -0.162675
1725 39.028 -0.170898
1726 39.0503 -0.177051
1727 39.0726 -0.181853
1728 39.095 -0.184938
1729 39.1173 -0.187074
1730 39.1397 -0.188317
1731 39.162 -0.188905
1732 39.1844 -0.189258
1733 39.2067 -0.189511
1734 39.2291 -0.189523
1735 39.2515 -0.189482
1736 39.274 -0.189413
1737 39.2964 -0.189192
1738 39.3189 -0.189232
1739 39.3413 -0.189193
1740 39.3639 -0.188828
1741 39.3864 -0.188488
1742 39.409 -0.187575
1743 39.4316 -0.186671
1744 39.4542 -0.185273
1745 39.4769 -0.182728
1746 39.4995 -0.179491
1747 39.5222 -0.175941
1748 39.5449 -0.17149
1749 39.5676 -0.166399
1750 39.5903 -0.160303
1751 39.6129 -0.153194
1752 39.6355 -0.144837
1753 39.6581 -0.135678
1754 39.6806 -0.125444
1755 39.7032 -0.113978
1756 39.7257 -0.101357
1757 39.7481 -0.0878588
1758 39.7706 -0.0737023
1759 39.7931 -0.058491
1760 39.8156 -0.0427413
1761 39.838 -0.0264311
1762 39.8605 -0.00954609
1763 39.883 0.00758009
1764 39.9054 0.0243804
1765 39.9278 0.0418042
1766 39.9502 0.0581774
1767 39.9726 0.07503
1768 39.9949 0.0928918
1769 40.0172 0.109663
