0 0 0
1 0.000606061 -0.00100278
2 0.00186767 0.000701028
3 0.00329441 1.56574e-06
4 0.00491458 -0.000201585
5 0.00673048 -1.69642e-05
6 0.00872398 -5.07895e-05
7 0.0108761 3.28633e-05
8 0.0131726 3.3764e-05
9 0.015599 3.45816e-05
10 0.0181429 3.95067e-05
11 0.0207931 4.18897e-05
12 0.0235405 0.000194676
13 0.0263774 0.000216625
14 0.0292974 0.00021215
15 0.0322945 0.000180555
16 0.0353633 0.000172762
17 0.0384989 0.000163189
18 0.0416971 0.000171358
19 0.0449538 0.000140729
20 0.0482658 0.000179311
21 0.0516296 0.000280994
22 0.0550414 0.000219743
23 0.0584985 0.000182339
24 0.0619985 0.000201461
25 0.065538 0.000202923
26 0.0691146 0.000231127
27 0.0727259 0.000256818
28 0.076369 0.000258108
29 0.080041 0.000295547
30 0.0837393 0.000289833
31 0.0874617 0.000340018
32 0.091206 0.000347238
33 0.0949704 0.000351239
34 0.0987531 0.000400681
35 0.102552 0.000438466
36 0.106366 0.000428247
37 0.110194 0.000448439
38 0.114034 0.000453796
39 0.117886 0.000514645
40 0.121748 0.000501622
41 0.125619 0.000581527
42 0.129499 0.000533732
43 0.133385 0.000576465
44 0.137276 0.000632025
45 0.141172 0.00066744
46 0.145072 0.000675119
47 0.148974 0.000718898
48 0.152877 0.000749134
49 0.15678 0.000783544
50 0.160682 0.000817741
51 0.164585 0.000851485
52 0.168487 0.000938551
53 0.172391 0.000947278
54 0.176291 0.000983788
55 0.180187 0.00105294
56 0.184082 0.00107771
57 0.187978 0.00111796
58 0.191874 0.00114298
59 0.195771 0.00103643
60 0.199671 0.0011304
61 0.203573 0.00117546
62 0.207478 0.00117958
63 0.211385 0.00117711
64 0.215295 0.00120107
65 0.219205 0.00122861
66 0.223108 0.00128059
67 0.226998 0.00131957
68 0.230876 0.00136503
69 0.234743 0.00140115
70 0.238602 0.00149079
71 0.242449 0.00157059
72 0.246284 0.00170161
73 0.25011 0.00177225
74 0.253925 0.00180051
75 0.257734 0.00182935
76 0.261535 0.00185764
77 0.265333 0.00188291
78 0.269127 0.00190537
79 0.272919 0.00192177
80 0.276712 0.00194301
81 0.280504 0.00196943
82 0.284295 0.00197462
83 0.288084 0.00199124
84 0.291873 0.00201686
85 0.295661 0.00201511
86 0.299451 0.00201255
87 0.303241 0.00202262
88 0.307032 0.00203103
89 0.310825 0.00202732
90 0.31462 0.00199837
91 0.318419 0.002021
92 0.322221 0.00202818
93 0.326026 0.00197094
94 0.329834 0.00193382
95 0.333642 0.00191555
96 0.337449 0.00188018
97 0.341245 0.00185298
98 0.345033 0.00178735
99 0.348813 0.00178461
100 0.352586 0.00167903
101 0.356354 0.00153412
102 0.360122 0.00145956
103 0.363883 0.00140896
104 0.367637 0.00132449
105 0.371385 0.00122993
106 0.375127 0.00112838
107 0.378864 0.00103869
108 0.382598 0.000916469
109 0.38633 0.000677986
110 0.390061 0.000454589
111 0.393791 0.000317455
112 0.397522 0.000213502
113 0.401253 0.000105232
114 0.404984 -2.5467e-05
115 0.408717 -0.000161866
116 0.41245 -0.000328177
117 0.416184 -0.000485172
118 0.41992 -0.000643899
119 0.423656 -0.000772713
120 0.427394 -0.000894575
121 0.431134 -0.00103197
122 0.434876 -0.00117695
123 0.438621 -0.00130509
124 0.442369 -0.00145764
125 0.446119 -0.00159714
126 0.44987 -0.00172464
127 0.453622 -0.00185437
128 0.45737 -0.00194425
129 0.461112 -0.00203844
130 0.464851 -0.00217713
131 0.468588 -0.00234928
132 0.472323 -0.000975257
133 0.476055 -0.00042237
134 0.479785 -0.000570056
135 0.483512 -0.00068001
136 0.48724 -0.000847906
137 0.490968 -0.00105291
138 0.494695 -0.00118468
139 0.498421 -0.00133326
140 0.502147 -0.00152437
141 0.505874 -0.0017617
142 0.5096 -0.00209753
143 0.513327 -0.0023104
144 0.517054 -0.00250849
145 0.520783 -0.00281812
146 0.524513 -0.0030686
147 0.528244 -0.00335177
148 0.531977 -0.00355452
149 0.535713 -0.00378395
150 0.539449 -0.00492527
151 0.543185 -0.005125
152 0.546921 -0.00543308
153 0.55065 -0.00571759
154 0.554372 -0.00607192
155 0.558085 -0.00649633
156 0.561794 -0.00678997
157 0.565499 -0.00706176
158 0.569198 -0.00738471
159 0.572892 -0.00770204
160 0.576582 -0.00807583
161 0.580267 -0.00840416
162 0.583947 -0.00874706
163 0.587623 -0.00912516
164 0.591295 -0.00948799
165 0.594962 -0.00989106
166 0.598627 -0.0102435
167 0.602288 -0.00737501
168 0.605946 -0.00726711
169 0.609601 -0.00749752
170 0.613251 -0.00787223
171 0.616898 -0.0083098
172 0.620542 -0.00959435
173 0.624182 -0.0101238
174 0.627819 -0.0106613
175 0.631454 -0.0112067
176 0.635086 -0.011729
177 0.638718 -0.012231
178 0.642348 -0.0128099
179 0.645977 -0.0134131
180 0.649607 -0.0140225
181 0.653237 -0.0146709
182 0.656867 -0.0154228
183 0.660497 -0.0159893
184 0.664128 -0.0166505
185 0.667758 -0.0173515
186 0.671389 -0.0180343
187 0.67502 -0.0186933
188 0.678652 -0.0194202
189 0.682284 -0.0201447
190 0.685918 -0.0206945
191 0.689552 -0.0214212
192 0.693178 -0.0222342
193 0.696801 -0.0230589
194 0.700418 -0.0239203
195 0.70403 -0.0248286
196 0.707636 -0.0258312
197 0.711237 -0.0267435
198 0.714834 -0.0276457
199 0.718427 -0.0285137
200 0.722017 -0.0294037
201 0.725605 -0.0303619
202 0.72919 -0.0314688
203 0.732771 -0.0324475
204 0.736349 -0.03313
205 0.739927 -0.0338311
206 0.743504 -0.0347804
207 0.747081 -0.0356791
208 0.750659 -0.0364626
209 0.754237 -0.0373475
210 0.757815 -0.0381006
211 0.761394 -0.0387692
212 0.764973 -0.039597
213 0.768552 -0.0405558
214 0.772132 -0.0415237
215 0.775713 -0.0429258
216 0.779294 -0.0441346
217 0.782877 -0.0453892
218 0.786461 -0.046793
219 0.790047 -0.0481682
220 0.793635 -0.0496145
221 0.797224 -0.0510185
222 0.800815 -0.0525438
223 0.804407 -0.0541584
224 0.807999 -0.0556334
225 0.811592 -0.0572519
226 0.815184 -0.0588564
227 0.818775 -0.0606651
228 0.822364 -0.0622801
229 0.825951 -0.0638833
230 0.829536 -0.0655855
231 0.83312 -0.066903
232 0.836704 -0.0685329
233 0.840288 -0.0701541
234 0.843872 -0.0717546
235 0.847456 -0.0732049
236 0.851041 -0.0747148
237 0.854627 -0.0763074
238 0.858212 -0.0778607
239 0.861799 -0.0794989
240 0.865387 -0.0811133
241 0.868976 -0.0828337
242 0.872567 -0.0843265
243 0.87616 -0.0860647
244 0.879756 -0.0874711
245 0.883353 -0.0890732
246 0.886954 -0.0907889
247 0.890556 -0.0923735
248 0.894159 -0.0941695
249 0.897764 -0.0958475
250 0.90137 -0.0976038
251 0.904976 -0.0992933
252 0.908582 -0.10097
253 0.91219 -0.102685
254 0.915797 -0.104472
255 0.919406 -0.106078
256 0.923014 -0.107949
257 0.926624 -0.109104
258 0.930234 -0.1106
259 0.933846 -0.112099
260 0.937459 -0.11366
261 0.941074 -0.115116
262 0.94469 -0.116374
263 0.948308 -0.117258
264 0.951924 -0.118311
265 0.95553 -0.119447
266 0.959127 -0.120277
267 0.962717 -0.121041
268 0.966299 -0.121595
269 0.969873 -0.121818
270 0.973439 -0.122065
271 0.976996 -0.122069
272 0.980547 -0.12115
273 0.984091 -0.119931
274 0.98763 -0.117927
275 0.991164 -0.11543
276 0.994694 -0.11313
277 0.998221 -0.109607
278 1.00174 -0.105159
279 1.00526 -0.100276
280 1.00877 -0.0948926
281 1.01228 -0.0888389
282 1.01578 -0.0824412
283 1.01929 -0.075218
284 1.0228 -0.0673671
285 1.0263 -0.0584187
286 1.0298 -0.0493131
287 1.0333 -0.0396492
288 1.03681 -0.029308
289 1.04031 -0.0186527
290 1.04381 -0.00795778
291 1.04731 0.0035566
292 1.0508 0.0148231
293 1.05429 0.0266734
294 1.05777 0.0387638
295 1.06124 0.0508083
296 1.06471 0.062765
297 1.06818 0.0747088
298 1.07165 0.0866069
299 1.07511 0.0986224
300 1.07857 0.110575
301 1.08204 0.12223
302 1.0855 0.133769
303 1.08896 0.145868
304 1.09243 0.157618
305 1.09589 0.169752
306 1.09936 0.180441
307 1.10283 0.192109
308 1.1063 0.203677
309 1.10977 0.215149
310 1.11324 0.226604
311 1.11672 0.238722
312 1.1202 0.249864
313 1.12368 0.260679
314 1.12717 0.271379
315 1.13065 0.281716
316 1.13415 0.291811
317 1.13764 0.301809
318 1.14113 0.311503
319 1.14463 0.320965
320 1.14813 0.32999
321 1.15163 0.338797
322 1.15513 0.347363
323 1.15864 0.355771
324 1.16215 0.36337
325 1.16566 0.371073
326 1.16917 0.378521
327 1.17269 0.385856
328 1.17621 0.393026
329 1.17973 0.399904
330 1.18326 0.406516
331 1.18678 0.412432
332 1.19031 0.419059
333 1.19384 0.425582
334 1.19737 0.431729
335 1.2009 0.437599
336 1.20443 0.44331
337 1.20796 0.448953
338 1.21148 0.454314
339 1.21501 0.459321
340 1.21853 0.464161
341 1.22205 0.468853
342 1.22557 0.473286
343 1.22909 0.477409
344 1.23261 0.481245
345 1.23612 0.48256
346 1.23963 0.48594
347 1.24315 0.488785
348 1.24666 0.492136
349 1.25017 0.493581
350 1.25367 0.494881
351 1.25718 0.495145
352 1.26069 0.495046
353 1.2642 0.494348
354 1.26772 0.493529
355 1.27122 0.491736
356 1.27473 0.48944
357 1.27824 0.484021
358 1.28175 0.483825
359 1.28526 0.480928
360 1.28877 0.476303
361 1.29229 0.470658
362 1.2958 0.463531
363 1.29931 0.456555
364 1.30282 0.446813
365 1.30633 0.436395
366 1.30985 0.424874
367 1.31336 0.411854
368 1.31688 0.397811
369 1.32039 0.382075
370 1.32391 0.364884
371 1.32742 0.346357
372 1.33094 0.326259
373 1.33446 0.304871
374 1.33798 0.281517
375 1.3415 0.256185
376 1.34502 0.226974
377 1.34854 0.199411
378 1.35207 0.166193
379 1.3556 0.133935
380 1.35912 0.0991927
381 1.36264 0.0632016
382 1.36615 0.0242058
383 1.36965 -0.0116034
384 1.37314 -0.051092
385 1.37663 -0.0945144
386 1.38009 -0.13903
387 1.38356 -0.185108
388 1.38702 -0.234532
389 1.39047 -0.285992
390 1.39391 -0.339473
391 1.39734 -0.394653
392 1.40077 -0.451456
393 1.40419 -0.508706
394 1.40761 -0.567073
395 1.41101 -0.625556
396 1.41442 -0.683733
397 1.41781 -0.740848
398 1.42121 -0.796672
399 1.42459 -0.851143
400 1.42798 -0.902993
401 1.43135 -0.952765
402 1.43473 -1.00094
403 1.43809 -1.04637
404 1.44146 -1.08999
405 1.44481 -1.13298
406 1.44817 -1.17418
407 1.45152 -1.2148
408 1.45487 -1.25457
409 1.45821 -1.2942
410 1.46155 -1.33329
411 1.46488 -1.37205
412 1.46821 -1.41053
413 1.47154 -1.44881
414 1.47486 -1.48733
415 1.47818 -1.52511
416 1.48149 -1.56178
417 1.4848 -1.5967
418 1.48811 -1.62912
419 1.49142 -1.65788
420 1.49472 -1.68168
421 1.49802 -1.69932
422 1.50132 -1.70996
423 1.50461 -1.71239
424 1.5079 -1.70612
425 1.51118 -1.691
426 1.51447 -1.6672
427 1.51774 -1.63541
428 1.52102 -1.5944
429 1.52428 -1.54506
430 1.52755 -1.48806
431 1.5308 -1.42287
432 1.53406 -1.34959
433 1.5373 -1.26923
434 1.54054 -1.18177
435 1.54378 -1.08758
436 1.54701 -0.987258
437 1.55024 -0.881402
438 1.55346 -0.770734
439 1.55668 -0.655411
440 1.5599 -0.536808
441 1.56311 -0.415433
442 1.56632 -0.292282
443 1.56952 -0.167514
444 1.57272 -0.0419029
445 1.57592 0.0826646
446 1.57911 0.206525
447 1.5823 0.328523
448 1.58548 0.447627
449 1.58866 0.562791
450 1.59184 0.674342
451 1.59501 0.780067
452 1.59817 0.880152
453 1.60133 0.973995
454 1.60448 1.06107
455 1.60763 1.1403
456 1.61076 1.21294
457 1.61389 1.27698
458 1.61701 1.33261
459 1.62012 1.37971
460 1.62322 1.41798
461 1.62631 1.4487
462 1.62939 1.47017
463 1.63246 1.48393
464 1.63551 1.48931
465 1.63856 1.487
466 1.6416 1.47735
467 1.64462 1.46136
468 1.64763 1.43949
469 1.65064 1.41249
470 1.65363 1.38163
471 1.65661 1.34767
472 1.65958 1.3118
473 1.66254 1.27495
474 1.66549 1.2381
475 1.66843 1.20169
476 1.67136 1.16753
477 1.67428 1.13445
478 1.67719 1.10366
479 1.68009 1.07448
480 1.68298 1.04817
481 1.68587 1.0234
482 1.68874 1.00006
483 1.69161 0.978628
484 1.69447 0.958465
485 1.69732 0.940016
486 1.70016 0.922006
487 1.70299 0.904804
488 1.70581 0.888125
489 1.70863 0.871734
490 1.71144 0.854808
491 1.71425 0.838701
492 1.71705 0.821052
493 1.71984 0.802734
494 1.72263 0.782654
495 1.72541 0.760832
496 1.72818 0.736612
497 1.73095 0.709717
498 1.73372 0.679766
499 1.73649 0.646451
500 1.73924 0.609621
501 1.742 0.569078
502 1.74475 0.524752
503 1.7475 0.477272
504 1.75025 0.427096
505 1.753 0.37427
506 1.75574 0.318878
507 1.75848 0.262692
508 1.76122 0.205445
509 1.76396 0.14804
510 1.76669 0.0915256
511 1.76943 0.035613
512 1.77216 -0.0184008
513 1.77489 -0.0694181
514 1.77762 -0.117183
515 1.78035 -0.161649
516 1.78308 -0.202485
517 1.78581 -0.238748
518 1.78854 -0.271417
519 1.79127 -0.299401
520 1.794 -0.322894
521 1.79673 -0.342577
522 1.79946 -0.358593
523 1.80219 -0.371325
524 1.80492 -0.381031
525 1.80765 -0.388247
526 1.81038 -0.392992
527 1.81311 -0.395925
528 1.81584 -0.397876
529 1.81857 -0.399204
530 1.8213 -0.399799
531 1.82403 -0.399393
532 1.82676 -0.398998
533 1.8295 -0.396548
534 1.83223 -0.395163
535 1.83497 -0.391675
536 1.83771 -0.387726
537 1.84045 -0.383119
538 1.84319 -0.377008
539 1.84593 -0.370484
540 1.84867 -0.363103
541 1.85142 -0.354751
542 1.85417 -0.344947
543 1.85692 -0.334481
544 1.85967 -0.322665
545 1.86243 -0.310154
546 1.86518 -0.296027
547 1.86795 -0.281332
548 1.87071 -0.266095
549 1.87348 -0.248927
550 1.87625 -0.230174
551 1.87903 -0.210823
552 1.88181 -0.190881
553 1.88459 -0.168941
554 1.88737 -0.145924
555 1.89016 -0.121636
556 1.89295 -0.0965511
557 1.89575 -0.0701469
558 1.89855 -0.0428842
559 1.90135 -0.0143073
560 1.90416 0.0133052
561 1.90697 0.0428673
562 1.90979 0.0734927
563 1.91261 0.105019
564 1.91543 0.137089
565 1.91826 0.169076
566 1.9211 0.202559
567 1.92394 0.235812
568 1.92678 0.270165
569 1.92963 0.304534
570 1.93249 0.338977
571 1.93535 0.373823
572 1.93822 0.408243
573 1.94109 0.442608
574 1.94397 0.477148
575 1.94685 0.511633
576 1.94974 0.545702
577 1.95264 0.579777
578 1.95554 0.613019
579 1.95844 0.646514
580 1.96135 0.679655
581 1.96427 0.712101
582 1.96719 0.744142
583 1.97012 0.775614
584 1.97305 0.806253
585 1.97598 0.836309
586 1.97893 0.865557
587 1.98188 0.894155
588 1.98483 0.922079
589 1.98779 0.949662
590 1.99076 0.976624
591 1.99373 1.00429
592 1.9967 1.03169
593 1.99969 1.0601
594 2.00267 1.08903
595 2.00567 1.11916
596 2.00867 1.14974
597 2.01167 1.18105
598 2.01468 1.21279
599 2.0177 1.24354
600 2.02072 1.27322
601 2.02375 1.30059
602 2.02679 1.32538
603 2.02983 1.34712
604 2.03287 1.36547
605 2.03592 1.38062
606 2.03898 1.39289
607 2.04205 1.40272
608 2.04512 1.41076
609 2.04819 1.41707
610 2.05128 1.42161
611 2.05436 1.42389
612 2.05746 1.42295
613 2.06056 1.4176
614 2.06367 1.40632
615 2.06678 1.38741
616 2.0699 1.35933
617 2.07303 1.32109
618 2.07616 1.27093
619 2.0793 1.20909
620 2.08244 1.134
621 2.08559 1.04701
622 2.08875 0.948771
623 2.09191 0.838272
624 2.09508 0.717159
625 2.09825 0.586765
626 2.10144 0.447854
627 2.10462 0.302364
628 2.10781 0.15164
629 2.11101 -0.00307464
630 2.11421 -0.160097
631 2.11741 -0.31944
632 2.12061 -0.477179
633 2.12382 -0.63242
634 2.12703 -0.782987
635 2.13024 -0.927222
636 2.13345 -1.06409
637 2.13666 -1.19251
638 2.13988 -1.31119
639 2.14309 -1.42027
640 2.14631 -1.51901
641 2.14952 -1.60782
642 2.15273 -1.68585
643 2.15595 -1.75361
644 2.15916 -1.81161
645 2.16236 -1.8595
646 2.16557 -1.89818
647 2.16877 -1.92836
648 2.17197 -1.95082
649 2.17517 -1.96782
650 2.17836 -1.97993
651 2.18156 -1.98937
652 2.18475 -1.99621
653 2.18793 -2.00066
654 2.19112 -2.00162
655 2.1943 -1.99734
656 2.19748 -1.98548
657 2.20065 -1.96396
658 2.20383 -1.93086
659 2.207 -1.88526
660 2.21016 -1.82612
661 2.21333 -1.75369
662 2.21649 -1.66822
663 2.21965 -1.56998
664 2.22281 -1.45941
665 2.22596 -1.33665
666 2.22912 -1.20164
667 2.23226 -1.05461
668 2.23541 -0.897197
669 2.23856 -0.728803
670 2.2417 -0.553145
671 2.24484 -0.371165
672 2.24798 -0.18616
673 2.25112 -0.000952094
674 2.25425 0.18307
675 2.25738 0.361834
676 2.26051 0.533138
677 2.26364 0.694415
678 2.26677 0.844102
679 2.26989 0.9796
680 2.27301 1.10003
681 2.27612 1.20485
682 2.27924 1.29329
683 2.28235 1.36613
684 2.28546 1.42374
685 2.28857 1.46693
686 2.29167 1.49773
687 2.29477 1.51842
688 2.29787 1.53115
689 2.30097 1.5381
690 2.30407 1.54163
691 2.30716 1.54335
692 2.31025 1.54474
693 2.31334 1.54661
694 2.31643 1.54939
695 2.31951 1.55272
696 2.32259 1.55729
697 2.32567 1.56138
698 2.32874 1.56541
699 2.33181 1.56878
700 2.33488 1.57029
701 2.33794 1.57039
702 2.341 1.56887
703 2.34406 1.56479
704 2.34711 1.55824
705 2.35016 1.54841
706 2.35321 1.53476
707 2.35626 1.51615
708 2.3593 1.49139
709 2.36234 1.45953
710 2.36538 1.41929
711 2.36841 1.36945
712 2.37144 1.30947
713 2.37447 1.23839
714 2.3775 1.156
715 2.38053 1.06226
716 2.38355 0.957621
717 2.38657 0.842681
718 2.38959 0.718062
719 2.3926 0.585212
720 2.39562 0.445561
721 2.39863 0.300933
722 2.40164 0.152209
723 2.40465 0.000858496
724 2.40765 -0.151521
725 2.41066 -0.302392
726 2.41366 -0.450518
727 2.41666 -0.595473
728 2.41965 -0.734474
729 2.42265 -0.867056
730 2.42564 -0.991863
731 2.42863 -1.1082
732 2.43162 -1.2156
733 2.43461 -1.31335
734 2.43759 -1.40246
735 2.44057 -1.4819
736 2.44355 -1.54962
737 2.44652 -1.60734
738 2.4495 -1.65535
739 2.45247 -1.69369
740 2.45544 -1.72321
741 2.45841 -1.74472
742 2.46138 -1.75929
743 2.46434 -1.76835
744 2.46731 -1.77285
745 2.47027 -1.77435
746 2.47323 -1.77432
747 2.47618 -1.77383
748 2.47914 -1.77334
749 2.48209 -1.77441
750 2.48504 -1.7773
751 2.48799 -1.78281
752 2.49094 -1.79098
753 2.49388 -1.80197
754 2.49682 -1.81481
755 2.49977 -1.82877
756 2.5027 -1.84265
757 2.50564 -1.85467
758 2.50857 -1.86368
759 2.5115 -1.86822
760 2.51443 -1.8675
761 2.51736 -1.86112
762 2.52029 -1.84919
763 2.52321 -1.83188
764 2.52613 -1.80955
765 2.52905 -1.78244
766 2.53197 -1.75036
767 2.53489 -1.71246
768 2.53781 -1.66782
769 2.54072 -1.61512
770 2.54364 -1.5529
771 2.54655 -1.47875
772 2.54946 -1.39422
773 2.55237 -1.29799
774 2.55528 -1.1887
775 2.55819 -1.06758
776 2.56109 -0.936025
777 2.564 -0.794921
778 2.5669 -0.645616
779 2.56981 -0.489218
780 2.57271 -0.326887
781 2.57561 -0.160786
782 2.57852 0.00751369
783 2.58142 0.176419
784 2.58431 0.344635
785 2.58721 0.510426
786 2.59011 0.672266
787 2.59301 0.82907
788 2.5959 0.978383
789 2.59879 1.11946
790 2.60169 1.25299
791 2.60458 1.3757
792 2.60747 1.48653
793 2.61036 1.5851
794 2.61325 1.67106
795 2.61614 1.74447
796 2.61903 1.80578
797 2.62192 1.85523
798 2.62481 1.89399
799 2.62769 1.92302
800 2.63058 1.94368
801 2.63347 1.95745
802 2.63636 1.96534
803 2.63924 1.96956
804 2.64213 1.9707
805 2.64501 1.97024
806 2.64789 1.96908
807 2.65078 1.96722
808 2.65366 1.96568
809 2.65654 1.96425
810 2.65942 1.96304
811 2.6623 1.96135
812 2.66518 1.95966
813 2.66806 1.95713
814 2.67094 1.95393
815 2.67381 1.9495
816 2.67669 1.94382
817 2.67957 1.93633
818 2.68245 1.92642
819 2.68533 1.91327
820 2.6882 1.89617
821 2.69108 1.87377
822 2.69396 1.84504
823 2.69684 1.80849
824 2.69972 1.76291
825 2.7026 1.70707
826 2.70547 1.64029
827 2.70835 1.56167
828 2.71123 1.47126
829 2.71411 1.3689
830 2.71699 1.25423
831 2.71987 1.12771
832 2.72275 0.991003
833 2.72564 0.844634
834 2.72852 0.690194
835 2.7314 0.529119
836 2.73428 0.360908
837 2.73717 0.189389
838 2.74005 0.0160023
839 2.74294 -0.157023
840 2.74582 -0.329079
841 2.74871 -0.498047
842 2.7516 -0.663054
843 2.75448 -0.823465
844 2.75737 -0.977486
845 2.76026 -1.12243
846 2.76315 -1.25857
847 2.76604 -1.3842
848 2.76893 -1.49731
849 2.77183 -1.59917
850 2.77472 -1.68915
851 2.77761 -1.7667
852 2.78051 -1.83201
853 2.7834 -1.88537
854 2.78629 -1.92694
855 2.78918 -1.958
856 2.79206 -1.98027
857 2.79494 -1.99399
858 2.79781 -2.00173
859 2.80068 -2.00496
860 2.80355 -2.00581
861 2.80642 -2.00562
862 2.80928 -2.00598
863 2.81213 -2.00726
864 2.81499 -2.01031
865 2.81784 -2.0146
866 2.82068 -2.01951
867 2.82352 -2.02438
868 2.82636 -2.02773
869 2.82919 -2.02871
870 2.83201 -2.02664
871 2.83484 -2.02107
872 2.83766 -2.01195
873 2.84048 -1.9991
874 2.84329 -1.98267
875 2.8461 -1.96238
876 2.84891 -1.93757
877 2.85171 -1.90751
878 2.85452 -1.87098
879 2.85731 -1.82667
880 2.86011 -1.77203
881 2.8629 -1.70809
882 2.8657 -1.6315
883 2.86848 -1.54301
884 2.87127 -1.44154
885 2.87406 -1.32852
886 2.87684 -1.20237
887 2.87962 -1.06564
888 2.88239 -0.918959
889 2.88517 -0.76374
890 2.88794 -0.60071
891 2.89071 -0.430913
892 2.89347 -0.257156
893 2.89624 -0.0796406
894 2.899 0.0981758
895 2.90176 0.276345
896 2.90452 0.452296
897 2.90727 0.624183
898 2.91002 0.792136
899 2.91278 0.952308
900 2.91553 1.10502
901 2.91827 1.2493
902 2.92102 1.38333
903 2.92376 1.50538
904 2.9265 1.61443
905 2.92924 1.71094
906 2.93198 1.79394
907 2.93472 1.86398
908 2.93746 1.92132
909 2.94019 1.96675
910 2.94293 2.00139
911 2.94566 2.02666
912 2.94839 2.04383
913 2.95112 2.0548
914 2.95385 2.06131
915 2.95657 2.0648
916 2.9593 2.06655
917 2.96202 2.06757
918 2.96475 2.06849
919 2.96747 2.06959
920 2.97019 2.07074
921 2.9729 2.07137
922 2.97562 2.07164
923 2.97834 2.07104
924 2.98105 2.0689
925 2.98376 2.06502
926 2.98647 2.05993
927 2.98918 2.05265
928 2.99189 2.04365
929 2.9946 2.03237
930 2.9973 2.0182
931 3.00001 2.00007
932 3.00271 1.97678
933 3.00541 1.94694
934 3.00811 1.90925
935 3.01081 1.86197
936 3.01351 1.80391
937 3.01621 1.73404
938 3.01891 1.6514
939 3.02161 1.55674
940 3.0243 1.44826
941 3.027 1.32721
942 3.0297 1.19443
943 3.03239 1.05132
944 3.03509 0.898249
945 3.03778 0.736144
946 3.04048 0.567674
947 3.04317 0.394091
948 3.04587 0.216959
949 3.04856 0.0378459
950 3.05125 -0.142682
951 3.05394 -0.321142
952 3.05663 -0.496777
953 3.05932 -0.666953
954 3.062 -0.83138
955 3.06469 -0.988515
956 3.06738 -1.13672
957 3.07006 -1.27565
958 3.07275 -1.4027
959 3.07543 -1.51931
960 3.07811 -1.62312
961 3.08079 -1.71367
962 3.08348 -1.79053
963 3.08616 -1.85362
964 3.08884 -1.90407
965 3.09152 -1.94242
966 3.0942 -1.96969
967 3.09687 -1.98685
968 3.09955 -1.99556
969 3.10223 -1.9973
970 3.10491 -1.99404
971 3.10758 -1.9869
972 3.11026 -1.97825
973 3.11294 -1.96913
974 3.11561 -1.96074
975 3.11829 -1.95434
976 3.12096 -1.95024
977 3.12364 -1.94873
978 3.12631 -1.94974
979 3.12898 -1.95219
980 3.13165 -1.95573
981 3.13433 -1.95972
982 3.137 -1.96307
983 3.13967 -1.96463
984 3.14234 -1.96496
985 3.14501 -1.96171
986 3.14768 -1.9573
987 3.15035 -1.95035
988 3.15301 -1.94042
989 3.15568 -1.92787
990 3.15835 -1.91211
991 3.16102 -1.89266
992 3.16368 -1.86842
993 3.16635 -1.8387
994 3.16902 -1.80194
995 3.17168 -1.75677
996 3.17435 -1.70232
997 3.17701 -1.63705
998 3.17968 -1.56126
999 3.18235 -1.47338
1000 3.18501 -1.37416
1001 3.18768 -1.26285
1002 3.19034 -1.1416
1003 3.19301 -1.00895
1004 3.19568 -0.867659
1005 3.19834 -0.718029
1006 3.20101 -0.561783
1007 3.20368 -0.40012
1008 3.20634 -0.234141
1009 3.20901 -0.0646165
1010 3.21168 0.106049
1011 3.21434 0.276614
1012 3.21701 0.44514
1013 3.21968 0.609963
1014 3.22234 0.770902
1015 3.22501 0.926154
1016 3.22767 1.07355
1017 3.23034 1.21253
1018 3.233 1.34305
1019 3.23567 1.46325
1020 3.23834 1.57202
1021 3.241 1.66874
1022 3.24367 1.75277
1023 3.24633 1.82475
1024 3.249 1.88421
1025 3.25166 1.93133
1026 3.25433 1.96763
1027 3.257 1.99338
1028 3.25966 2.01011
1029 3.26233 2.0195
1030 3.26499 2.02327
1031 3.26766 2.02248
1032 3.27033 2.0195
1033 3.27299 2.0157
1034 3.27566 2.01223
1035 3.27833 2.00974
1036 3.28099 2.00904
1037 3.28366 2.00992
1038 3.28632 2.01244
1039 3.28899 2.01531
1040 3.29166 2.01852
1041 3.29432 2.02131
1042 3.29699 2.02271
1043 3.29965 2.02212
1044 3.30232 2.01998
1045 3.30498 2.01548
1046 3.30765 2.0091
1047 3.31032 2.0009
1048 3.31298 1.99012
1049 3.31565 1.97716
1050 3.31832 1.9604
1051 3.32098 1.93912
1052 3.32365 1.91213
1053 3.32632 1.87784
1054 3.32898 1.83482
1055 3.33165 1.78177
1056 3.33432 1.71747
1057 3.33698 1.64177
1058 3.33965 1.55302
1059 3.34232 1.452
1060 3.34499 1.33842
1061 3.34766 1.21415
1062 3.35033 1.07882
1063 3.353 0.933405
1064 3.35567 0.779158
1065 3.35834 0.618067
1066 3.36101 0.451258
1067 3.36369 0.280051
1068 3.36636 0.105605
1069 3.36903 -0.0701779
1070 3.37171 -0.245785
1071 3.37438 -0.418866
1072 3.37706 -0.588358
1073 3.37973 -0.753101
1074 3.38241 -0.911731
1075 3.38509 -1.06298
1076 3.38776 -1.20475
1077 3.39044 -1.33667
1078 3.39312 -1.45877
1079 3.3958 -1.56907
1080 3.39848 -1.66644
1081 3.40116 -1.75083
1082 3.40384 -1.82174
1083 3.40652 -1.88018
1084 3.4092 -1.92633
1085 3.41189 -1.96043
1086 3.41457 -1.98422
1087 3.41726 -1.99897
1088 3.41994 -2.00596
1089 3.42263 -2.00721
1090 3.42532 -2.00357
1091 3.42801 -1.99763
1092 3.4307 -1.99055
1093 3.43339 -1.98371
1094 3.43608 -1.97816
1095 3.43877 -1.97477
1096 3.44146 -1.9734
1097 3.44416 -1.97423
1098 3.44686 -1.9762
1099 3.44955 -1.97935
1100 3.45225 -1.98241
1101 3.45495 -1.98458
1102 3.45765 -1.98496
1103 3.46035 -1.98392
1104 3.46305 -1.97918
1105 3.46575 -1.9731
1106 3.46846 -1.96414
1107 3.47116 -1.95206
1108 3.47387 -1.93699
1109 3.47657 -1.91805
1110 3.47928 -1.89453
1111 3.48199 -1.86548
1112 3.4847 -1.82953
1113 3.48741 -1.78531
1114 3.49013 -1.73072
1115 3.49284 -1.6665
1116 3.49555 -1.58987
1117 3.49827 -1.50161
1118 3.50099 -1.4004
1119 3.50371 -1.28673
1120 3.50643 -1.16192
1121 3.50916 -1.02554
1122 3.51188 -0.879184
1123 3.51461 -0.724277
1124 3.51733 -0.561968
1125 3.52006 -0.39394
1126 3.5228 -0.221572
1127 3.52553 -0.045384
1128 3.52826 0.131244
1129 3.531 0.308029
1130 3.53374 0.482142
1131 3.53648 0.652804
1132 3.53922 0.81753
1133 3.54196 0.976438
1134 3.54471 1.12622
1135 3.54746 1.2664
1136 3.5502 1.39692
1137 3.55295 1.51569
1138 3.55571 1.62138
1139 3.55846 1.71342
1140 3.56121 1.79199
1141 3.56397 1.85679
1142 3.56673 1.90835
1143 3.56949 1.94747
1144 3.57225 1.97502
1145 3.57502 1.99247
1146 3.57779 2.00202
1147 3.58055 2.0047
1148 3.58333 2.00316
1149 3.5861 1.99886
1150 3.58887 1.99382
1151 3.59165 1.98908
1152 3.59443 1.98581
1153 3.59721 1.98452
1154 3.59999 1.98512
1155 3.60277 1.98717
1156 3.60556 1.9898
1157 3.60835 1.99285
1158 3.61114 1.99513
1159 3.61393 1.9961
1160 3.61672 1.99521
1161 3.61952 1.99207
1162 3.62232 1.98776
1163 3.62511 1.98075
1164 3.62791 1.97203
1165 3.63072 1.96077
1166 3.63352 1.94607
1167 3.63633 1.92663
1168 3.63913 1.90107
1169 3.64194 1.86788
1170 3.64476 1.82508
1171 3.64757 1.7712
1172 3.65038 1.70486
1173 3.6532 1.62522
1174 3.65602 1.53187
1175 3.65884 1.42455
1176 3.66167 1.30354
1177 3.66449 1.1701
1178 3.66732 1.02444
1179 3.67015 0.867971
1180 3.67298 0.702641
1181 3.67582 0.529595
1182 3.67865 0.350704
1183 3.68149 0.168564
1184 3.68433 -0.0169994
1185 3.68717 -0.202193
1186 3.69002 -0.385756
1187 3.69287 -0.565294
1188 3.69572 -0.739878
1189 3.69857 -0.907276
1190 3.70142 -1.06688
1191 3.70428 -1.21579
1192 3.70713 -1.35283
1193 3.70999 -1.47946
1194 3.71285 -1.59211
1195 3.71572 -1.68979
1196 3.71858 -1.773
1197 3.72145 -1.84168
1198 3.72432 -1.89598
1199 3.72719 -1.93688
1200 3.73006 -1.96538
1201 3.73294 -1.9828
1202 3.73582 -1.99095
1203 3.7387 -1.99172
1204 3.74158 -1.987
1205 3.74446 -1.97936
1206 3.74735 -1.96987
1207 3.75023 -1.96095
1208 3.75312 -1.95366
1209 3.75602 -1.94896
1210 3.75891 -1.9469
1211 3.76181 -1.9479
1212 3.7647 -1.95058
1213 3.7676 -1.95454
1214 3.7705 -1.95828
1215 3.77341 -1.96125
1216 3.77631 -1.9612
1217 3.77922 -1.95983
1218 3.78213 -1.95442
1219 3.78503 -1.94599
1220 3.78795 -1.93402
1221 3.79086 -1.91847
1222 3.79377 -1.89883
1223 3.79669 -1.87435
1224 3.79961 -1.84359
1225 3.80252 -1.80546
1226 3.80544 -1.7581
1227 3.80837 -1.69997
1228 3.81129 -1.6292
1229 3.81421 -1.54526
1230 3.81714 -1.44735
1231 3.82007 -1.33529
1232 3.823 -1.20965
1233 3.82593 -1.07123
1234 3.82886 -0.92036
1235 3.8318 -0.759246
1236 3.83474 -0.589525
1237 3.83767 -0.412829
1238 3.84061 -0.231278
1239 3.84356 -0.0448431
1240 3.8465 0.142076
1241 3.84944 0.328282
1242 3.85239 0.511681
1243 3.85534 0.690829
1244 3.85829 0.863029
1245 3.86124 1.02738
1246 3.86419 1.18205
1247 3.86714 1.32477
1248 3.8701 1.45571
1249 3.87305 1.57305
1250 3.87601 1.67521
1251 3.87897 1.76207
1252 3.88193 1.83337
1253 3.88489 1.88976
1254 3.88785 1.93195
1255 3.89082 1.96129
1256 3.89378 1.97957
1257 3.89675 1.98877
1258 3.89972 1.99119
1259 3.90269 1.98891
1260 3.90566 1.98467
1261 3.90863 1.97977
1262 3.9116 1.97579
1263 3.91457 1.97375
1264 3.91755 1.97391
1265 3.92052 1.97573
1266 3.9235 1.97861
1267 3.92648 1.98195
1268 3.92945 1.98467
1269 3.93243 1.98614
1270 3.93541 1.98562
1271 3.93839 1.98318
1272 3.94137 1.97861
1273 3.94436 1.97195
1274 3.94734 1.96307
1275 3.95032 1.95131
1276 3.9533 1.93531
1277 3.95629 1.91351
1278 3.95927 1.88427
1279 3.96226 1.84546
1280 3.96524 1.79506
1281 3.96823 1.73143
1282 3.97122 1.6533
1283 3.97421 1.56028
1284 3.97719 1.45163
1285 3.98018 1.32788
1286 3.98317 1.19012
1287 3.98616 1.03911
1288 3.98916 0.876484
1289 3.99215 0.703526
1290 3.99514 0.522258
1291 3.99813 0.335167
1292 4.00113 0.144546
1293 4.00412 -0.0490948
1294 4.00712 -0.242143
1295 4.01011 -0.4322
1296 4.01311 -0.618141
1297 4.01611 -0.797402
1298 4.01911 -0.968455
1299 4.02211 -1.1295
1300 4.02511 -1.27939
1301 4.0281 -1.41612
1302 4.03111 -1.54031
1303 4.03411 -1.64917
1304 4.03711 -1.74229
1305 4.04011 -1.81963
1306 4.04311 -1.88147
1307 4.04611 -1.92868
1308 4.04912 -1.9622
1309 4.05212 -1.98357
1310 4.05513 -1.99449
1311 4.05813 -1.99706
1312 4.06114 -1.99332
1313 4.06414 -1.98586
1314 4.06715 -1.97681
1315 4.07016 -1.9675
1316 4.07316 -1.96031
1317 4.07617 -1.95533
1318 4.07918 -1.95369
1319 4.08219 -1.95472
1320 4.0852 -1.95764
1321 4.08821 -1.9615
1322 4.09122 -1.96514
1323 4.09423 -1.96704
1324 4.09724 -1.96645
1325 4.10025 -1.96256
1326 4.10326 -1.95509
1327 4.10627 -1.94394
1328 4.10928 -1.92899
1329 4.11229 -1.90997
1330 4.1153 -1.8862
1331 4.11831 -1.85638
1332 4.12132 -1.81946
1333 4.12434 -1.77352
1334 4.12735 -1.71691
1335 4.13036 -1.64802
1336 4.13337 -1.5651
1337 4.13639 -1.46801
1338 4.1394 -1.3564
1339 4.14241 -1.23048
1340 4.14543 -1.09109
1341 4.14844 -0.939347
1342 4.15146 -0.776484
1343 4.15447 -0.604552
1344 4.15749 -0.425713
1345 4.16051 -0.241255
1346 4.16352 -0.0521702
1347 4.16654 0.137765
1348 4.16956 0.326906
1349 4.17258 0.513278
1350 4.1756 0.694951
1351 4.17862 0.869573
1352 4.18164 1.03602
1353 4.18466 1.19248
1354 4.18768 1.33665
1355 4.1907 1.46863
1356 4.19373 1.58658
1357 4.19675 1.68893
1358 4.19977 1.77544
1359 4.2028 1.84631
1360 4.20582 1.90187
1361 4.20885 1.9431
1362 4.21187 1.97145
1363 4.2149 1.98887
1364 4.21793 1.99756
1365 4.22096 1.9999
1366 4.22399 1.99799
1367 4.22702 1.99463
1368 4.23005 1.99084
1369 4.23308 1.98838
1370 4.23611 1.98795
1371 4.23914 1.98933
1372 4.24218 1.99167
1373 4.24521 1.99512
1374 4.24824 1.99808
1375 4.25128 2.00006
1376 4.25431 2.00015
1377 4.25735 1.99839
1378 4.26038 1.99434
1379 4.26342 1.98838
1380 4.26646 1.98006
1381 4.26949 1.96887
1382 4.27253 1.95383
1383 4.27557 1.93312
1384 4.27861 1.90504
1385 4.28165 1.86754
1386 4.28469 1.81845
1387 4.28773 1.75598
1388 4.29077 1.67893
1389 4.29381 1.58629
1390 4.29685 1.4782
1391 4.2999 1.35434
1392 4.30294 1.21602
1393 4.30599 1.06425
1394 4.30903 0.899874
1395 4.31208 0.724892
1396 4.31513 0.541596
1397 4.31817 0.352187
1398 4.32122 0.158504
1399 4.32427 -0.0381097
1400 4.32732 -0.234276
1401 4.33037 -0.427943
1402 4.33343 -0.616573
1403 4.33648 -0.799028
1404 4.33953 -0.972605
1405 4.34259 -1.13615
1406 4.34565 -1.28862
1407 4.3487 -1.4292
1408 4.35176 -1.55504
1409 4.35482 -1.66538
1410 4.35788 -1.75964
1411 4.36094 -1.83803
1412 4.364 -1.90055
1413 4.36706 -1.94795
1414 4.37012 -1.98163
1415 4.37318 -2.00296
1416 4.37625 -2.01365
1417 4.37931 -2.01592
1418 4.38238 -2.01222
1419 4.38544 -2.0048
1420 4.38851 -1.99618
1421 4.39158 -1.98776
1422 4.39465 -1.98146
1423 4.39772 -1.97799
1424 4.40079 -1.97763
1425 4.40386 -1.97966
1426 4.40693 -1.98305
1427 4.41 -1.98715
1428 4.41307 -1.98981
1429 4.41614 -1.99014
1430 4.41921 -1.98714
1431 4.42229 -1.98019
1432 4.42536 -1.96928
1433 4.42843 -1.95426
1434 4.43151 -1.93496
1435 4.43458 -1.91091
1436 4.43766 -1.88102
1437 4.44073 -1.84384
1438 4.44381 -1.79801
1439 4.44689 -1.74145
1440 4.44997 -1.67248
1441 4.45305 -1.58961
1442 4.45612 -1.49141
1443 4.4592 -1.37805
1444 4.46229 -1.24981
1445 4.46537 -1.10742
1446 4.46845 -0.951875
1447 4.47154 -0.784793
1448 4.47462 -0.608069
1449 4.47771 -0.423782
1450 4.48079 -0.234103
1451 4.48388 -0.0394428
1452 4.48697 0.155881
1453 4.49006 0.350219
1454 4.49315 0.541563
1455 4.49625 0.727681
1456 4.49934 0.906252
1457 4.50244 1.07601
1458 4.50553 1.235
1459 4.50863 1.38078
1460 4.51173 1.51363
1461 4.51483 1.63143
1462 4.51793 1.73275
1463 4.52103 1.81737
1464 4.52413 1.88564
1465 4.52724 1.93808
1466 4.53034 1.97582
1467 4.53345 2.00087
1468 4.53656 2.01529
1469 4.53966 2.02172
1470 4.54277 2.02258
1471 4.54588 2.02054
1472 4.54899 2.01728
1473 4.55211 2.01504
1474 4.55522 2.01444
1475 4.55833 2.01565
1476 4.56145 2.0179
1477 4.56457 2.02112
1478 4.56768 2.02385
1479 4.5708 2.0254
1480 4.57392 2.02498
1481 4.57704 2.02261
1482 4.58016 2.01789
1483 4.58329 2.01105
1484 4.58641 2.00175
1485 4.58954 1.98923
1486 4.59266 1.97218
1487 4.59579 1.94842
1488 4.59892 1.91597
1489 4.60206 1.87224
1490 4.60519 1.81523
1491 4.60833 1.74297
1492 4.61146 1.65434
1493 4.6146 1.54868
1494 4.61774 1.4263
1495 4.62089 1.28719
1496 4.62404 1.13271
1497 4.6272 0.964355
1498 4.63037 0.783516
1499 4.63354 0.591998
1500 4.63673 0.392216
1501 4.63994 0.186873
1502 4.64316 -0.0219001
1503 4.6464 -0.232481
1504 4.64966 -0.441486
1505 4.65295 -0.64644
1506 4.65626 -0.844703
1507 4.6596 -1.03384
1508 4.66296 -1.21084
1509 4.66635 -1.37437
1510 4.66975 -1.52176
1511 4.67316 -1.65219
1512 4.67659 -1.76294
1513 4.68003 -1.85352
1514 4.68348 -1.92394
1515 4.68693 -1.97513
1516 4.69038 -2.00881
1517 4.69385 -2.02726
1518 4.69731 -2.03322
1519 4.70078 -2.03007
1520 4.70426 -2.02125
1521 4.70774 -2.01018
1522 4.71122 -1.99992
1523 4.71471 -1.99274
1524 4.71821 -1.98939
1525 4.72171 -1.99047
1526 4.72522 -1.99418
1527 4.72875 -1.99892
1528 4.73228 -2.00224
1529 4.73583 -2.00222
1530 4.73939 -1.99711
1531 4.74296 -1.98638
1532 4.74654 -1.96979
1533 4.75013 -1.94728
1534 4.75374 -1.91828
1535 4.75735 -1.88137
1536 4.76098 -1.83394
1537 4.76462 -1.77313
1538 4.76826 -1.69542
1539 4.77191 -1.59842
1540 4.77558 -1.47988
1541 4.77924 -1.33946
1542 4.78292 -1.17782
1543 4.7866 -0.996642
1544 4.79029 -0.797635
1545 4.79399 -0.584303
1546 4.79769 -0.360057
1547 4.80139 -0.128872
1548 4.8051 0.105591
1549 4.80881 0.339974
1550 4.81251 0.569031
1551 4.81619 0.788366
1552 4.81983 0.994785
1553 4.82346 1.18617
1554 4.82707 1.36045
1555 4.83066 1.51495
1556 4.83424 1.64859
1557 4.83779 1.76133
1558 4.84133 1.85163
1559 4.84486 1.92024
1560 4.84837 1.9687
1561 4.85188 1.99947
1562 4.85538 2.01581
1563 4.85888 2.02137
1564 4.86237 2.01991
1565 4.86587 2.01498
1566 4.86937 2.00978
1567 4.87286 2.00628
1568 4.87636 2.00563
1569 4.87986 2.00732
1570 4.88336 2.01096
1571 4.88686 2.0147
1572 4.89037 2.01666
1573 4.89389 2.01699
1574 4.89741 2.01394
1575 4.90094 2.00828
1576 4.90448 1.9996
1577 4.90803 1.98765
1578 4.91159 1.97101
1579 4.91517 1.94705
1580 4.91875 1.9123
1581 4.92235 1.86286
1582 4.92596 1.79543
1583 4.92958 1.70708
1584 4.9332 1.59587
1585 4.93684 1.46171
1586 4.94048 1.30521
1587 4.94412 1.128
1588 4.94777 0.932368
1589 4.95142 0.720941
1590 4.95507 0.497781
1591 4.95873 0.266263
1592 4.96239 0.0307291
1593 4.96605 -0.204997
1594 4.96971 -0.436925
1595 4.97337 -0.663769
1596 4.97703 -0.879895
1597 4.98069 -1.08285
1598 4.98433 -1.26861
1599 4.98795 -1.43506
1600 4.99154 -1.58062
1601 4.99511 -1.7046
1602 4.99865 -1.80798
1603 5.00219 -1.8897
1604 5.00572 -1.95034
1605 5.00923 -1.99172
1606 5.01274 -2.01617
1607 5.01625 -2.02671
1608 5.01975 -2.02644
1609 5.02325 -2.01893
1610 5.02675 -2.00759
1611 5.03026 -1.99573
1612 5.03376 -1.98601
1613 5.03727 -1.98017
1614 5.04078 -1.97889
1615 5.04429 -1.9817
1616 5.04782 -1.98688
1617 5.05135 -1.99232
1618 5.05488 -1.99567
1619 5.05843 -1.99476
1620 5.06198 -1.98864
1621 5.06554 -1.97672
1622 5.06911 -1.95894
1623 5.07268 -1.9354
1624 5.07625 -1.90549
1625 5.07983 -1.86769
1626 5.08341 -1.81922
1627 5.08699 -1.75742
1628 5.09058 -1.67897
1629 5.09417 -1.58153
1630 5.09777 -1.46378
1631 5.10136 -1.32537
1632 5.10496 -1.16684
1633 5.10857 -0.990242
1634 5.11217 -0.797816
1635 5.11578 -0.592481
1636 5.11939 -0.377378
1637 5.123 -0.155976
1638 5.12661 0.0698898
1639 5.13023 0.295416
1640 5.13385 0.518158
1641 5.13747 0.733642
1642 5.14109 0.939046
1643 5.14472 1.13148
1644 5.14833 1.3077
1645 5.15193 1.46522
1646 5.15551 1.60279
1647 5.15908 1.7191
1648 5.16263 1.81361
1649 5.16617 1.88749
1650 5.16969 1.94105
1651 5.17319 1.97625
1652 5.17669 1.9962
1653 5.18018 2.00427
1654 5.18366 2.00404
1655 5.18714 1.99909
1656 5.19062 1.99248
1657 5.1941 1.98685
1658 5.19759 1.98364
1659 5.20107 1.98356
1660 5.20455 1.98605
1661 5.20803 1.98989
1662 5.21152 1.99463
1663 5.21501 1.99724
1664 5.2185 1.99778
1665 5.222 1.99549
1666 5.22551 1.99049
1667 5.22903 1.98268
1668 5.23255 1.97156
1669 5.23609 1.95624
1670 5.23964 1.93471
1671 5.24321 1.90376
1672 5.24678 1.86005
1673 5.25037 1.8002
1674 5.25397 1.7213
1675 5.25759 1.62134
1676 5.26121 1.499
1677 5.26485 1.35489
1678 5.26849 1.18962
1679 5.27215 1.00583
1680 5.27582 0.805105
1681 5.27949 0.590784
1682 5.28318 0.366612
1683 5.28687 0.135631
1684 5.29057 -0.0975074
1685 5.29428 -0.3291
1686 5.29799 -0.555313
1687 5.30167 -0.773143
1688 5.30532 -0.97761
1689 5.30893 -1.16669
1690 5.31252 -1.33846
1691 5.31609 -1.49146
1692 5.31963 -1.62482
1693 5.32316 -1.73973
1694 5.32668 -1.83416
1695 5.33018 -1.90858
1696 5.33368 -1.96392
1697 5.33717 -2.00159
1698 5.34066 -2.02407
1699 5.34414 -2.03368
1700 5.34762 -2.03373
1701 5.3511 -2.02711
1702 5.35458 -2.01707
1703 5.35806 -2.00648
1704 5.36155 -1.9977
1705 5.36504 -1.99241
1706 5.36853 -1.99073
1707 5.37203 -1.99282
1708 5.37553 -1.99703
1709 5.37905 -2.00109
1710 5.38257 -2.00451
1711 5.38611 -2.00393
1712 5.38966 -1.99925
1713 5.39322 -1.98962
1714 5.39679 -1.9751
1715 5.40037 -1.95571
1716 5.40397 -1.9306
1717 5.40757 -1.89854
1718 5.41119 -1.85702
1719 5.41481 -1.80265
1720 5.41845 -1.73279
1721 5.42209 -1.64459
1722 5.42574 -1.53619
1723 5.4294 -1.40707
1724 5.43306 -1.25745
1725 5.43673 -1.08843
1726 5.4404 -0.902307
1727 5.44408 -0.701729
1728 5.44777 -0.489183
1729 5.45145 -0.267711
1730 5.45514 -0.0396016
1731 5.45884 0.189591
1732 5.46251 0.415149
1733 5.46616 0.633625
1734 5.46978 0.842161
1735 5.47338 1.03895
1736 5.47697 1.22186
1737 5.48055 1.38804
1738 5.4841 1.53625
1739 5.48764 1.66544
1740 5.49116 1.7758
1741 5.49466 1.86572
1742 5.49816 1.93544
1743 5.50165 1.9862
1744 5.50513 2.01995
1745 5.50861 2.03969
1746 5.51209 2.04823
1747 5.51557 2.04907
1748 5.51905 2.04564
1749 5.52253 2.04072
1750 5.52601 2.03674
1751 5.52949 2.03482
1752 5.53297 2.03578
1753 5.53645 2.03828
1754 5.53994 2.04115
1755 5.54344 2.04362
1756 5.54694 2.04357
1757 5.55045 2.04075
1758 5.55397 2.03445
1759 5.5575 2.02478
1760 5.56105 2.01158
1761 5.5646 1.99366
1762 5.56817 1.96919
1763 5.57175 1.93584
1764 5.57534 1.89026
1765 5.57894 1.82917
1766 5.58255 1.74936
1767 5.58618 1.64847
1768 5.58981 1.52572
1769 5.59345 1.38072
1770 5.59711 1.21494
1771 5.60077 1.02969
1772 5.60444 0.826906
1773 5.60811 0.610245
1774 5.6118 0.382733
1775 5.6155 0.148494
1776 5.6192 -0.0890334
1777 5.6229 -0.327099
1778 5.62659 -0.559367
1779 5.63025 -0.781818
1780 5.63389 -0.991831
1781 5.63749 -1.18662
1782 5.64107 -1.36431
1783 5.64462 -1.52531
1784 5.64815 -1.66628
1785 5.65168 -1.78693
1786 5.6552 -1.8865
1787 5.6587 -1.96548
1788 5.6622 -2.02458
1789 5.66569 -2.06576
1790 5.66918 -2.09097
1791 5.67266 -2.10348
1792 5.67615 -2.10671
1793 5.67964 -2.10438
1794 5.68313 -2.09996
1795 5.68662 -2.09617
1796 5.69011 -2.09425
1797 5.69361 -2.09476
1798 5.69711 -2.09663
1799 5.70062 -2.09814
1800 5.70414 -2.09786
1801 5.70768 -2.09415
1802 5.71122 -2.08683
1803 5.71477 -2.0756
1804 5.71834 -2.06029
1805 5.72192 -2.04082
1806 5.72551 -2.01504
1807 5.72911 -1.98061
1808 5.73272 -1.93358
1809 5.73633 -1.87005
1810 5.73996 -1.78655
1811 5.7436 -1.6806
1812 5.74724 -1.55085
1813 5.7509 -1.39771
1814 5.75456 -1.2227
1815 5.75823 -1.02814
1816 5.7619 -0.816506
1817 5.76558 -0.59148
1818 5.76927 -0.35676
1819 5.77296 -0.114719
1820 5.77665 0.129951
1821 5.78035 0.373149
1822 5.78404 0.610692
1823 5.78772 0.837036
1824 5.79136 1.04878
1825 5.79497 1.24355
1826 5.79857 1.41937
1827 5.80215 1.57449
1828 5.80572 1.70691
1829 5.80927 1.81609
1830 5.81281 1.90292
1831 5.81632 1.96704
1832 5.81983 2.01058
1833 5.82332 2.03596
1834 5.82681 2.04694
1835 5.83029 2.04705
1836 5.83377 2.04038
1837 5.83725 2.03045
1838 5.84073 2.02046
1839 5.8442 2.01289
1840 5.84768 2.00869
1841 5.85116 2.00802
1842 5.85464 2.00962
1843 5.85812 2.01285
1844 5.86161 2.01517
1845 5.8651 2.01488
1846 5.8686 2.01229
1847 5.8721 2.00588
1848 5.87561 1.99639
1849 5.87913 1.98333
1850 5.88266 1.96593
1851 5.88621 1.94274
1852 5.88976 1.91082
1853 5.89333 1.86662
1854 5.89691 1.80679
1855 5.9005 1.72806
1856 5.9041 1.62828
1857 5.90771 1.50544
1858 5.91134 1.36008
1859 5.91497 1.19297
1860 5.91861 1.0059
1861 5.92226 0.801837
1862 5.92592 0.583641
1863 5.92958 0.354818
1864 5.93326 0.119756
1865 5.93694 -0.118215
1866 5.94064 -0.354663
1867 5.94433 -0.585636
1868 5.94803 -0.808773
1869 5.95173 -1.01882
1870 5.95539 -1.21186
1871 5.95902 -1.38603
1872 5.96262 -1.53948
1873 5.9662 -1.67134
1874 5.96975 -1.78251
1875 5.97329 -1.87147
1876 5.97682 -1.93926
1877 5.98033 -1.98712
1878 5.98384 -2.01722
1879 5.98733 -2.0324
1880 5.99083 -2.03579
1881 5.99432 -2.03104
1882 5.9978 -2.02172
1883 6.00129 -2.01078
1884 6.00478 -2.00098
1885 6.00827 -1.99421
1886 6.01176 -1.99137
1887 6.01525 -1.99239
1888 6.01875 -1.99636
1889 6.02226 -2.00118
1890 6.02577 -2.00579
1891 6.02929 -2.00833
1892 6.03282 -2.00739
1893 6.03636 -2.00334
1894 6.03992 -1.99581
1895 6.04349 -1.98476
1896 6.04707 -1.9699
1897 6.05066 -1.94939
1898 6.05425 -1.92088
1899 6.05786 -1.8809
1900 6.06148 -1.82562
1901 6.06511 -1.75192
1902 6.06875 -1.65718
1903 6.0724 -1.5399
1904 6.07605 -1.39989
1905 6.07972 -1.2381
1906 6.08339 -1.05635
1907 6.08706 -0.85722
1908 6.09074 -0.643699
1909 6.09443 -0.419589
1910 6.09812 -0.186924
1911 6.10181 0.0500309
1912 6.10551 0.287378
1913 6.10921 0.520795
1914 6.11288 0.744538
1915 6.11652 0.955902
1916 6.12013 1.15255
1917 6.12372 1.33275
1918 6.1273 1.49483
1919 6.13087 1.63688
1920 6.13442 1.75794
1921 6.13795 1.85871
1922 6.14146 1.93811
1923 6.14497 1.9972
1924 6.14846 2.03745
1925 6.15195 2.06161
1926 6.15543 2.07256
1927 6.15891 2.07404
1928 6.16238 2.0693
1929 6.16586 2.06192
1930 6.16934 2.05493
1931 6.17282 2.0502
1932 6.1763 2.04865
1933 6.17978 2.05067
1934 6.18326 2.05439
1935 6.18675 2.05849
1936 6.19024 2.0603
1937 6.19373 2.05922
1938 6.19724 2.05402
1939 6.20075 2.04478
1940 6.20427 2.0314
1941 6.20781 2.0139
1942 6.21135 1.99149
1943 6.21491 1.96187
1944 6.21848 1.92214
1945 6.22206 1.8687
1946 6.22565 1.79798
1947 6.22925 1.707
1948 6.23287 1.59355
1949 6.23649 1.4574
1950 6.24012 1.29873
1951 6.24376 1.11923
1952 6.24741 0.921538
1953 6.25107 0.707762
1954 6.25474 0.481929
1955 6.25841 0.247749
1956 6.2621 0.0084482
1957 6.26579 -0.230994
1958 6.26948 -0.467011
1959 6.27318 -0.697454
1960 6.27687 -0.916458
1961 6.28053 -1.12015
1962 6.28416 -1.30625
1963 6.28776 -1.47256
1964 6.29133 -1.61776
1965 6.29489 -1.74246
1966 6.29842 -1.84457
1967 6.30195 -1.92482
1968 6.30546 -1.98382
1969 6.30897 -2.02357
1970 6.31246 -2.04669
1971 6.31596 -2.05609
1972 6.31945 -2.05561
1973 6.32293 -2.04895
1974 6.32642 -2.03954
1975 6.32991 -2.0303
1976 6.3334 -2.02363
1977 6.33689 -2.02039
1978 6.34039 -2.02063
1979 6.34389 -2.02324
1980 6.3474 -2.02616
1981 6.35091 -2.02899
1982 6.35443 -2.02908
1983 6.35796 -2.02627
1984 6.36151 -2.02016
1985 6.36507 -2.01073
1986 6.36863 -1.99749
1987 6.37221 -1.97957
1988 6.3758 -1.95458
1989 6.37941 -1.91987
1990 6.38302 -1.87151
1991 6.38664 -1.80599
1992 6.39027 -1.72049
1993 6.39391 -1.61292
1994 6.39756 -1.48242
1995 6.40122 -1.32921
1996 6.40489 -1.15488
1997 6.40856 -0.961772
1998 6.41224 -0.752074
1999 6.41592 -0.529872
2000 6.41961 -0.297673
2001 6.4233 -0.0595869
2002 6.427 0.17967
2003 6.4307 0.418274
2004 6.4344 0.649875
2005 6.43807 0.869994
2006 6.44171 1.07612
2007 6.44532 1.26579
2008 6.44891 1.43707
2009 6.4525 1.58892
2010 6.45606 1.71932
2011 6.45961 1.82803
2012 6.46315 1.91585
2013 6.46667 1.98227
2014 6.47017 2.02879
2015 6.47367 2.05751
2016 6.47716 2.07179
2017 6.48064 2.07488
2018 6.48412 2.07056
2019 6.4876 2.06256
2020 6.49108 2.0541
2021 6.49457 2.04774
2022 6.49805 2.04493
2023 6.50153 2.04547
2024 6.50502 2.04929
2025 6.5085 2.05384
2026 6.51199 2.05739
2027 6.51549 2.05749
2028 6.51899 2.05413
2029 6.5225 2.04618
2030 6.52602 2.03438
2031 6.52955 2.01863
2032 6.53309 1.99849
2033 6.53664 1.97257
2034 6.5402 1.93773
2035 6.54378 1.89045
2036 6.54736 1.8269
2037 6.55096 1.74409
2038 6.55457 1.63872
2039 6.55819 1.51061
2040 6.56181 1.3596
2041 6.56545 1.18659
2042 6.5691 0.994536
2043 6.57275 0.785134
2044 6.57642 0.562245
2045 6.58009 0.329706
2046 6.58377 0.091158
2047 6.58746 -0.149385
2048 6.59115 -0.387654
2049 6.59485 -0.619881
2050 6.59855 -0.844165
2051 6.60223 -1.05418
2052 6.60589 -1.24672
2053 6.60951 -1.41993
2054 6.61311 -1.5719
2055 6.61668 -1.70192
2056 6.62023 -1.81064
2057 6.62377 -1.89686
2058 6.6273 -1.96139
2059 6.63081 -2.0057
2060 6.63432 -2.03232
2061 6.63782 -2.04449
2062 6.64131 -2.04537
2063 6.64481 -2.03897
2064 6.6483 -2.0287
2065 6.65179 -2.01782
2066 6.65528 -2.0088
2067 6.65878 -2.00329
2068 6.66228 -2.00161
2069 6.66578 -2.00329
2070 6.66928 -2.00682
2071 6.6728 -2.0102
2072 6.67632 -2.01258
2073 6.67985 -2.01174
2074 6.68339 -2.00779
2075 6.68694 -2.0002
2076 6.6905 -1.98891
2077 6.69408 -1.97344
2078 6.69767 -1.95245
2079 6.70126 -1.92371
2080 6.70487 -1.88395
2081 6.70849 -1.82988
2082 6.71211 -1.75797
2083 6.71575 -1.66546
2084 6.71939 -1.551
2085 6.72304 -1.4137
2086 6.7267 -1.2545
2087 6.73037 -1.07499
2088 6.73404 -0.877664
2089 6.73772 -0.665055
2090 6.7414 -0.4412
2091 6.74509 -0.208715
2092 6.74878 0.0282474
2093 6.75247 0.264926
2094 6.75617 0.50019
2095 6.75987 0.727146
2096 6.76354 0.941669
2097 6.76717 1.14126
2098 6.77078 1.32369
2099 6.77437 1.48727
2100 6.77795 1.63108
2101 6.78152 1.75332
2102 6.78507 1.85402
2103 6.7886 1.93396
2104 6.79212 1.99306
2105 6.79563 2.03309
2106 6.79912 2.05656
2107 6.80261 2.06677
2108 6.80609 2.06765
2109 6.80958 2.06233
2110 6.81306 2.05494
2111 6.81654 2.04814
2112 6.82002 2.04421
2113 6.8235 2.04381
2114 6.82699 2.04647
2115 6.83047 2.05158
2116 6.83396 2.05628
2117 6.83745 2.05868
2118 6.84094 2.05765
2119 6.84445 2.05256
2120 6.84796 2.04324
2121 6.85148 2.03035
2122 6.855 2.01363
2123 6.85855 1.99224
2124 6.8621 1.96411
2125 6.86566 1.92569
2126 6.86924 1.87304
2127 6.87283 1.8025
2128 6.87643 1.71128
2129 6.88004 1.59682
2130 6.88366 1.45933
2131 6.88729 1.29924
2132 6.89093 1.1179
2133 6.89458 0.918295
2134 6.89823 0.702779
2135 6.9019 0.475329
2136 6.90558 0.239889
2137 6.90926 -0.000112596
2138 6.91295 -0.240489
2139 6.91665 -0.476945
2140 6.92035 -0.706239
2141 6.92405 -0.925794
2142 6.92772 -1.12909
2143 6.93136 -1.31417
2144 6.93498 -1.47909
2145 6.93856 -1.62238
2146 6.94212 -1.74296
2147 6.94567 -1.84214
2148 6.9492 -1.91893
2149 6.95272 -1.9745
2150 6.95623 -2.01074
2151 6.95973 -2.03047
2152 6.96323 -2.03712
2153 6.96672 -2.03398
2154 6.97021 -2.02495
2155 6.9737 -2.0132
2156 6.97719 -2.00203
2157 6.98068 -1.99334
2158 6.98417 -1.98856
2159 6.98767 -1.98781
2160 6.99117 -1.98997
2161 6.99467 -1.994
2162 6.99818 -1.99724
2163 7.0017 -1.99915
2164 7.00523 -1.99759
2165 7.00878 -1.99252
2166 7.01233 -1.98358
2167 7.01589 -1.97064
2168 7.01947 -1.95326
2169 7.02306 -1.93002
2170 7.02665 -1.89862
2171 7.03026 -1.85608
2172 7.03388 -1.79891
2173 7.0375 -1.72382
2174 7.04114 -1.62848
2175 7.04478 -1.51143
2176 7.04844 -1.37229
2177 7.0521 -1.21157
2178 7.05576 -1.03116
2179 7.05943 -0.833635
2180 7.06311 -0.622028
2181 7.06679 -0.399732
2182 7.07048 -0.169598
2183 7.07417 0.0644443
2184 7.07786 0.297901
2185 7.08156 0.52931
2186 7.08525 0.751746
2187 7.08891 0.961631
2188 7.09254 1.15673
2189 7.09615 1.33467
2190 7.09974 1.49402
2191 7.10332 1.63375
2192 7.10688 1.75232
2193 7.11043 1.84971
2194 7.11396 1.92674
2195 7.11747 1.98348
2196 7.12097 2.02165
2197 7.12447 2.04379
2198 7.12796 2.05332
2199 7.13144 2.05385
2200 7.13492 2.04889
2201 7.13841 2.04186
2202 7.14189 2.03558
2203 7.14537 2.03202
2204 7.14885 2.032
2205 7.15234 2.03479
2206 7.15582 2.04005
2207 7.15931 2.04504
2208 7.1628 2.048
2209 7.1663 2.04788
2210 7.1698 2.04371
2211 7.17331 2.03594
2212 7.17684 2.0244
2213 7.18037 2.00926
2214 7.18391 1.98982
2215 7.18747 1.96405
2216 7.19104 1.92864
2217 7.19462 1.87976
2218 7.19821 1.81386
2219 7.20181 1.72785
2220 7.20542 1.61927
2221 7.20904 1.48775
2222 7.21267 1.33361
2223 7.21632 1.15782
2224 7.21997 0.963593
2225 7.22363 0.75263
2226 7.2273 0.528582
2227 7.23097 0.29559
2228 7.23466 0.0568891
2229 7.23835 -0.183184
2230 7.24205 -0.420419
2231 7.24575 -0.651282
2232 7.24945 -0.87354
2233 7.25311 -1.08074
2234 7.25675 -1.27089
2235 7.26036 -1.44148
2236 7.26394 -1.59159
2237 7.26749 -1.71991
2238 7.27103 -1.82751
2239 7.27456 -1.91298
2240 7.27808 -1.97704
2241 7.28158 -2.02117
2242 7.28508 -2.04792
2243 7.28858 -2.0603
2244 7.29207 -2.0616
2245 7.29556 -2.05573
2246 7.29905 -2.04591
2247 7.30254 -2.03576
2248 7.30603 -2.02752
2249 7.30952 -2.02277
2250 7.31302 -2.0218
2251 7.31652 -2.0239
2252 7.32003 -2.02751
2253 7.32354 -2.03046
2254 7.32706 -2.03158
2255 7.33059 -2.02924
2256 7.33414 -2.02328
2257 7.33769 -2.01347
2258 7.34126 -1.99954
2259 7.34483 -1.98106
2260 7.34842 -1.9565
2261 7.35202 -1.92306
2262 7.35563 -1.87767
2263 7.35925 -1.81666
2264 7.36288 -1.73675
2265 7.36651 -1.63564
2266 7.37016 -1.51211
2267 7.37381 -1.36576
2268 7.37748 -1.19774
2269 7.38114 -1.01003
2270 7.38482 -0.805292
2271 7.38849 -0.587305
2272 7.39218 -0.359312
2273 7.39586 -0.123922
2274 7.39956 0.114756
2275 7.40325 0.351432
2276 7.40695 0.585204
2277 7.41064 0.808592
2278 7.41429 1.01865
2279 7.41792 1.21278
2280 7.42152 1.38871
2281 7.42511 1.54528
2282 7.42868 1.68077
2283 7.43224 1.79446
2284 7.43578 1.88711
2285 7.4393 1.95787
2286 7.44281 2.00832
2287 7.44632 2.04057
2288 7.44981 2.05746
2289 7.4533 2.06265
2290 7.45678 2.05992
2291 7.46027 2.05281
2292 7.46375 2.04476
2293 7.46724 2.03835
2294 7.47072 2.03514
2295 7.47421 2.0355
2296 7.47769 2.0384
2297 7.48118 2.04319
2298 7.48467 2.04706
2299 7.48817 2.04797
2300 7.49167 2.04624
2301 7.49517 2.04048
2302 7.49869 2.03136
2303 7.50222 2.01873
2304 7.50575 2.00235
2305 7.5093 1.98085
2306 7.51286 1.95127
2307 7.51644 1.91034
2308 7.52002 1.85386
2309 7.52362 1.77859
2310 7.52723 1.68179
2311 7.53084 1.56181
2312 7.53447 1.41888
2313 7.53811 1.25368
2314 7.54175 1.06771
2315 7.54541 0.864652
2316 7.54907 0.646214
2317 7.55275 0.416593
2318 7.55643 0.17995
2319 7.56012 -0.0607425
2320 7.56381 -0.300539
2321 7.56752 -0.535391
2322 7.57122 -0.763716
2323 7.57491 -0.979112
2324 7.57857 -1.17831
2325 7.5822 -1.3591
2326 7.5858 -1.51934
2327 7.58937 -1.65815
2328 7.59293 -1.7751
2329 7.59646 -1.87102
2330 7.59999 -1.94494
2331 7.60351 -1.99804
2332 7.60701 -2.0322
2333 7.61051 -2.05045
2334 7.614 -2.05584
2335 7.61749 -2.05201
2336 7.62098 -2.04272
2337 7.62447 -2.03113
2338 7.62796 -2.02047
2339 7.63145 -2.01275
2340 7.63494 -2.00901
2341 7.63844 -2.00928
2342 7.64194 -2.01228
2343 7.64544 -2.01622
2344 7.64896 -2.01943
2345 7.65248 -2.02
2346 7.65601 -2.01725
2347 7.65956 -2.01054
2348 7.66311 -1.99983
2349 7.66668 -1.98505
2350 7.67026 -1.96547
2351 7.67385 -1.93936
2352 7.67745 -1.90398
2353 7.68106 -1.85591
2354 7.68468 -1.79161
2355 7.68831 -1.70817
2356 7.69195 -1.60332
2357 7.6956 -1.47571
2358 7.69926 -1.32578
2359 7.70292 -1.15477
2360 7.70659 -0.964867
2361 7.71027 -0.758406
2362 7.71395 -0.539154
2363 7.71763 -0.309621
2364 7.72132 -0.0740216
2365 7.72502 0.163297
2366 7.72871 0.39989
2367 7.73241 0.630205
2368 7.73609 0.849804
2369 7.73973 1.05545
2370 7.74335 1.24504
2371 7.74694 1.41651
2372 7.75053 1.5686
2373 7.7541 1.69967
2374 7.75766 1.80888
2375 7.7612 1.8972
2376 7.76472 1.96408
2377 7.76823 2.01108
2378 7.77173 2.04043
2379 7.77522 2.05543
2380 7.77871 2.05925
2381 7.78219 2.05595
2382 7.78567 2.04891
2383 7.78916 2.04145
2384 7.79264 2.03595
2385 7.79613 2.03376
2386 7.79961 2.03505
2387 7.8031 2.03867
2388 7.80659 2.04389
2389 7.81008 2.04758
2390 7.81357 2.04884
2391 7.81708 2.04673
2392 7.82059 2.04084
2393 7.8241 2.03148
2394 7.82763 2.01849
2395 7.83117 2.00146
2396 7.83472 1.97871
2397 7.83829 1.94708
2398 7.84186 1.90309
2399 7.84545 1.84295
2400 7.84905 1.76357
2401 7.85266 1.66209
2402 7.85627 1.53722
2403 7.8599 1.38945
2404 7.86354 1.21942
2405 7.86719 1.02991
2406 7.87085 0.822675
2407 7.87451 0.601476
2408 7.87819 0.37001
2409 7.88187 0.131908
2410 7.88556 -0.108829
2411 7.88926 -0.34774
2412 7.89296 -0.580784
2413 7.89666 -0.806584
2414 7.90034 -1.01838
2415 7.904 -1.21341
2416 7.90762 -1.38947
2417 7.91122 -1.54479
2418 7.91479 -1.67846
2419 7.91834 -1.7914
2420 7.92187 -1.88194
2421 7.9254 -1.95106
2422 7.92892 -1.99988
2423 7.93242 -2.03066
2424 7.93592 -2.04635
2425 7.93941 -2.05002
2426 7.9429 -2.0454
2427 7.94639 -2.03609
2428 7.94988 -2.0253
2429 7.95337 -2.01573
2430 7.95687 -2.00929
2431 7.96036 -2.00684
2432 7.96386 -2.00806
2433 7.96736 -2.01159
2434 7.97087 -2.01566
2435 7.97439 -2.01897
2436 7.97791 -2.01923
2437 7.98145 -2.01608
2438 7.985 -2.00892
2439 7.98856 -1.99773
2440 7.99213 -1.9822
2441 7.99571 -1.96132
2442 7.99931 -1.93328
2443 8.00291 -1.89513
2444 8.00652 -1.84346
2445 8.01015 -1.77486
2446 8.01378 -1.6866
2447 8.01742 -1.5767
2448 8.02107 -1.44416
2449 8.02473 -1.28969
2450 8.02839 -1.11474
2451 8.03207 -0.92134
2452 8.03574 -0.71202
2453 8.03942 -0.490783
2454 8.04311 -0.260082
2455 8.0468 -0.0241691
2456 8.0505 0.212484
2457 8.0542 0.448088
2458 8.0579 0.676519
2459 8.06157 0.893436
2460 8.0652 1.0961
2461 8.06882 1.28231
2462 8.07241 1.45006
2463 8.076 1.59834
2464 8.07957 1.72522
2465 8.08312 1.83042
2466 8.08666 1.91484
2467 8.09018 1.97805
2468 8.09368 2.02171
2469 8.09718 2.04811
2470 8.10067 2.06077
2471 8.10416 2.06291
2472 8.10764 2.0586
2473 8.11113 2.05131
2474 8.11461 2.04407
2475 8.11809 2.03925
2476 8.12158 2.03787
2477 8.12506 2.03947
2478 8.12855 2.04376
2479 8.13204 2.04822
2480 8.13553 2.05089
2481 8.13903 2.05076
2482 8.14253 2.04712
2483 8.14604 2.03953
2484 8.14957 2.02863
2485 8.1531 2.01405
2486 8.15664 1.99524
2487 8.16019 1.97011
2488 8.16376 1.93529
2489 8.16734 1.88697
2490 8.17093 1.82148
2491 8.17453 1.7359
2492 8.17814 1.62741
2493 8.18176 1.49592
2494 8.18538 1.34173
2495 8.18901 1.16596
2496 8.19265 0.971827
2497 8.19629 0.761033
2498 8.19994 0.537558
2499 8.20359 0.305544
2500 8.20724 0.0683293
2501 8.21089 -0.169891
2502 8.21455 -0.405132
2503 8.21821 -0.633686
2504 8.22186 -0.854495
2505 8.22552 -1.06205
2506 8.22917 -1.25331
2507 8.23279 -1.42527
2508 8.23638 -1.57615
2509 8.23995 -1.70521
2510 8.2435 -1.81337
2511 8.24703 -1.89926
2512 8.25055 -1.9636
2513 8.25407 -2.00809
2514 8.25757 -2.03495
2515 8.26107 -2.04741
2516 8.26456 -2.04851
2517 8.26805 -2.04224
2518 8.27154 -2.03186
2519 8.27503 -2.02074
2520 8.27852 -2.01141
2521 8.28202 -2.00553
2522 8.28551 -2.00387
2523 8.28901 -2.00526
2524 8.29252 -2.00906
2525 8.29603 -2.01262
2526 8.29955 -2.01499
2527 8.30308 -2.01394
2528 8.30661 -2.0093
2529 8.31015 -2.0007
2530 8.3137 -1.98805
2531 8.31725 -1.97116
2532 8.3208 -1.94896
2533 8.32436 -1.9195
2534 8.32792 -1.87982
2535 8.33148 -1.82674
2536 8.33504 -1.75697
2537 8.33861 -1.66816
2538 8.34218 -1.55856
2539 8.34575 -1.42749
2540 8.34932 -1.27564
2541 8.3529 -1.10461
2542 8.35647 -0.916307
2543 8.36005 -0.713263
2544 8.36362 -0.498938
2545 8.3672 -0.275696
2546 8.37078 -0.0474218
2547 8.37437 0.181816
2548 8.37795 0.41035
2549 8.38153 0.632911
2550 8.38512 0.846938
2551 8.3887 1.04928
2552 8.39229 1.23758
2553 8.39588 1.40894
2554 8.39947 1.56167
2555 8.40305 1.69344
2556 8.4066 1.80347
2557 8.41014 1.89265
2558 8.41367 1.96039
2559 8.41718 2.00834
2560 8.42068 2.03847
2561 8.42417 2.05424
2562 8.42766 2.05876
2563 8.43114 2.05612
2564 8.43463 2.04967
2565 8.43811 2.04277
2566 8.44159 2.03769
2567 8.44508 2.03594
2568 8.44856 2.0375
2569 8.45205 2.04135
2570 8.45554 2.04661
2571 8.45903 2.0501
2572 8.46253 2.05111
2573 8.46603 2.04861
2574 8.46954 2.04228
2575 8.47306 2.0326
2576 8.47659 2.01937
2577 8.48012 2.00231
2578 8.48366 1.97978
2579 8.48721 1.94873
2580 8.49076 1.90566
2581 8.49432 1.84688
2582 8.49788 1.76938
2583 8.50145 1.6706
2584 8.50501 1.54923
2585 8.50859 1.40577
2586 8.51216 1.24116
2587 8.51574 1.05716
2588 8.51932 0.856791
2589 8.52291 0.642557
2590 8.52649 0.418226
2591 8.53008 0.187151
2592 8.53367 -0.0468072
2593 8.53726 -0.280097
2594 8.54085 -0.508567
2595 8.54444 -0.731443
2596 8.54804 -0.943119
2597 8.55164 -1.14177
2598 8.55523 -1.32432
2599 8.55883 -1.48836
2600 8.56241 -1.63142
2601 8.56596 -1.75269
2602 8.5695 -1.85301
2603 8.57303 -1.93125
2604 8.57655 -1.98837
2605 8.58005 -2.02619
2606 8.58355 -2.04749
2607 8.58704 -2.05538
2608 8.59053 -2.05325
2609 8.59402 -2.04496
2610 8.59751 -2.03374
2611 8.601 -2.02294
2612 8.60449 -2.01459
2613 8.60798 -2.01009
2614 8.61148 -2.0096
2615 8.61498 -2.01191
2616 8.61848 -2.01586
2617 8.622 -2.01896
2618 8.62552 -2.01994
2619 8.62905 -2.0176
2620 8.63258 -2.01131
2621 8.63613 -2.00105
2622 8.63968 -1.98673
2623 8.64323 -1.96781
2624 8.64679 -1.94277
2625 8.65035 -1.90937
2626 8.65392 -1.8643
2627 8.65749 -1.80438
2628 8.66106 -1.72649
2629 8.66464 -1.62855
2630 8.66822 -1.50931
2631 8.6718 -1.36862
2632 8.67538 -1.20742
2633 8.67896 -1.02769
2634 8.68255 -0.831459
2635 8.68614 -0.622181
2636 8.68973 -0.401696
2637 8.69332 -0.174275
2638 8.69691 0.0560795
2639 8.7005 0.285907
2640 8.7041 0.513869
2641 8.70769 0.733628
2642 8.71129 0.943562
2643 8.71489 1.14058
2644 8.71849 1.32185
2645 8.72208 1.48511
2646 8.72566 1.62786
2647 8.72922 1.74909
2648 8.73276 1.84962
2649 8.73629 1.92814
2650 8.7398 1.98596
2651 8.74331 2.02478
2652 8.7468 2.04724
2653 8.75029 2.0567
2654 8.75378 2.05696
2655 8.75727 2.05142
2656 8.76075 2.04381
2657 8.76424 2.03682
2658 8.76772 2.03258
2659 8.77121 2.03188
2660 8.7747 2.03397
2661 8.77819 2.03848
2662 8.78168 2.04275
2663 8.78517 2.04493
2664 8.78868 2.04441
2665 8.79218 2.04021
2666 8.7957 2.03256
2667 8.79923 2.02148
2668 8.80276 2.00696
2669 8.8063 1.98805
2670 8.80984 1.96248
2671 8.81339 1.92677
2672 8.81694 1.8775
2673 8.8205 1.81123
2674 8.82407 1.7249
2675 8.82763 1.61657
2676 8.8312 1.48601
2677 8.83477 1.33374
2678 8.83835 1.16079
2679 8.84192 0.97035
2680 8.8455 0.76406
2681 8.84908 0.545533
2682 8.85267 0.3186
2683 8.85625 0.0863434
2684 8.85984 -0.147073
2685 8.86343 -0.378037
2686 8.86701 -0.603355
2687 8.87061 -0.821684
2688 8.8742 -1.02788
2689 8.87779 -1.21923
2690 8.88138 -1.39381
2691 8.88497 -1.54905
2692 8.88854 -1.6828
2693 8.89209 -1.79612
2694 8.89562 -1.88713
2695 8.89915 -1.95635
2696 8.90266 -2.00533
2697 8.90617 -2.03617
2698 8.90967 -2.05187
2699 8.91316 -2.05542
2700 8.91666 -2.05082
2701 8.92015 -2.04134
2702 8.92364 -2.0306
2703 8.92714 -2.02104
2704 8.93064 -2.01483
2705 8.93414 -2.01259
2706 8.93764 -2.01393
2707 8.94115 -2.01754
2708 8.94466 -2.02124
2709 8.94819 -2.02386
2710 8.95172 -2.0232
2711 8.95525 -2.01886
2712 8.9588 -2.01047
2713 8.96235 -1.99793
2714 8.96591 -1.98103
2715 8.96947 -1.95876
2716 8.97304 -1.92902
2717 8.97661 -1.88902
2718 8.98018 -1.83534
2719 8.98376 -1.76461
2720 8.98735 -1.67453
2721 8.99093 -1.56321
2722 8.99452 -1.43003
2723 8.99811 -1.27569
2724 9.00171 -1.10193
2725 9.0053 -0.910678
2726 9.0089 -0.704482
2727 9.0125 -0.485966
2728 9.01611 -0.259377
2729 9.01971 -0.0278263
2730 9.02332 0.204195
2731 9.02693 0.435683
2732 9.03054 0.660245
2733 9.03416 0.87614
2734 9.03777 1.07972
2735 9.04139 1.26834
2736 9.04499 1.43871
2737 9.04858 1.58934
2738 9.05216 1.71852
2739 9.05572 1.82571
2740 9.05926 1.91166
2741 9.06278 1.97602
2742 9.06629 2.02059
2743 9.06979 2.04771
2744 9.07329 2.06088
2745 9.07678 2.06345
2746 9.08027 2.05953
2747 9.08375 2.05262
2748 9.08724 2.04575
2749 9.09073 2.0413
2750 9.09422 2.04015
2751 9.09771 2.04188
2752 9.1012 2.04604
2753 9.10469 2.05021
2754 9.10819 2.05254
2755 9.11169 2.05196
2756 9.1152 2.0481
2757 9.11871 2.04033
2758 9.12224 2.02948
2759 9.12577 2.01502
2760 9.12932 1.99616
2761 9.13287 1.97067
2762 9.13644 1.93499
2763 9.14002 1.88532
2764 9.14361 1.81815
2765 9.1472 1.73047
2766 9.1508 1.61991
2767 9.15441 1.48659
2768 9.15803 1.33085
2769 9.16165 1.15388
2770 9.16528 0.958869
2771 9.16891 0.747469
2772 9.17255 0.523734
2773 9.1762 0.291507
2774 9.17985 0.0543514
2775 9.1835 -0.183759
2776 9.18716 -0.418953
2777 9.19082 -0.647479
2778 9.19449 -0.868105
2779 9.19816 -1.07528
2780 9.20181 -1.26526
2781 9.20543 -1.43587
2782 9.20902 -1.58519
2783 9.21259 -1.71247
2784 9.21614 -1.81879
2785 9.21968 -1.90263
2786 9.2232 -1.96481
2787 9.22672 -2.00701
2788 9.23023 -2.03169
2789 9.23373 -2.0421
2790 9.23722 -2.04133
2791 9.24072 -2.03328
2792 9.24421 -2.02139
2793 9.24771 -2.00889
2794 9.25121 -1.9983
2795 9.25471 -1.99143
2796 9.25821 -1.98886
2797 9.26171 -1.99017
2798 9.26522 -1.99378
2799 9.26874 -1.99792
2800 9.27226 -2.00089
2801 9.2758 -2.00057
2802 9.27934 -1.99647
2803 9.2829 -1.98808
2804 9.28647 -1.97515
2805 9.29005 -1.95763
2806 9.29364 -1.93462
2807 9.29724 -1.90426
2808 9.30085 -1.86376
2809 9.30447 -1.80988
2810 9.30809 -1.73923
2811 9.31173 -1.64917
2812 9.31537 -1.53784
2813 9.31903 -1.40429
2814 9.32268 -1.24911
2815 9.32635 -1.07398
2816 9.33002 -0.880889
2817 9.3337 -0.672572
2818 9.33738 -0.452851
2819 9.34106 -0.22427
2820 9.34475 0.00920889
2821 9.34844 0.243017
2822 9.35214 0.475396
2823 9.35583 0.700371
2824 9.3595 0.913688
2825 9.36314 1.11268
2826 9.36675 1.29513
2827 9.37034 1.4592
2828 9.37393 1.6038
2829 9.3775 1.72733
2830 9.38105 1.82935
2831 9.38458 1.91069
2832 9.3881 1.97128
2833 9.39161 2.0128
2834 9.39511 2.03779
2835 9.3986 2.04956
2836 9.40209 2.05188
2837 9.40557 2.04833
2838 9.40905 2.04236
2839 9.41254 2.03681
2840 9.41602 2.03375
2841 9.41951 2.03401
2842 9.42299 2.03691
2843 9.42648 2.04205
2844 9.42997 2.04693
2845 9.43346 2.04962
2846 9.43696 2.04963
2847 9.44046 2.0459
2848 9.44398 2.03842
2849 9.4475 2.02787
2850 9.45103 2.01373
2851 9.45457 1.99521
2852 9.45813 1.97014
2853 9.46169 1.93507
2854 9.46527 1.88595
2855 9.46887 1.8194
2856 9.47247 1.7324
2857 9.47608 1.62256
2858 9.47971 1.48971
2859 9.48334 1.33433
2860 9.48699 1.15727
2861 9.49064 0.961865
2862 9.4943 0.749854
2863 9.49798 0.52496
2864 9.50166 0.291315
2865 9.50535 0.0521998
2866 9.50904 -0.188047
2867 9.51275 -0.42541
2868 9.51646 -0.656062
2869 9.52015 -0.877817
2870 9.52382 -1.08416
2871 9.52746 -1.27347
2872 9.53107 -1.44309
2873 9.53465 -1.59214
2874 9.53821 -1.71937
2875 9.54175 -1.8259
2876 9.54528 -1.91031
2877 9.5488 -1.97344
2878 9.55231 -2.01682
2879 9.55581 -2.04283
2880 9.5593 -2.05457
2881 9.56279 -2.05504
2882 9.56628 -2.04833
2883 9.56977 -2.03756
2884 9.57326 -2.02625
2885 9.57675 -2.01677
2886 9.58024 -2.01091
2887 9.58373 -2.00914
2888 9.58723 -2.01097
2889 9.59074 -2.01467
2890 9.59425 -2.01825
2891 9.59777 -2.0203
2892 9.6013 -2.01881
2893 9.60484 -2.01347
2894 9.6084 -2.00394
2895 9.61196 -1.98995
2896 9.61554 -1.97138
2897 9.61913 -1.9471
2898 9.62272 -1.91497
2899 9.62633 -1.87192
2900 9.62995 -1.81456
2901 9.63358 -1.73966
2902 9.63721 -1.64458
2903 9.64086 -1.52778
2904 9.64451 -1.38886
2905 9.64817 -1.22838
2906 9.65184 -1.04839
2907 9.65551 -0.850983
2908 9.65919 -0.639392
2909 9.66287 -0.416973
2910 9.66656 -0.186243
2911 9.67025 0.0487793
2912 9.67394 0.282979
2913 9.67764 0.515432
2914 9.68133 0.738837
2915 9.68499 0.950132
2916 9.68862 1.14642
2917 9.69222 1.32578
2918 9.69581 1.48639
2919 9.69939 1.62724
2920 9.70295 1.74672
2921 9.70649 1.84479
2922 9.71002 1.92216
2923 9.71354 1.97895
2924 9.71704 2.01691
2925 9.72053 2.03875
2926 9.72402 2.04771
2927 9.7275 2.04759
2928 9.73098 2.04185
2929 9.73446 2.034
2930 9.73795 2.02679
2931 9.74143 2.02226
2932 9.74491 2.02111
2933 9.74839 2.02295
2934 9.75188 2.02729
2935 9.75536 2.0317
2936 9.75885 2.03463
2937 9.76235 2.03474
2938 9.76585 2.03169
2939 9.76936 2.02487
2940 9.77288 2.01491
2941 9.77641 2.0014
2942 9.77996 1.98366
2943 9.78351 1.95976
2944 9.78708 1.92636
2945 9.79065 1.88011
2946 9.79424 1.81744
2947 9.79784 1.73527
2948 9.80146 1.63115
2949 9.80508 1.50425
2950 9.80871 1.35507
2951 9.81235 1.18419
2952 9.816 0.994636
2953 9.81965 0.787899
2954 9.82331 0.567823
2955 9.82698 0.338361
2956 9.83065 0.102498
2957 9.83433 -0.135174
2958 9.83801 -0.3709
2959 9.8417 -0.600993
2960 9.84538 -0.823874
2961 9.84905 -1.03305
2962 9.85268 -1.226
2963 9.85629 -1.40017
2964 9.85987 -1.55445
2965 9.86342 -1.68808
2966 9.86696 -1.80149
2967 9.87049 -1.89326
2968 9.874 -1.96397
2969 9.87751 -2.01462
2970 9.88101 -2.04756
2971 9.8845 -2.06521
2972 9.88799 -2.07077
2973 9.89148 -2.06796
2974 9.89496 -2.0602
2975 9.89845 -2.05085
2976 9.90194 -2.04274
2977 9.90543 -2.03769
2978 9.90892 -2.03625
2979 9.91242 -2.03815
2980 9.91592 -2.04179
2981 9.91943 -2.04499
2982 9.92295 -2.04669
2983 9.92648 -2.04492
2984 9.93002 -2.03949
2985 9.93357 -2.03022
2986 9.93713 -2.01691
2987 9.94071 -1.99932
2988 9.9443 -1.97594
2989 9.94789 -1.94446
2990 9.9515 -1.90147
2991 9.95512 -1.84326
2992 9.95874 -1.76649
2993 9.96238 -1.66859
2994 9.96602 -1.54813
2995 9.96967 -1.40486
2996 9.97333 -1.23975
2997 9.97699 -1.05496
2998 9.98065 -0.852653
2999 9.98432 -0.636215
3000 9.98799 -0.409418
3001 9.99167 -0.174382
3002 9.99535 0.0646418
3003 9.99904 0.303469
3004 10.0027 0.538495
3005 10.0064 0.764898
3006 10.0101 0.978174
3007 10.0137 1.17594
3008 10.0173 1.3565
3009 10.0209 1.51793
3010 10.0245 1.65832
3011 10.028 1.77679
3012 10.0316 1.87389
3013 10.0351 1.94879
3014 10.0386 2.00291
3015 10.0421 2.03797
3016 10.0456 2.05718
3017 10.0491 2.06382
3018 10.0526 2.06165
3019 10.0561 2.05442
3020 10.0595 2.04553
3021 10.063 2.0378
3022 10.0665 2.03303
3023 10.07 2.03176
3024 10.0735 2.0333
3025 10.077 2.03702
3026 10.0805 2.04051
3027 10.0839 2.04151
3028 10.0875 2.04001
3029 10.091 2.0347
3030 10.0945 2.026
3031 10.098 2.01366
3032 10.1015 1.99751
3033 10.1051 1.97634
3034 10.1086 1.94759
3035 10.1122 1.90815
3036 10.1158 1.85412
3037 10.1194 1.78215
3038 10.123 1.6894
3039 10.1266 1.57398
3040 10.1302 1.43575
3041 10.1339 1.27546
3042 10.1375 1.09432
3043 10.1412 0.895484
3044 10.1448 0.681239
3045 10.1485 0.455375
3046 10.1521 0.222109
3047 10.1558 -0.0157334
3048 10.1594 -0.253428
3049 10.1631 -0.487035
3050 10.1668 -0.714696
3051 10.1705 -0.93149
3052 10.1741 -1.13369
3053 10.1778 -1.31798
3054 10.1814 -1.4822
3055 10.1849 -1.62539
3056 10.1885 -1.74698
3057 10.192 -1.84766
3058 10.1956 -1.92641
3059 10.1991 -1.9843
3060 10.2026 -2.023
3061 10.2061 -2.04527
3062 10.2096 -2.054
3063 10.2131 -2.05284
3064 10.2166 -2.04549
3065 10.2201 -2.03516
3066 10.2235 -2.02512
3067 10.227 -2.01747
3068 10.2305 -2.01357
3069 10.234 -2.0135
3070 10.2375 -2.01643
3071 10.241 -2.02025
3072 10.2445 -2.0239
3073 10.2481 -2.02518
3074 10.2516 -2.02296
3075 10.2551 -2.01733
3076 10.2587 -2.00786
3077 10.2623 -1.99451
3078 10.2658 -1.9768
3079 10.2694 -1.95282
3080 10.273 -1.92023
3081 10.2766 -1.87541
3082 10.2802 -1.81469
3083 10.2839 -1.73483
3084 10.2875 -1.63363
3085 10.2912 -1.50967
3086 10.2948 -1.36305
3087 10.2985 -1.19488
3088 10.3022 -1.00723
3089 10.3058 -0.802446
3090 10.3095 -0.584116
3091 10.3132 -0.354876
3092 10.3169 -0.118648
3093 10.3206 0.120292
3094 10.3243 0.3587
3095 10.328 0.59172
3096 10.3317 0.814616
3097 10.3353 1.02402
3098 10.3389 1.21762
3099 10.3425 1.39347
3100 10.3461 1.55006
3101 10.3497 1.6857
3102 10.3533 1.7993
3103 10.3568 1.89197
3104 10.3603 1.96297
3105 10.3638 2.01365
3106 10.3673 2.04602
3107 10.3708 2.06333
3108 10.3743 2.06876
3109 10.3778 2.06624
3110 10.3813 2.05941
3111 10.3848 2.05158
3112 10.3882 2.04539
3113 10.3917 2.04243
3114 10.3952 2.04297
3115 10.3987 2.04613
3116 10.4022 2.05094
3117 10.4057 2.05475
3118 10.4092 2.05566
3119 10.4127 2.05337
3120 10.4162 2.04706
3121 10.4197 2.03706
3122 10.4232 2.02324
3123 10.4268 2.00517
3124 10.4303 1.98129
3125 10.4339 1.94869
3126 10.4375 1.90381
3127 10.4411 1.84278
3128 10.4447 1.76263
3129 10.4483 1.6603
3130 10.4519 1.53501
3131 10.4555 1.38683
3132 10.4591 1.21673
3133 10.4628 1.027
3134 10.4664 0.819716
3135 10.4701 0.598664
3136 10.4738 0.367362
3137 10.4775 0.129557
3138 10.4812 -0.110646
3139 10.4849 -0.349291
3140 10.4886 -0.582082
3141 10.4923 -0.807628
3142 10.4959 -1.01955
3143 10.4996 -1.21455
3144 10.5032 -1.3906
3145 10.5068 -1.54569
3146 10.5104 -1.67903
3147 10.514 -1.79133
3148 10.5175 -1.88107
3149 10.521 -1.94916
3150 10.5246 -1.99681
3151 10.5281 -2.02628
3152 10.5316 -2.04067
3153 10.5351 -2.04315
3154 10.5386 -2.03742
3155 10.5421 -2.02718
3156 10.5456 -2.01567
3157 10.549 -2.00555
3158 10.5525 -1.99882
3159 10.556 -1.99611
3160 10.5595 -1.99727
3161 10.563 -2.00092
3162 10.5666 -2.00502
3163 10.5701 -2.00846
3164 10.5736 -2.00927
3165 10.5771 -2.00634
3166 10.5807 -1.99972
3167 10.5843 -1.98904
3168 10.5878 -1.97395
3169 10.5914 -1.95378
3170 10.595 -1.92647
3171 10.5986 -1.88929
3172 10.6022 -1.83884
3173 10.6058 -1.77173
3174 10.6095 -1.68517
3175 10.6131 -1.57722
3176 10.6168 -1.44681
3177 10.6204 -1.29444
3178 10.6241 -1.12139
3179 10.6278 -0.929971
3180 10.6314 -0.722632
3181 10.6351 -0.502905
3182 10.6388 -0.273685
3183 10.6425 -0.0388163
3184 10.6462 0.19698
3185 10.6499 0.432409
3186 10.6536 0.660793
3187 10.6572 0.878271
3188 10.6609 1.08167
3189 10.6645 1.26885
3190 10.6681 1.43772
3191 10.6717 1.58738
3192 10.6753 1.71596
3193 10.6788 1.82296
3194 10.6824 1.90912
3195 10.6859 1.9741
3196 10.6894 2.01945
3197 10.6929 2.04748
3198 10.6964 2.06158
3199 10.6999 2.06498
3200 10.7034 2.0617
3201 10.7068 2.0553
3202 10.7103 2.04879
3203 10.7138 2.04461
3204 10.7173 2.04372
3205 10.7208 2.046
3206 10.7243 2.05017
3207 10.7278 2.05514
3208 10.7312 2.0579
3209 10.7347 2.0575
3210 10.7382 2.0534
3211 10.7418 2.0453
3212 10.7453 2.03386
3213 10.7488 2.01879
3214 10.7523 1.99948
3215 10.7559 1.97385
3216 10.7595 1.93858
3217 10.763 1.88965
3218 10.7666 1.82356
3219 10.7702 1.73724
3220 10.7738 1.62815
3221 10.7774 1.49618
3222 10.781 1.34172
3223 10.7846 1.16597
3224 10.7883 0.972139
3225 10.7919 0.762018
3226 10.7955 0.539428
3227 10.7991 0.308434
3228 10.8028 0.0723042
3229 10.8064 -0.164871
3230 10.81 -0.399022
3231 10.8137 -0.626751
3232 10.8173 -0.846856
3233 10.8209 -1.05408
3234 10.8246 -1.24562
3235 10.8282 -1.41844
3236 10.8318 -1.57001
3237 10.8354 -1.69944
3238 10.8389 -1.80768
3239 10.8425 -1.89331
3240 10.846 -1.95739
3241 10.8495 -2.0014
3242 10.853 -2.02768
3243 10.8565 -2.03955
3244 10.86 -2.04013
3245 10.8635 -2.03315
3246 10.867 -2.02227
3247 10.8705 -2.01058
3248 10.874 -2.00058
3249 10.8774 -1.99407
3250 10.8809 -1.99161
3251 10.8844 -1.9927
3252 10.8879 -1.99605
3253 10.8914 -1.99982
3254 10.895 -2.0024
3255 10.8985 -2.00186
3256 10.902 -1.99778
3257 10.9056 -1.98986
3258 10.9091 -1.97772
3259 10.9126 -1.96149
3260 10.9162 -1.94008
3261 10.9197 -1.91162
3262 10.9233 -1.87375
3263 10.9269 -1.82304
3264 10.9304 -1.75631
3265 10.934 -1.67125
3266 10.9375 -1.56607
3267 10.9411 -1.43979
3268 10.9447 -1.29298
3269 10.9482 -1.12705
3270 10.9518 -0.943754
3271 10.9554 -0.745583
3272 10.9589 -0.535573
3273 10.9625 -0.31628
3274 10.9661 -0.0915295
3275 10.9696 0.134869
3276 10.9732 0.360948
3277 10.9767 0.581878
3278 10.9803 0.794947
3279 10.9839 0.997248
3280 10.9874 1.18611
3281 10.991 1.3592
3282 10.9945 1.51457
3283 10.9981 1.65037
3284 11.0017 1.76559
3285 11.0052 1.86048
3286 11.0087 1.93389
3287 11.0122 1.98717
3288 11.0157 2.02216
3289 11.0192 2.04179
3290 11.0227 2.0493
3291 11.0262 2.04855
3292 11.0297 2.04285
3293 11.0332 2.03567
3294 11.0367 2.02965
3295 11.0401 2.02651
3296 11.0436 2.02695
3297 11.0471 2.03004
3298 11.0506 2.03548
3299 11.0541 2.03993
3300 11.0576 2.04271
3301 11.0611 2.04226
3302 11.0646 2.03808
3303 11.0681 2.03042
3304 11.0716 2.01928
3305 11.0751 2.0047
3306 11.0786 1.98579
3307 11.0822 1.96027
3308 11.0857 1.92489
3309 11.0892 1.87604
3310 11.0927 1.8109
3311 11.0962 1.72631
3312 11.0998 1.62047
3313 11.1033 1.49313
3314 11.1068 1.34471
3315 11.1103 1.17617
3316 11.1138 0.990653
3317 11.1174 0.789431
3318 11.1209 0.576106
3319 11.1244 0.35423
3320 11.1279 0.126637
3321 11.1315 -0.102765
3322 11.135 -0.3305
3323 11.1385 -0.553275
3324 11.1421 -0.770017
3325 11.1456 -0.975835
3326 11.1491 -1.16811
3327 11.1526 -1.34489
3328 11.1562 -1.50391
3329 11.1597 -1.64344
3330 11.1632 -1.76378
3331 11.1668 -1.86251
3332 11.1703 -1.93974
3333 11.1738 -1.99627
3334 11.1773 -2.03394
3335 11.1808 -2.0555
3336 11.1843 -2.06376
3337 11.1878 -2.06261
3338 11.1913 -2.05535
3339 11.1948 -2.04562
3340 11.1983 -2.03619
3341 11.2018 -2.02942
3342 11.2052 -2.02649
3343 11.2087 -2.02679
3344 11.2122 -2.0299
3345 11.2157 -2.03334
3346 11.2193 -2.03586
3347 11.2228 -2.03578
3348 11.2263 -2.03187
3349 11.2298 -2.02423
3350 11.2333 -2.01255
3351 11.2368 -1.99675
3352 11.2403 -1.97618
3353 11.2438 -1.94887
3354 11.2473 -1.91269
3355 11.2509 -1.86432
3356 11.2544 -1.80036
3357 11.2579 -1.71857
3358 11.2614 -1.61682
3359 11.2649 -1.49405
3360 11.2684 -1.35081
3361 11.272 -1.18823
3362 11.2755 -1.00798
3363 11.279 -0.812179
3364 11.2825 -0.603258
3365 11.286 -0.384844
3366 11.2895 -0.16001
3367 11.293 0.0670299
3368 11.2966 0.295122
3369 11.3001 0.519407
3370 11.3036 0.735945
3371 11.3071 0.943109
3372 11.3106 1.13786
3373 11.3142 1.31745
3374 11.3177 1.47992
3375 11.3212 1.6232
3376 11.3247 1.74588
3377 11.3282 1.84853
3378 11.3317 1.92922
3379 11.3352 1.9892
3380 11.3388 2.02985
3381 11.3422 2.05356
3382 11.3457 2.06386
3383 11.3492 2.0645
3384 11.3527 2.05914
3385 11.3562 2.05152
3386 11.3597 2.04442
3387 11.3632 2.0401
3388 11.3667 2.0393
3389 11.3702 2.04121
3390 11.3736 2.04547
3391 11.3771 2.04963
3392 11.3806 2.05142
3393 11.3841 2.05061
3394 11.3876 2.04594
3395 11.3911 2.03791
3396 11.3946 2.02645
3397 11.3981 2.01158
3398 11.4016 1.99235
3399 11.4051 1.96652
3400 11.4086 1.93074
3401 11.4121 1.88161
3402 11.4156 1.81616
3403 11.4191 1.73127
3404 11.4225 1.62565
3405 11.426 1.49857
3406 11.4295 1.35073
3407 11.433 1.18312
3408 11.4365 0.998599
3409 11.44 0.798675
3410 11.4435 0.586905
3411 11.4469 0.366268
3412 11.4504 0.140571
3413 11.4539 -0.0867351
3414 11.4574 -0.312985
3415 11.4609 -0.534065
3416 11.4643 -0.749546
3417 11.4678 -0.954242
3418 11.4713 -1.14619
3419 11.4748 -1.32262
3420 11.4783 -1.48152
3421 11.4817 -1.62153
3422 11.4852 -1.74168
3423 11.4887 -1.842
3424 11.4922 -1.92099
3425 11.4956 -1.97956
3426 11.4991 -2.0191
3427 11.5026 -2.04211
3428 11.5061 -2.05159
3429 11.5095 -2.0507
3430 11.513 -2.0432
3431 11.5165 -2.03234
3432 11.52 -2.02143
3433 11.5235 -2.01277
3434 11.5269 -2.00787
3435 11.5304 -2.00704
3436 11.5339 -2.00934
3437 11.5374 -2.01373
3438 11.5409 -2.01734
3439 11.5443 -2.01963
3440 11.5478 -2.01827
3441 11.5513 -2.01319
3442 11.5548 -2.00393
3443 11.5583 -1.99067
3444 11.5617 -1.97312
3445 11.5652 -1.95008
3446 11.5687 -1.91974
3447 11.5722 -1.87939
3448 11.5757 -1.82593
3449 11.5791 -1.75638
3450 11.5826 -1.66855
3451 11.5861 -1.5608
3452 11.5896 -1.43246
3453 11.5931 -1.28391
3454 11.5966 -1.11671
3455 11.6001 -0.932752
3456 11.6036 -0.733133
3457 11.6071 -0.521819
3458 11.6106 -0.302571
3459 11.6141 -0.0775441
3460 11.6177 0.148361
3461 11.6212 0.374542
3462 11.6247 0.595756
3463 11.6282 0.809344
3464 11.6317 1.0124
3465 11.6353 1.20195
3466 11.6388 1.37581
3467 11.6423 1.53181
3468 11.6458 1.66812
3469 11.6494 1.78357
3470 11.6529 1.87859
3471 11.6564 1.95186
3472 11.66 2.00441
3473 11.6635 2.03839
3474 11.667 2.05682
3475 11.6705 2.06327
3476 11.6739 2.06158
3477 11.6774 2.05551
3478 11.6809 2.04844
3479 11.6844 2.04315
3480 11.6879 2.04089
3481 11.6914 2.04196
3482 11.6949 2.04528
3483 11.6984 2.04997
3484 11.7019 2.05298
3485 11.7054 2.05353
3486 11.7089 2.05083
3487 11.7124 2.04437
3488 11.7159 2.03475
3489 11.7195 2.0218
3490 11.723 2.00502
3491 11.7265 1.98257
3492 11.7301 1.95142
3493 11.7336 1.9078
3494 11.7372 1.84818
3495 11.7407 1.76929
3496 11.7443 1.66887
3497 11.7478 1.54624
3498 11.7514 1.40155
3499 11.7549 1.23597
3500 11.7585 1.0516
3501 11.7621 0.850382
3502 11.7656 0.635855
3503 11.7692 0.411506
3504 11.7728 0.180675
3505 11.7763 -0.0526398
3506 11.7799 -0.284926
3507 11.7835 -0.512562
3508 11.7871 -0.73431
3509 11.7907 -0.945083
3510 11.7943 -1.14224
3511 11.7978 -1.32295
3512 11.8014 -1.48504
3513 11.805 -1.62644
3514 11.8086 -1.74592
3515 11.8121 -1.84403
3516 11.8157 -1.91962
3517 11.8192 -1.97392
3518 11.8227 -2.00895
3519 11.8262 -2.0276
3520 11.8297 -2.03304
3521 11.8332 -2.02864
3522 11.8367 -2.0182
3523 11.8402 -2.00497
3524 11.8437 -1.9923
3525 11.8472 -1.9822
3526 11.8508 -1.97633
3527 11.8543 -1.97487
3528 11.8578 -1.9771
3529 11.8613 -1.9815
3530 11.8648 -1.98567
3531 11.8684 -1.98825
3532 11.8719 -1.98701
3533 11.8755 -1.98147
3534 11.879 -1.97118
3535 11.8826 -1.956
3536 11.8862 -1.93571
3537 11.8898 -1.90951
3538 11.8934 -1.87513
3539 11.897 -1.83007
3540 11.9006 -1.7713
3541 11.9042 -1.69547
3542 11.9078 -1.60051
3543 11.9114 -1.48464
3544 11.915 -1.34754
3545 11.9186 -1.18986
3546 11.9222 -1.01338
3547 11.9259 -0.82012
3548 11.9295 -0.613252
3549 11.9331 -0.395979
3550 11.9368 -0.170779
3551 11.9404 0.0583996
3552 11.944 0.286749
3553 11.9477 0.514022
3554 11.9513 0.732844
3555 11.955 0.942141
3556 11.9586 1.13804
3557 11.9622 1.31701
3558 11.9658 1.47745
3559 11.9694 1.61823
3560 11.973 1.73794
3561 11.9765 1.83593
3562 11.98 1.91339
3563 11.9836 1.97037
3564 11.9871 2.00868
3565 11.9906 2.03129
3566 11.9941 2.04149
3567 11.9975 2.04325
3568 12.001 2.04012
3569 12.0045 2.03539
3570 12.008 2.03179
3571 12.0115 2.03087
3572 12.015 2.03291
3573 12.0185 2.03711
3574 12.022 2.04279
3575 12.0254 2.04709
3576 12.0289 2.049
3577 12.0324 2.04781
3578 12.0359 2.04304
3579 12.0395 2.03528
3580 12.043 2.02448
3581 12.0465 2.01024
3582 12.0501 1.99099
3583 12.0536 1.96406
3584 12.0572 1.9255
3585 12.0607 1.8715
3586 12.0643 1.79846
3587 12.0679 1.70414
3588 12.0715 1.58663
3589 12.0751 1.44659
3590 12.0787 1.28467
3591 12.0823 1.10262
3592 12.0859 0.903746
3593 12.0895 0.68985
3594 12.0931 0.465094
3595 12.0968 0.233236
3596 12.1004 -0.0025488
3597 12.104 -0.237773
3598 12.1076 -0.468731
3599 12.1112 -0.694421
3600 12.1149 -0.909491
3601 12.1185 -1.11103
3602 12.1221 -1.29641
3603 12.1257 -1.46189
3604 12.1293 -1.60636
3605 12.1329 -1.72917
3606 12.1364 -1.83096
3607 12.1399 -1.91071
3608 12.1434 -1.9694
3609 12.1469 -2.00895
3610 12.1504 -2.03161
3611 12.1539 -2.04062
3612 12.1574 -2.03917
3613 12.1609 -2.03081
3614 12.1644 -2.01897
3615 12.1679 -2.00676
3616 12.1714 -1.99673
3617 12.1749 -1.99042
3618 12.1784 -1.9885
3619 12.1819 -1.99015
3620 12.1854 -1.99436
3621 12.1889 -1.99862
3622 12.1924 -2.00106
3623 12.1959 -2.00021
3624 12.1995 -1.99476
3625 12.203 -1.98452
3626 12.2066 -1.96939
3627 12.2101 -1.94927
3628 12.2137 -1.92327
3629 12.2173 -1.89004
3630 12.2208 -1.84671
3631 12.2244 -1.7904
3632 12.228 -1.71806
3633 12.2316 -1.62724
3634 12.2352 -1.51642
3635 12.2388 -1.38475
3636 12.2424 -1.23287
3637 12.246 -1.06243
3638 12.2496 -0.875048
3639 12.2532 -0.673724
3640 12.2568 -0.461601
3641 12.2604 -0.240414
3642 12.264 -0.0150383
3643 12.2676 0.210658
3644 12.2712 0.435845
3645 12.2748 0.653947
3646 12.2784 0.863691
3647 12.2821 1.06157
3648 12.2857 1.24534
3649 12.2893 1.41157
3650 12.2928 1.55824
3651 12.2964 1.6846
3652 12.2999 1.78996
3653 12.3035 1.87492
3654 12.307 1.9391
3655 12.3105 1.9841
3656 12.314 2.01212
3657 12.3175 2.02633
3658 12.321 2.03036
3659 12.3244 2.02764
3660 12.3279 2.02163
3661 12.3314 2.01525
3662 12.3349 2.01068
3663 12.3384 2.00909
3664 12.3419 2.01031
3665 12.3453 2.01446
3666 12.3488 2.01902
3667 12.3523 2.02305
3668 12.3558 2.02494
3669 12.3593 2.02398
3670 12.3628 2.01965
3671 12.3664 2.01224
3672 12.3699 2.00158
3673 12.3734 1.98737
3674 12.377 1.96797
3675 12.3805 1.94067
3676 12.3841 1.90231
3677 12.3877 1.84932
3678 12.3913 1.77844
3679 12.3949 1.68674
3680 12.3986 1.57285
3681 12.4022 1.43653
3682 12.4058 1.2779
3683 12.4095 1.09934
3684 12.4131 0.902528
3685 12.4168 0.68987
3686 12.4205 0.46559
3687 12.4242 0.232701
3688 12.4279 -0.00469153
3689 12.4316 -0.242506
3690 12.4353 -0.476713
3691 12.439 -0.704793
3692 12.4426 -0.920535
3693 12.4463 -1.1219
3694 12.4499 -1.30581
3695 12.4535 -1.47139
3696 12.457 -1.61689
3697 12.4606 -1.74333
3698 12.4641 -1.84857
3699 12.4676 -1.93266
3700 12.4711 -1.99641
3701 12.4746 -2.04116
3702 12.4781 -2.06935
3703 12.4816 -2.08345
3704 12.4851 -2.08705
3705 12.4886 -2.08351
3706 12.492 -2.07645
3707 12.4955 -2.06906
3708 12.499 -2.06373
3709 12.5025 -2.06168
3710 12.506 -2.0627
3711 12.5095 -2.06589
3712 12.513 -2.06896
3713 12.5165 -2.07068
3714 12.5201 -2.06897
3715 12.5236 -2.06316
3716 12.5272 -2.05289
3717 12.5307 -2.03816
3718 12.5343 -2.01898
3719 12.5379 -1.99409
3720 12.5415 -1.96136
3721 12.5451 -1.91747
3722 12.5487 -1.85878
3723 12.5523 -1.78159
3724 12.556 -1.68309
3725 12.5596 -1.5618
3726 12.5633 -1.41727
3727 12.5669 -1.2504
3728 12.5706 -1.06335
3729 12.5743 -0.858534
3730 12.578 -0.639379
3731 12.5816 -0.409629
3732 12.5853 -0.171612
3733 12.589 0.0706478
3734 12.5927 0.310834
3735 12.5964 0.548659
3736 12.6001 0.77647
3737 12.6038 0.991074
3738 12.6074 1.18966
3739 12.611 1.37005
3740 12.6146 1.53067
3741 12.6182 1.66962
3742 12.6217 1.78595
3743 12.6253 1.88056
3744 12.6288 1.95253
3745 12.6323 2.00356
3746 12.6358 2.0356
3747 12.6393 2.05219
3748 12.6428 2.0567
3749 12.6463 2.05319
3750 12.6497 2.0453
3751 12.6532 2.03643
3752 12.6567 2.0292
3753 12.6602 2.0251
3754 12.6637 2.02445
3755 12.6672 2.02617
3756 12.6707 2.02959
3757 12.6741 2.03254
3758 12.6776 2.03272
3759 12.6811 2.0305
3760 12.6846 2.02469
3761 12.6882 2.01581
3762 12.6917 2.00348
3763 12.6952 1.98724
3764 12.6988 1.9655
3765 12.7023 1.93541
3766 12.7059 1.89357
3767 12.7095 1.83604
3768 12.7131 1.75978
3769 12.7167 1.66221
3770 12.7203 1.54158
3771 12.7239 1.39812
3772 12.7276 1.2327
3773 12.7312 1.0467
3774 12.7349 0.843779
3775 12.7385 0.625691
3776 12.7422 0.396415
3777 12.7459 0.160488
3778 12.7496 -0.0793102
3779 12.7533 -0.318041
3780 12.757 -0.551809
3781 12.7607 -0.778338
3782 12.7644 -0.992213
3783 12.768 -1.18949
3784 12.7717 -1.36816
3785 12.7753 -1.52617
3786 12.7789 -1.66273
3787 12.7824 -1.77748
3788 12.7859 -1.87127
3789 12.7895 -1.9433
3790 12.793 -1.99485
3791 12.7965 -2.02784
3792 12.8 -2.04512
3793 12.8035 -2.04982
3794 12.807 -2.04559
3795 12.8105 -2.0361
3796 12.814 -2.0245
3797 12.8175 -2.0139
3798 12.821 -2.00631
3799 12.8245 -2.00281
3800 12.828 -2.00339
3801 12.8315 -2.00715
3802 12.835 -2.01169
3803 12.8385 -2.01597
3804 12.842 -2.01764
3805 12.8455 -2.01558
3806 12.8491 -2.00984
3807 12.8526 -1.99999
3808 12.8562 -1.98619
3809 12.8598 -1.96811
3810 12.8634 -1.94372
3811 12.867 -1.9109
3812 12.8706 -1.86597
3813 12.8742 -1.80529
3814 12.8778 -1.72571
3815 12.8815 -1.62483
3816 12.8851 -1.5013
3817 12.8888 -1.35518
3818 12.8924 -1.18761
3819 12.8961 -1.0006
3820 12.8998 -0.796566
3821 12.9035 -0.579116
3822 12.9072 -0.350734
3823 12.9108 -0.115438
3824 12.9145 0.122675
3825 12.9182 0.36016
3826 12.9219 0.592365
3827 12.9256 0.814665
3828 12.9293 1.02359
3829 12.9329 1.21674
3830 12.9365 1.39225
3831 12.9401 1.54865
3832 12.9436 1.68408
3833 12.9472 1.79757
3834 12.9507 1.89024
3835 12.9543 1.96126
3836 12.9578 2.01197
3837 12.9613 2.04452
3838 12.9648 2.06202
3839 12.9683 2.06778
3840 12.9717 2.06568
3841 12.9752 2.0594
3842 12.9787 2.05209
3843 12.9822 2.04652
3844 12.9857 2.04409
3845 12.9892 2.04506
3846 12.9926 2.04839
3847 12.9961 2.05323
3848 12.9996 2.05694
3849 13.0031 2.05756
3850 13.0066 2.05495
3851 13.0101 2.04848
3852 13.0137 2.0385
3853 13.0172 2.02476
3854 13.0207 2.00683
3855 13.0243 1.98301
3856 13.0278 1.95031
3857 13.0314 1.90498
3858 13.035 1.84338
3859 13.0386 1.76237
3860 13.0422 1.65926
3861 13.0458 1.53264
3862 13.0494 1.3832
3863 13.0531 1.21166
3864 13.0567 1.02071
3865 13.0604 0.812293
3866 13.0641 0.590094
3867 13.0677 0.357973
3868 13.0714 0.119499
3869 13.0751 -0.120995
3870 13.0788 -0.359557
3871 13.0825 -0.592171
3872 13.0862 -0.817204
3873 13.0899 -1.02824
3874 13.0935 -1.22212
3875 13.0972 -1.39687
3876 13.1008 -1.5505
3877 13.1044 -1.68231
3878 13.1079 -1.79309
3879 13.1114 -1.88127
3880 13.115 -1.94799
3881 13.1185 -1.99441
3882 13.122 -2.02283
3883 13.1255 -2.03641
3884 13.129 -2.03823
3885 13.1325 -2.03204
3886 13.136 -2.02146
3887 13.1395 -2.00967
3888 13.143 -1.99932
3889 13.1465 -1.99235
3890 13.15 -1.98948
3891 13.1535 -1.99038
3892 13.157 -1.99389
3893 13.1605 -1.99804
3894 13.164 -2.00159
3895 13.1675 -2.00246
3896 13.1711 -1.99969
3897 13.1746 -1.99321
3898 13.1782 -1.98261
3899 13.1817 -1.96756
3900 13.1853 -1.94746
3901 13.1889 -1.92018
3902 13.1925 -1.88343
3903 13.1961 -1.83364
3904 13.1998 -1.76751
3905 13.2034 -1.6822
3906 13.207 -1.57573
3907 13.2107 -1.44709
3908 13.2143 -1.29657
3909 13.218 -1.12562
3910 13.2217 -0.936093
3911 13.2254 -0.730618
3912 13.229 -0.512724
3913 13.2327 -0.285038
3914 13.2364 -0.0515826
3915 13.2401 0.183164
3916 13.2438 0.417231
3917 13.2475 0.64481
3918 13.2512 0.861515
3919 13.2548 1.06449
3920 13.2584 1.2515
3921 13.262 1.42056
3922 13.2656 1.57067
3923 13.2692 1.70003
3924 13.2727 1.80809
3925 13.2763 1.89556
3926 13.2798 1.96197
3927 13.2833 2.00884
3928 13.2868 2.03836
3929 13.2903 2.0538
3930 13.2938 2.05824
3931 13.2973 2.05576
3932 13.3008 2.04979
3933 13.3042 2.04338
3934 13.3077 2.039
3935 13.3112 2.03782
3936 13.3147 2.03966
3937 13.3182 2.04431
3938 13.3217 2.04931
3939 13.3252 2.05265
3940 13.3287 2.05334
3941 13.3322 2.05031
3942 13.3357 2.04326
3943 13.3392 2.03284
3944 13.3427 2.01885
3945 13.3463 2.00088
3946 13.3498 1.97708
3947 13.3534 1.94425
3948 13.357 1.89867
3949 13.3606 1.83661
3950 13.3642 1.75488
3951 13.3678 1.65059
3952 13.3714 1.52324
3953 13.375 1.37296
3954 13.3787 1.20056
3955 13.3823 1.00905
3956 13.386 0.800211
3957 13.3896 0.577552
3958 13.3933 0.345226
3959 13.397 0.106563
3960 13.4007 -0.134226
3961 13.4044 -0.373077
3962 13.4081 -0.605759
3963 13.4118 -0.831025
3964 13.4155 -1.04148
3965 13.4191 -1.23497
3966 13.4228 -1.40946
3967 13.4263 -1.56316
3968 13.4299 -1.69493
3969 13.4335 -1.80575
3970 13.437 -1.89419
3971 13.4405 -1.96087
3972 13.444 -2.00743
3973 13.4475 -2.03612
3974 13.451 -2.05003
3975 13.4545 -2.05231
3976 13.458 -2.04686
3977 13.4615 -2.03702
3978 13.465 -2.02623
3979 13.4685 -2.01692
3980 13.472 -2.01096
3981 13.4755 -2.00913
3982 13.479 -2.01025
3983 13.4825 -2.01374
3984 13.486 -2.01691
3985 13.4895 -2.01893
3986 13.493 -2.01789
3987 13.4966 -2.01295
3988 13.5001 -2.00438
3989 13.5037 -1.99161
3990 13.5073 -1.97439
3991 13.5109 -1.95162
3992 13.5145 -1.92114
3993 13.5181 -1.87983
3994 13.5217 -1.82434
3995 13.5253 -1.75116
3996 13.5289 -1.65781
3997 13.5326 -1.54257
3998 13.5362 -1.40476
3999 13.5399 -1.24521
4000 13.5436 -1.06573
4001 13.5472 -0.86844
4002 13.5509 -0.656374
4003 13.5546 -0.433113
4004 13.5583 -0.20135
4005 13.562 0.0347471
4006 13.5657 0.270958
4007 13.5694 0.504765
4008 13.5731 0.730607
4009 13.5767 0.94385
4010 13.5804 1.14218
4011 13.584 1.32336
4012 13.5876 1.48599
4013 13.5911 1.62818
4014 13.5947 1.74889
4015 13.5982 1.8481
4016 13.6018 1.92653
4017 13.6053 1.98428
4018 13.6088 2.02302
4019 13.6123 2.04542
4020 13.6158 2.05483
4021 13.6192 2.05505
4022 13.6227 2.04954
4023 13.6262 2.04189
4024 13.6297 2.03492
4025 13.6332 2.03069
4026 13.6367 2.03
4027 13.6401 2.03218
4028 13.6436 2.03695
4029 13.6471 2.0417
4030 13.6506 2.04436
4031 13.6541 2.04416
4032 13.6576 2.04045
4033 13.6611 2.03278
4034 13.6647 2.02176
4035 13.6682 2.00704
4036 13.6717 1.98789
4037 13.6753 1.9624
4038 13.6788 1.92707
4039 13.6824 1.8783
4040 13.686 1.81243
4041 13.6896 1.72649
4042 13.6932 1.61788
4043 13.6969 1.48627
4044 13.7005 1.33213
4045 13.7041 1.15624
4046 13.7078 0.961879
4047 13.7114 0.750727
4048 13.7151 0.526552
4049 13.7188 0.293503
4050 13.7225 0.054907
4051 13.7262 -0.185045
4052 13.7299 -0.42198
4053 13.7336 -0.6525
4054 13.7373 -0.874419
4055 13.7409 -1.0811
4056 13.7446 -1.27074
4057 13.7482 -1.44074
4058 13.7518 -1.59028
4059 13.7553 -1.71812
4060 13.7589 -1.82534
4061 13.7624 -1.91049
4062 13.7659 -1.97442
4063 13.7694 -2.01852
4064 13.7729 -2.04529
4065 13.7764 -2.05769
4066 13.7799 -2.05895
4067 13.7834 -2.05302
4068 13.7869 -2.04304
4069 13.7904 -2.03261
4070 13.7938 -2.0241
4071 13.7973 -2.0191
4072 13.8008 -2.01817
4073 13.8043 -2.02017
4074 13.8078 -2.0242
4075 13.8113 -2.02748
4076 13.8149 -2.02934
4077 13.8184 -2.02766
4078 13.8219 -2.02231
4079 13.8255 -2.013
4080 13.829 -1.99959
4081 13.8326 -1.98171
4082 13.8362 -1.95791
4083 13.8398 -1.92589
4084 13.8434 -1.88224
4085 13.847 -1.82357
4086 13.8506 -1.74645
4087 13.8543 -1.64842
4088 13.8579 -1.52812
4089 13.8616 -1.38506
4090 13.8652 -1.22036
4091 13.8689 -1.03605
4092 13.8726 -0.834177
4093 13.8763 -0.618412
4094 13.88 -0.390967
4095 13.8836 -0.156404
4096 13.8873 0.0817342
4097 13.891 0.318684
4098 13.8947 0.553078
4099 13.8984 0.777707
4100 13.9021 0.989566
4101 13.9057 1.18581
4102 13.9093 1.36429
4103 13.9129 1.52372
4104 13.9165 1.66231
4105 13.92 1.77907
4106 13.9236 1.87487
4107 13.9271 1.94865
4108 13.9306 2.00179
4109 13.9341 2.03636
4110 13.9376 2.05506
4111 13.9411 2.06153
4112 13.9446 2.05947
4113 13.9481 2.05254
4114 13.9516 2.04423
4115 13.9551 2.03722
4116 13.9586 2.0333
4117 13.962 2.03301
4118 13.9655 2.03536
4119 13.969 2.03984
4120 13.9725 2.04387
4121 13.976 2.04534
4122 13.9795 2.044
4123 13.983 2.03886
4124 13.9865 2.03022
4125 13.9901 2.01811
4126 13.9936 2.00221
4127 13.9972 1.98131
4128 14.0007 1.95283
4129 14.0043 1.91331
4130 14.0079 1.859
4131 14.0115 1.78646
4132 14.0151 1.6927
4133 14.0187 1.57598
4134 14.0223 1.43639
4135 14.026 1.2744
4136 14.0296 1.09147
4137 14.0333 0.891112
4138 14.037 0.674949
4139 14.0406 0.447089
4140 14.0443 0.211743
4141 14.048 -0.0282525
4142 14.0517 -0.267971
4143 14.0554 -0.503038
4144 14.0591 -0.732356
4145 14.0628 -0.94946
4146 14.0665 -1.15068
4147 14.0701 -1.33393
4148 14.0737 -1.49693
4149 14.0773 -1.63878
4150 14.0808 -1.75885
4151 14.0844 -1.85793
4152 14.0879 -1.93501
4153 14.0914 -1.9911
4154 14.0949 -2.02798
4155 14.0984 -2.04856
4156 14.1019 -2.05568
4157 14.1054 -2.05313
4158 14.1089 -2.04462
4159 14.1124 -2.03337
4160 14.1159 -2.02274
4161 14.1194 -2.01469
4162 14.1229 -2.01062
4163 14.1264 -2.01059
4164 14.1299 -2.0133
4165 14.1334 -2.01704
4166 14.1369 -2.02044
4167 14.1404 -2.02125
4168 14.144 -2.01878
4169 14.1475 -2.01248
4170 14.1511 -2.00217
4171 14.1547 -1.98783
4172 14.1582 -1.96887
4173 14.1618 -1.94328
4174 14.1654 -1.9087
4175 14.1691 -1.86158
4176 14.1727 -1.79825
4177 14.1763 -1.71581
4178 14.1799 -1.61199
4179 14.1836 -1.48536
4180 14.1873 -1.3364
4181 14.1909 -1.16639
4182 14.1946 -0.977119
4183 14.1983 -0.771178
4184 14.2019 -0.552229
4185 14.2056 -0.322827
4186 14.2093 -0.0869662
4187 14.213 0.150587
4188 14.2167 0.387841
4189 14.2204 0.619101
4190 14.2241 0.840081
4191 14.2277 1.04734
4192 14.2313 1.23845
4193 14.2349 1.41156
4194 14.2385 1.56529
4195 14.2421 1.69793
4196 14.2457 1.80862
4197 14.2492 1.89831
4198 14.2527 1.9664
4199 14.2562 2.0144
4200 14.2597 2.04445
4201 14.2632 2.05991
4202 14.2667 2.06407
4203 14.2702 2.06085
4204 14.2737 2.05392
4205 14.2772 2.04647
4206 14.2807 2.04101
4207 14.2841 2.03894
4208 14.2876 2.04019
4209 14.2911 2.04375
4210 14.2946 2.04873
4211 14.2981 2.05199
4212 14.3016 2.0526
4213 14.3051 2.04981
4214 14.3086 2.04321
4215 14.3121 2.03334
4216 14.3157 2.01972
4217 14.3192 2.00198
4218 14.3227 1.97825
4219 14.3263 1.9453
4220 14.3299 1.89954
4221 14.3335 1.83706
4222 14.3371 1.75492
4223 14.3407 1.65042
4224 14.3443 1.5224
4225 14.3479 1.37148
4226 14.3516 1.19878
4227 14.3552 1.00661
4228 14.3589 0.797226
4229 14.3625 0.574226
4230 14.3662 0.341607
4231 14.3699 0.102928
4232 14.3736 -0.137588
4233 14.3773 -0.375863
4234 14.381 -0.607811
4235 14.3847 -0.831957
4236 14.3884 -1.04153
4237 14.392 -1.2338
4238 14.3956 -1.40681
4239 14.3992 -1.55879
4240 14.4028 -1.68891
4241 14.4064 -1.79811
4242 14.4099 -1.88484
4243 14.4134 -1.95028
4244 14.4169 -1.99562
4245 14.4204 -2.02321
4246 14.4239 -2.03618
4247 14.4274 -2.03759
4248 14.4309 -2.03114
4249 14.4344 -2.02042
4250 14.4379 -2.0086
4251 14.4414 -1.99823
4252 14.4449 -1.99131
4253 14.4484 -1.98842
4254 14.4519 -1.98942
4255 14.4554 -1.99301
4256 14.4589 -1.99744
4257 14.4624 -2.00112
4258 14.4659 -2.00193
4259 14.4695 -1.99926
4260 14.473 -1.99255
4261 14.4766 -1.98159
4262 14.4801 -1.96614
4263 14.4837 -1.9457
4264 14.4873 -1.91815
4265 14.4909 -1.88138
4266 14.4945 -1.83183
4267 14.4982 -1.7662
4268 14.5018 -1.68168
4269 14.5054 -1.57634
4270 14.5091 -1.44887
4271 14.5127 -1.29974
4272 14.5164 -1.13026
4273 14.5201 -0.942237
4274 14.5237 -0.738337
4275 14.5274 -0.52178
4276 14.5311 -0.295385
4277 14.5348 -0.0631259
4278 14.5385 0.170609
4279 14.5422 0.403972
4280 14.5459 0.631082
4281 14.5496 0.847691
4282 14.5532 1.0507
4283 14.5568 1.23819
4284 14.5604 1.40782
4285 14.564 1.55876
4286 14.5676 1.6891
4287 14.5711 1.7983
4288 14.5746 1.88692
4289 14.5782 1.95455
4290 14.5817 2.00255
4291 14.5852 2.03311
4292 14.5887 2.04933
4293 14.5922 2.05445
4294 14.5956 2.05235
4295 14.5991 2.04638
4296 14.6026 2.03988
4297 14.6061 2.03504
4298 14.6096 2.03343
4299 14.6131 2.03477
4300 14.6165 2.03913
4301 14.62 2.04413
4302 14.6235 2.04781
4303 14.627 2.04908
4304 14.6305 2.04698
4305 14.634 2.04088
4306 14.6376 2.03155
4307 14.6411 2.01867
4308 14.6446 2.00191
4309 14.6482 1.97973
4310 14.6518 1.94899
4311 14.6553 1.90613
4312 14.6589 1.84741
4313 14.6625 1.76966
4314 14.6661 1.67014
4315 14.6698 1.54728
4316 14.6734 1.40163
4317 14.677 1.23366
4318 14.6807 1.0461
4319 14.6843 0.840593
4320 14.688 0.620811
4321 14.6917 0.390482
4322 14.6954 0.152959
4323 14.6991 -0.0876514
4324 14.7028 -0.326933
4325 14.7065 -0.560911
4326 14.7102 -0.788055
4327 14.7139 -1.0012
4328 14.7175 -1.19803
4329 14.7211 -1.37659
4330 14.7247 -1.53491
4331 14.7283 -1.67185
4332 14.7318 -1.7883
4333 14.7354 -1.88236
4334 14.7389 -1.95499
4335 14.7424 -2.00705
4336 14.7459 -2.04074
4337 14.7494 -2.05888
4338 14.7529 -2.06438
4339 14.7564 -2.06134
4340 14.7599 -2.05295
4341 14.7634 -2.04284
4342 14.7668 -2.03369
4343 14.7703 -2.02753
4344 14.7738 -2.02531
4345 14.7773 -2.02625
4346 14.7808 -2.02949
4347 14.7843 -2.03247
4348 14.7879 -2.0345
4349 14.7914 -2.03318
4350 14.7949 -2.02823
4351 14.7985 -2.01928
4352 14.8021 -2.00617
4353 14.8056 -1.98876
4354 14.8092 -1.96587
4355 14.8128 -1.93534
4356 14.8164 -1.89411
4357 14.82 -1.83862
4358 14.8237 -1.76535
4359 14.8273 -1.67169
4360 14.8309 -1.5558
4361 14.8346 -1.41709
4362 14.8383 -1.25632
4363 14.8419 -1.07543
4364 14.8456 -0.876566
4365 14.8493 -0.662861
4366 14.853 -0.437848
4367 14.8566 -0.204187
4368 14.8603 0.0337701
4369 14.864 0.271734
4370 14.8677 0.507295
4371 14.8714 0.73468
4372 14.8751 0.949323
4373 14.8787 1.14895
4374 14.8823 1.33111
4375 14.8859 1.49448
4376 14.8895 1.63714
4377 14.8931 1.75801
4378 14.8966 1.85702
4379 14.9001 1.93499
4380 14.9036 1.99203
4381 14.9071 2.03003
4382 14.9106 2.05153
4383 14.9141 2.06016
4384 14.9176 2.05956
4385 14.9211 2.05347
4386 14.9246 2.04536
4387 14.9281 2.0381
4388 14.9316 2.03371
4389 14.935 2.03281
4390 14.9385 2.03476
4391 14.942 2.03902
4392 14.9455 2.04309
4393 14.949 2.04522
4394 14.9525 2.04433
4395 14.956 2.04
4396 14.9595 2.03188
4397 14.963 2.02052
4398 14.9666 2.00543
4399 14.9701 1.98584
4400 14.9737 1.95946
4401 14.9772 1.92283
4402 14.9808 1.87235
4403 14.9844 1.80449
4404 14.988 1.71643
4405 14.9916 1.60578
4406 14.9952 1.47244
4407 14.9988 1.31701
4408 15.0024 1.14045
