0 0 0
1 0.00113636 0.000433313
2 0.00529698 -0.000199719
3 0.0109916 -5.34451e-05
4 0.0181938 -2.2539e-05
5 0.0269067 -8.60946e-06
6 0.0369888 7.07692e-06
7 0.0483345 1.52301e-05
8 0.0608487 1.79153e-05
9 0.0744227 1.71871e-05
10 0.0889621 -1.21107e-06
11 0.104403 5.25567e-06
12 0.120696 2.03015e-05
13 0.137796 3.0574e-05
14 0.15564 3.53195e-05
15 0.174155 4.44807e-05
16 0.193283 3.43282e-05
17 0.212973 3.50158e-05
18 0.233178 3.29472e-05
19 0.253858 3.27987e-05
20 0.274981 3.17615e-05
21 0.296518 1.19466e-05
22 0.318447 2.81743e-05
23 0.340746 3.20222e-05
24 0.363393 9.27726e-06
25 0.386372 3.18062e-05
26 0.409669 1.71285e-05
27 0.433264 2.49438e-05
28 0.457134 2.68109e-05
29 0.481254 3.22265e-05
30 0.505607 3.94741e-05
31 0.53017 2.38198e-05
32 0.554928 4.78986e-05
33 0.579862 4.53446e-05
34 0.604961 3.2971e-05
35 0.630213 5.00406e-05
36 0.655605 5.74999e-05
37 0.681129 7.28574e-05
38 0.706775 6.93035e-05
39 0.732534 9.03198e-05
40 0.7584 9.47586e-05
41 0.784366 7.48936e-05
42 0.810429 8.61352e-05
43 0.836584 8.38937e-05
44 0.86283 0.000104381
45 0.889164 9.23393e-05
46 0.915582 9.28758e-05
47 0.942083 0.000103674
48 0.968665 0.000122439
49 0.995326 0.000122797
50 1.02206 0.000123952
51 1.04886 0.000137661
52 1.07573 0.000148436
53 1.10266 0.000149582
54 1.12965 0.000163664
55 1.15669 0.000165779
56 1.18378 0.000172621
57 1.21092 0.000141003
58 1.23811 0.000174287
59 1.26535 0.000181282
60 1.29263 0.000202803
61 1.31995 0.000205406
62 1.34731 0.000209374
63 1.37471 0.000212434
64 1.40215 0.000212176
65 1.42963 0.000216734
66 1.45715 0.000237864
67 1.4847 0.000255295
68 1.51228 0.000250005
69 1.5399 0.000260035
70 1.56754 0.000266468
71 1.59522 0.000270229
72 1.62292 0.000281161
73 1.65065 0.000436937
74 1.67841 0.000333345
75 1.70618 0.000302524
76 1.73397 0.000299877
77 1.76179 0.000287254
78 1.78962 0.00028243
79 1.81746 0.000269821
80 1.84532 0.000271516
81 1.8732 0.000254982
82 1.90109 0.000240138
83 1.92899 0.000237161
84 1.9569 0.000235599
85 1.98483 0.000199794
86 2.01277 0.000177647
87 2.04072 0.000170311
88 2.06869 0.0001364
89 2.09666 0.000120572
90 2.12465 6.03265e-05
91 2.15264 2.78962e-05
92 2.18065 -1.79788e-06
93 2.20868 -4.429e-05
94 2.23671 -9.63801e-05
95 2.26476 -0.000147122
96 2.29283 -0.000272272
97 2.3209 -0.000295816
98 2.34899 -0.000334351
99 2.37709 -0.000405785
100 2.40521 -0.000383759
101 2.43333 -0.000465363
102 2.46147 -0.00051161
103 2.48962 -0.000530792
104 2.51778 -0.000538346
105 2.54595 -0.000594932
106 2.57414 -0.000631606
107 2.60234 -0.000661279
108 2.63054 -0.000689248
109 2.65876 -0.000708544
110 2.687 -0.000704348
111 2.71524 -0.000734085
112 2.74349 -0.000777625
113 2.77175 -0.00288211
114 2.80002 -0.00275464
115 2.8283 -0.000926538
116 2.85658 -0.00113395
117 2.88488 -0.0012523
118 2.91318 -0.00139722
119 2.9415 -0.00163528
120 2.96982 -0.00166849
121 2.99815 -0.00166398
122 3.02648 -0.00169048
123 3.05483 -0.00277545
124 3.08318 -0.00284414
125 3.11154 -0.00285982
126 3.13992 -0.00292235
127 3.1683 -0.00297221
128 3.19669 -0.00298479
129 3.22508 -0.00298331
130 3.25349 -0.002016
131 3.28191 -0.0016129
132 3.31034 -0.00154464
133 3.33878 -0.00170843
134 3.36723 -0.00163329
135 3.39569 -0.00156399
136 3.42417 -0.00203853
137 3.45265 -0.0020017
138 3.48115 -0.00143571
139 3.50966 -0.00138387
140 3.53818 -0.00106301
141 3.56671 -0.000832925
142 3.59525 -0.000761123
143 3.6238 -0.000538735
144 3.65237 -0.000225832
145 3.68094 0.000924296
146 3.70953 0.00159176
147 3.73812 0.00208118
148 3.76673 0.0022027
149 3.79535 0.0022033
150 3.82398 0.00233084
151 3.85262 0.00226822
152 3.88128 0.00222728
153 3.90994 0.00239203
154 3.93861 0.00249336
155 3.96729 0.00279168
156 3.99598 0.00309042
157 4.02469 0.00346059
158 4.0534 0.00402032
159 4.08212 0.00439828
160 4.11086 0.00475685
161 4.1396 0.00511421
162 4.16835 0.00538063
163 4.19711 0.00564971
164 4.22588 0.00592296
165 4.25466 0.00581507
166 4.28344 0.00594942
167 4.31224 0.00614076
168 4.34104 0.00638078
169 4.36985 0.00653184
170 4.39866 0.00672733
171 4.42749 0.00690979
172 4.45632 0.00712173
173 4.48516 0.00723381
174 4.514 0.0072429
175 4.54285 0.00728909
176 4.57171 0.00730617
177 4.60057 0.00726939
178 4.62944 0.00724048
179 4.65831 0.00720222
180 4.68719 0.0070666
181 4.71607 0.00691521
182 4.74496 0.00671408
183 4.77385 0.00650732
184 4.80274 0.00620276
185 4.83164 0.00593783
186 4.86054 0.00562265
187 4.88944 0.00525708
188 4.91834 0.00484621
189 4.94725 0.00443255
190 4.97616 0.0039763
191 5.00507 0.00348367
192 5.03398 0.00298633
193 5.0629 0.00217554
194 5.09181 0.00143293
195 5.12073 0.000915677
196 5.14964 0.000343132
197 5.17856 -0.000254609
198 5.20748 -0.000856161
199 5.2364 -0.00150291
200 5.26531 -0.00219618
201 5.29423 -0.0028872
202 5.32315 -0.00360086
203 5.35207 -0.00431479
204 5.38099 -0.00502122
205 5.4099 -0.00572945
206 5.43882 -0.00650177
207 5.46773 -0.00719511
208 5.49665 -0.00788631
209 5.52556 -0.0085815
210 5.55448 -0.00928523
211 5.5834 -0.00995134
212 5.61231 -0.0105623
213 5.64123 -0.0112125
214 5.67015 -0.0118419
215 5.69907 -0.0124056
216 5.72799 -0.0129499
217 5.75691 -0.0134956
218 5.78584 -0.0140113
219 5.81476 -0.0144134
220 5.84369 -0.0148143
221 5.87261 -0.0151064
222 5.90154 -0.0152986
223 5.93048 -0.0156106
224 5.95941 -0.0158048
225 5.98835 -0.0160097
226 6.01729 -0.0160743
227 6.04623 -0.0161415
228 6.07518 -0.016179
229 6.10412 -0.0161642
230 6.13308 -0.0161176
231 6.16203 -0.0160013
232 6.19099 -0.0158659
233 6.21995 -0.0156723
234 6.24892 -0.015436
235 6.27789 -0.0150331
236 6.30686 -0.0146782
237 6.33584 -0.014305
238 6.36482 -0.0138655
239 6.39381 -0.013377
240 6.4228 -0.0128288
241 6.45179 -0.012232
242 6.48079 -0.0116093
243 6.50979 -0.0108846
244 6.5388 -0.0101427
245 6.56781 -0.0092814
246 6.59683 -0.00842562
247 6.62585 -0.00756833
248 6.65487 -0.00664721
249 6.6839 -0.00568023
250 6.71293 -0.0046723
251 6.74197 -0.00363678
252 6.77101 -0.00248048
253 6.80005 -0.00143356
254 6.82909 -0.000339857
255 6.85814 0.000807649
256 6.8872 0.00197142
257 6.91625 0.00314132
258 6.94531 0.00432028
259 6.97437 0.00548732
260 7.00343 0.00670102
261 7.0325 0.0078688
262 7.06156 0.00882204
263 7.09063 0.0100265
264 7.1197 0.0111232
265 7.14877 0.0122542
266 7.17784 0.0133052
267 7.20691 0.0143408
268 7.23598 0.015393
269 7.26506 0.0164232
270 7.29413 0.0173628
271 7.32321 0.0182847
272 7.35229 0.0191101
273 7.38136 0.0198749
274 7.41044 0.0206262
275 7.43952 0.0212021
276 7.46861 0.0218061
277 7.49769 0.0223624
278 7.52678 0.0228579
279 7.55586 0.0231146
280 7.58495 0.0233369
281 7.61404 0.0235724
282 7.64313 0.0237078
283 7.67223 0.0238551
284 7.70132 0.0238079
285 7.73041 0.0238599
286 7.7595 0.0237429
287 7.7886 0.0234626
288 7.81769 0.0231576
289 7.84677 0.0227227
290 7.87584 0.0221486
291 7.90492 0.0214603
292 7.93399 0.0206321
293 7.96306 0.0198127
294 7.99212 0.0188908
295 8.02118 0.0178508
296 8.05024 0.0166828
297 8.07929 0.0153636
298 8.10834 0.0140215
299 8.13738 0.0125642
300 8.16641 0.0111277
301 8.19545 0.00963458
302 8.22448 0.00804626
303 8.2535 0.00649181
304 8.28253 0.00465134
305 8.31155 0.0029255
306 8.34056 0.00119364
307 8.36957 -0.000551131
308 8.39858 -0.00233446
309 8.42759 -0.00412068
310 8.45659 -0.00595751
311 8.48559 -0.00778282
312 8.51458 -0.00962457
313 8.54358 -0.0114643
314 8.57258 -0.0132006
315 8.60157 -0.0149315
316 8.63057 -0.0167079
317 8.65956 -0.0184079
318 8.68855 -0.0199773
319 8.71754 -0.0215839
320 8.74653 -0.0231581
321 8.77553 -0.0247202
322 8.80452 -0.02608
323 8.83351 -0.0273936
324 8.8625 -0.0284915
325 8.8915 -0.0295686
326 8.92049 -0.0305814
327 8.94949 -0.0314927
328 8.97848 -0.0322427
329 9.00748 -0.0327286
330 9.03648 -0.0333701
331 9.06548 -0.0338901
332 9.09448 -0.0343177
333 9.12348 -0.0347507
334 9.15248 -0.0349959
335 9.18149 -0.0351218
336 9.2105 -0.0351867
337 9.23951 -0.0351461
338 9.26852 -0.0350152
339 9.29754 -0.0347618
340 9.32656 -0.0344239
341 9.35558 -0.0339715
342 9.38461 -0.0334174
343 9.41364 -0.0326683
344 9.44267 -0.0318909
345 9.47171 -0.0310281
346 9.50075 -0.0299373
347 9.5298 -0.0290001
348 9.55885 -0.0278324
349 9.58791 -0.0265942
350 9.61697 -0.0250875
351 9.64603 -0.0236445
352 9.6751 -0.022021
353 9.70417 -0.0203994
354 9.73325 -0.0185948
355 9.76233 -0.016748
356 9.79142 -0.0148329
357 9.8205 -0.0128426
358 9.84959 -0.0106592
359 9.87868 -0.00859707
360 9.90776 -0.00641518
361 9.93684 -0.00414508
362 9.96592 -0.00183162
363 9.995 0.000585169
364 10.0241 0.00287653
365 10.0531 0.00528723
366 10.0822 0.00771945
367 10.1113 0.0101889
368 10.1403 0.0126669
369 10.1694 0.0151287
370 10.1985 0.0175549
371 10.2275 0.0199639
372 10.2566 0.0223709
373 10.2856 0.0247537
374 10.3147 0.0269308
375 10.3437 0.0291718
376 10.3728 0.0313756
377 10.4019 0.033504
378 10.4309 0.0353833
379 10.46 0.0372175
380 10.489 0.0390283
381 10.5181 0.0407256
382 10.5471 0.0422879
383 10.5762 0.0438042
384 10.6053 0.045078
385 10.6343 0.0462556
386 10.6634 0.0472631
387 10.6925 0.0483587
388 10.7215 0.0490849
389 10.7506 0.0495593
390 10.7797 0.0498294
391 10.8088 0.0499775
392 10.8378 0.0500612
393 10.8669 0.0497035
394 10.896 0.0495113
395 10.9251 0.048975
396 10.9542 0.0482381
397 10.9833 0.047247
398 11.0124 0.0460938
399 11.0415 0.0448088
400 11.0706 0.0434093
401 11.0996 0.0417546
402 11.1287 0.040007
403 11.1578 0.0381503
404 11.1868 0.0361576
405 11.2159 0.0340194
406 11.2449 0.0316629
407 11.274 0.029169
408 11.303 0.0266934
409 11.332 0.024092
410 11.361 0.021261
411 11.39 0.01833
412 11.419 0.0153524
413 11.448 0.0121012
414 11.477 0.00891841
415 11.506 0.00567181
416 11.535 0.00232372
417 11.5639 -0.00109982
418 11.5929 -0.00452354
419 11.6219 -0.00801376
420 11.6508 -0.0115275
421 11.6797 -0.0150542
422 11.7087 -0.018549
423 11.7376 -0.0220759
424 11.7665 -0.0255066
425 11.7954 -0.028888
426 11.8244 -0.0321081
427 11.8533 -0.0352525
428 11.8822 -0.0384129
429 11.9111 -0.0415546
430 11.94 -0.0443797
431 11.9689 -0.0471805
432 11.9978 -0.0497308
433 12.0267 -0.0521188
434 12.0556 -0.0544041
435 12.0846 -0.0563928
436 12.1135 -0.0582728
437 12.1424 -0.0599898
438 12.1713 -0.0613745
439 12.2002 -0.0626211
440 12.2291 -0.0636406
441 12.2581 -0.06437
442 12.287 -0.0648972
443 12.3159 -0.0651728
444 12.3449 -0.0650809
445 12.3738 -0.0648388
446 12.4028 -0.0644434
447 12.4317 -0.0638656
448 12.4607 -0.0631314
449 12.4896 -0.0620497
450 12.5186 -0.0607998
451 12.5476 -0.0594801
452 12.5766 -0.0578779
453 12.6055 -0.0560795
454 12.6345 -0.05412
455 12.6635 -0.0519276
456 12.6926 -0.0494695
457 12.7216 -0.046926
458 12.7506 -0.0442597
459 12.7796 -0.0413366
460 12.8087 -0.0382076
461 12.8377 -0.035037
462 12.8668 -0.0314845
463 12.8958 -0.0281805
464 12.9249 -0.0246569
465 12.9539 -0.0208646
466 12.9829 -0.0170453
467 13.012 -0.0130848
468 13.041 -0.0090133
469 13.07 -0.00485344
470 13.099 -0.000537128
471 13.128 0.00369243
472 13.157 0.00810781
473 13.1859 0.0125782
474 13.2149 0.0169679
475 13.2438 0.0212967
476 13.2728 0.0256557
477 13.3017 0.0299935
478 13.3307 0.0341715
479 13.3596 0.038427
480 13.3886 0.0424713
481 13.4175 0.0465555
482 13.4464 0.0504751
483 13.4753 0.0540331
484 13.5043 0.0575033
485 13.5332 0.0608718
486 13.5621 0.0639891
487 13.5911 0.0666852
488 13.62 0.0693946
489 13.6489 0.0717704
490 13.6779 0.0740214
491 13.7068 0.0762522
492 13.7358 0.0778403
493 13.7647 0.0785566
494 13.7937 0.0788784
495 13.8226 0.0797226
496 13.8516 0.0800271
497 13.8805 0.0800702
498 13.9095 0.0795205
499 13.9385 0.0791435
500 13.9675 0.0782567
501 13.9965 0.0772228
502 14.0255 0.0750768
503 14.0545 0.0741446
504 14.0835 0.0734917
505 14.1125 0.0718507
506 14.1415 0.0698376
507 14.1705 0.067459
508 14.1996 0.0649796
509 14.2286 0.0621212
510 14.2576 0.0591057
511 14.2866 0.0559642
512 14.3155 0.0524751
513 14.3445 0.0486813
514 14.3734 0.0448796
515 14.4024 0.040907
516 14.4313 0.0367796
517 14.4602 0.0324666
518 14.4891 0.0276909
519 14.518 0.0229412
520 14.5468 0.018118
521 14.5757 0.0133409
522 14.6045 0.00839196
523 14.6334 0.00300791
524 14.6622 -0.00227724
525 14.691 -0.00760523
526 14.7198 -0.0129431
527 14.7486 -0.0183023
528 14.7774 -0.0234731
529 14.8062 -0.0287912
530 14.8349 -0.0340872
531 14.8637 -0.0394127
532 14.8925 -0.0444634
533 14.9212 -0.0495439
534 14.95 -0.0545187
535 14.9787 -0.0592868
536 15.0075 -0.0639921
537 15.0363 -0.0681716
538 15.065 -0.0722115
539 15.0938 -0.0760714
540 15.1226 -0.079586
541 15.1513 -0.0828069
542 15.1801 -0.0857365
543 15.2089 -0.0881468
544 15.2376 -0.0901691
545 15.2664 -0.0919374
546 15.2952 -0.0931693
547 15.324 -0.0940352
548 15.3528 -0.0946793
549 15.3816 -0.0948974
550 15.4104 -0.0947443
551 15.4392 -0.0943389
552 15.468 -0.0936092
553 15.4968 -0.0925967
554 15.5257 -0.09113
555 15.5545 -0.0894667
556 15.5834 -0.0876659
557 15.6122 -0.0857033
558 15.6411 -0.0833875
559 15.67 -0.0808382
560 15.6989 -0.0781652
561 15.7279 -0.0752815
562 15.7568 -0.0720979
563 15.7857 -0.068541
564 15.8147 -0.0648534
565 15.8436 -0.0609318
566 15.8726 -0.0566826
567 15.9015 -0.0522236
568 15.9305 -0.0475682
569 15.9594 -0.0421446
570 15.9883 -0.0370651
571 16.0172 -0.031751
572 16.046 -0.0263976
573 16.0749 -0.0208105
574 16.1037 -0.014923
575 16.1325 -0.00901727
576 16.1613 -0.0029333
577 16.1901 0.00324285
578 16.2189 0.00955921
579 16.2476 0.0158773
580 16.2764 0.0222875
581 16.3051 0.0287457
582 16.3339 0.036075
583 16.3626 0.0428857
584 16.3913 0.0493537
585 16.4201 0.0557117
586 16.4488 0.0618476
587 16.4775 0.0677088
588 16.5062 0.0735858
589 16.5349 0.0788315
590 16.5637 0.0836734
591 16.5924 0.0883581
592 16.6211 0.0925712
593 16.6498 0.0962158
594 16.6786 0.0996476
595 16.7073 0.102549
596 16.736 0.105033
597 16.7648 0.106739
598 16.7935 0.108298
599 16.8222 0.109368
600 16.851 0.109987
601 16.8798 0.110178
602 16.9085 0.109974
603 16.9373 0.109433
604 16.9661 0.108676
605 16.9949 0.107545
606 17.0237 0.106154
607 17.0526 0.104407
608 17.0814 0.102218
609 17.1103 0.0999969
610 17.1391 0.0974316
611 17.168 0.0948425
612 17.1969 0.0920624
613 17.2258 0.0888312
614 17.2547 0.0854502
615 17.2836 0.0817524
616 17.3124 0.07793
617 17.3413 0.073615
618 17.3701 0.0691125
619 17.3989 0.0641828
620 17.4276 0.0593847
621 17.4564 0.0539745
622 17.4851 0.0485096
623 17.5139 0.0427405
624 17.5425 0.0365895
625 17.5712 0.0302584
626 17.5999 0.0235623
627 17.6285 0.0168149
628 17.6571 0.0100447
629 17.6857 0.00280608
630 17.7143 -0.00445554
631 17.7429 -0.0117914
632 17.7714 -0.0193239
633 17.8 -0.0270997
634 17.8285 -0.0345821
635 17.857 -0.0422692
636 17.8856 -0.0496317
637 17.9141 -0.0570059
638 17.9426 -0.064227
639 17.9711 -0.0712557
640 17.9996 -0.0779854
641 18.0281 -0.0844351
642 18.0566 -0.0904561
643 18.0851 -0.0959798
644 18.1136 -0.101014
645 18.1421 -0.105634
646 18.1706 -0.109484
647 18.1991 -0.1129
648 18.2276 -0.115695
649 18.2561 -0.117991
650 18.2846 -0.119689
651 18.3132 -0.120929
652 18.3417 -0.121817
653 18.3702 -0.121833
654 18.3988 -0.12163
655 18.4274 -0.121204
656 18.4559 -0.120356
657 18.4845 -0.119075
658 18.5131 -0.117619
659 18.5418 -0.115748
660 18.5704 -0.11374
661 18.5991 -0.11116
662 18.6277 -0.108613
663 18.6564 -0.105603
664 18.6852 -0.102365
665 18.7139 -0.0992211
666 18.7426 -0.0958999
667 18.7714 -0.0922469
668 18.8002 -0.0881566
669 18.829 -0.0837826
670 18.8577 -0.0787656
671 18.8865 -0.073558
672 18.9153 -0.0678387
673 18.944 -0.0617517
674 18.9727 -0.0554182
675 19.0013 -0.0489722
676 19.0299 -0.0419012
677 19.0585 -0.0345002
678 19.0871 -0.027089
679 19.1157 -0.0192568
680 19.1442 -0.0114142
681 19.1727 -0.00345889
682 19.2012 0.00450951
683 19.2297 0.0127956
684 19.2582 0.0211152
685 19.2866 0.0292778
686 19.3151 0.0373905
687 19.3435 0.0456363
688 19.372 0.0538823
689 19.4004 0.0620286
690 19.4288 0.0711271
691 19.4573 0.0793146
692 19.4857 0.0868349
693 19.5141 0.0938694
694 19.5425 0.100523
695 19.5709 0.106346
696 19.5994 0.111644
697 19.6278 0.116184
698 19.6562 0.120157
699 19.6847 0.123465
700 19.7131 0.125749
701 19.7416 0.127531
702 19.77 0.128771
703 19.7985 0.129375
704 19.827 0.129652
705 19.8555 0.129403
706 19.884 0.128717
707 19.9125 0.127798
708 19.941 0.126808
709 19.9696 0.125395
710 19.9982 0.123598
711 20.0268 0.121408
712 20.0554 0.119117
713 20.084 0.116753
714 20.1127 0.114207
715 20.1414 0.111428
716 20.1701 0.108542
717 20.1988 0.105251
718 20.2275 0.101926
719 20.2562 0.0981478
720 20.2849 0.0938185
721 20.3135 0.0891997
722 20.3422 0.0843008
723 20.3708 0.0790367
724 20.3993 0.0733931
725 20.4279 0.0674368
726 20.4564 0.0611248
727 20.4849 0.0546064
728 20.5133 0.0475832
729 20.5417 0.0403894
730 20.5701 0.0327528
731 20.5985 0.0250221
732 20.6269 0.0167412
733 20.6552 0.00834687
734 20.6835 -0.000359879
735 20.7118 -0.00930348
736 20.7401 -0.0183836
737 20.7683 -0.0274795
738 20.7966 -0.0368165
739 20.8248 -0.0462878
740 20.8531 -0.0557872
741 20.8813 -0.0651997
742 20.9095 -0.0742772
743 20.9377 -0.0829665
744 20.966 -0.0912679
745 20.9942 -0.099033
746 21.0224 -0.106374
747 21.0507 -0.112775
748 21.0789 -0.118613
749 21.1071 -0.123451
750 21.1354 -0.127458
751 21.1636 -0.130687
752 21.1919 -0.133149
753 21.2202 -0.13486
754 21.2484 -0.136013
755 21.2767 -0.136497
756 21.305 -0.13656
757 21.3333 -0.136173
758 21.3616 -0.135609
759 21.39 -0.134631
760 21.4183 -0.133138
761 21.4467 -0.131789
762 21.4751 -0.130117
763 21.5036 -0.128023
764 21.532 -0.126188
765 21.5605 -0.124173
766 21.589 -0.121952
767 21.6175 -0.119461
768 21.646 -0.116398
769 21.6746 -0.113105
770 21.7032 -0.109313
771 21.7318 -0.104963
772 21.7604 -0.100121
773 21.789 -0.0947645
774 21.8176 -0.0891226
775 21.8462 -0.0829473
776 21.8747 -0.0764508
777 21.9032 -0.0694801
778 21.9317 -0.0619458
779 21.9601 -0.0540034
780 21.9885 -0.0458957
781 22.0169 -0.0369704
782 22.0452 -0.0281526
783 22.0736 -0.0192501
784 22.1019 -0.0103047
785 22.1301 -0.000846409
786 22.1584 0.008618
787 22.1866 0.0179282
788 22.2149 0.0277081
789 22.2431 0.0373639
790 22.2713 0.0462565
791 22.2995 0.0558531
792 22.3277 0.0650783
793 22.3559 0.0741174
794 22.3841 0.0846319
795 22.4123 0.0935492
796 22.4405 0.101421
797 22.4687 0.109112
798 22.4969 0.115575
799 22.5251 0.121399
800 22.5533 0.12629
801 22.5815 0.130096
802 22.6097 0.132978
803 22.6379 0.135434
804 22.6662 0.137114
805 22.6944 0.138123
806 22.7227 0.13859
807 22.7509 0.138419
808 22.7792 0.138172
809 22.8075 0.137746
810 22.8358 0.136527
811 22.8642 0.135623
812 22.8925 0.134382
813 22.9209 0.133083
814 22.9493 0.13178
815 22.9778 0.130064
816 23.0063 0.12808
817 23.0347 0.124918
818 23.0633 0.122796
819 23.0918 0.120338
820 23.1203 0.117289
821 23.1489 0.113595
822 23.1774 0.109813
823 23.2059 0.105303
824 23.2344 0.100657
825 23.2628 0.0954234
826 23.2912 0.0895993
827 23.3196 0.0833114
828 23.3479 0.0766056
829 23.3762 0.0692952
830 23.4045 0.0616785
831 23.4327 0.0536737
832 23.4609 0.0449591
833 23.4891 0.0359623
834 23.5172 0.0267653
835 23.5453 0.0169259
836 23.5734 0.0071559
837 23.6015 -0.0027881
838 23.6296 -0.0131164
839 23.6576 -0.0237976
840 23.6857 -0.0343656
841 23.7137 -0.0452762
842 23.7417 -0.0559763
843 23.7697 -0.0669304
844 23.7977 -0.0773869
845 23.8257 -0.0872682
846 23.8537 -0.0968284
847 23.8817 -0.105472
848 23.9097 -0.113394
849 23.9378 -0.120315
850 23.9658 -0.126414
851 23.9938 -0.131488
852 24.0218 -0.135344
853 24.0499 -0.138587
854 24.0779 -0.140929
855 24.106 -0.142327
856 24.134 -0.143198
857 24.1621 -0.143474
858 24.1902 -0.143345
859 24.2184 -0.142751
860 24.2465 -0.141912
861 24.2747 -0.140899
862 24.3029 -0.140075
863 24.3311 -0.138784
864 24.3593 -0.13722
865 24.3876 -0.135908
866 24.4159 -0.134121
867 24.4442 -0.13222
868 24.4726 -0.129695
869 24.501 -0.127321
870 24.5294 -0.124148
871 24.5578 -0.120639
872 24.5863 -0.116849
873 24.6148 -0.112595
874 24.6432 -0.10785
875 24.6717 -0.102524
876 24.7001 -0.0967505
877 24.7285 -0.0904732
878 24.7569 -0.0836618
879 24.7852 -0.0763977
880 24.8135 -0.0686007
881 24.8418 -0.0601716
882 24.87 -0.0510687
883 24.8982 -0.041783
884 24.9263 -0.0324268
885 24.9545 -0.0225034
886 24.9826 -0.0122116
887 25.0106 -0.00222426
888 25.0387 0.00847612
889 25.0668 0.018747
890 25.0948 0.0294534
891 25.1228 0.0400724
892 25.1508 0.0500154
893 25.1788 0.0602935
894 25.2068 0.0703747
895 25.2348 0.0815273
896 25.2628 0.0917828
897 25.2908 0.100776
898 25.3188 0.109104
899 25.3468 0.116613
900 25.3748 0.123012
901 25.4029 0.128313
902 25.4309 0.132336
903 25.4589 0.135949
904 25.4869 0.138343
905 25.515 0.140038
906 25.5431 0.141181
907 25.5711 0.141431
908 25.5992 0.141613
909 25.6273 0.141616
910 25.6555 0.140783
911 25.6836 0.140239
912 25.7118 0.13951
913 25.74 0.138268
914 25.7683 0.137101
915 25.7965 0.135855
916 25.8248 0.134192
917 25.8532 0.132096
918 25.8816 0.130157
919 25.91 0.128014
920 25.9384 0.125455
921 25.9668 0.122336
922 25.9952 0.119111
923 26.0237 0.115107
924 26.0521 0.110835
925 26.0805 0.105951
926 26.1089 0.10055
927 26.1372 0.0946028
928 26.1654 0.088374
929 26.1937 0.0814305
930 26.2219 0.0740369
931 26.25 0.0660147
932 26.2782 0.0576163
933 26.3062 0.0486575
934 26.3343 0.0393448
935 26.3623 0.0296105
936 26.3903 0.019601
937 26.4183 0.00920439
938 26.4463 -0.00127441
939 26.4742 -0.0121451
940 26.5021 -0.0229132
941 26.53 -0.0342551
942 26.5579 -0.045346
943 26.5858 -0.0566901
944 26.6137 -0.0681594
945 26.6415 -0.0788337
946 26.6694 -0.0892252
947 26.6973 -0.09892
948 26.7252 -0.107756
949 26.753 -0.115516
950 26.7809 -0.122431
951 26.8088 -0.128426
952 26.8367 -0.133149
953 26.8646 -0.137044
954 26.8925 -0.139813
955 26.9204 -0.14188
956 26.9483 -0.143028
957 26.9763 -0.143784
958 27.0042 -0.143821
959 27.0322 -0.143746
960 27.0602 -0.143234
961 27.0883 -0.142385
962 27.1163 -0.14137
963 27.1444 -0.140451
964 27.1725 -0.139467
965 27.2006 -0.138202
966 27.2288 -0.136461
967 27.257 -0.134289
968 27.2853 -0.132378
969 27.3136 -0.130213
970 27.3419 -0.127614
971 27.3702 -0.124464
972 27.3986 -0.120972
973 27.427 -0.117183
974 27.4553 -0.113006
975 27.4837 -0.108117
976 27.5121 -0.102603
977 27.5404 -0.0967328
978 27.5687 -0.0903685
979 27.597 -0.0834539
980 27.6252 -0.0757885
981 27.6534 -0.0677601
982 27.6815 -0.0589989
983 27.7096 -0.0499788
984 27.7377 -0.0406736
985 27.7657 -0.030847
986 27.7937 -0.0208154
987 27.8217 -0.0106658
988 27.8497 -7.21318e-06
989 27.8777 0.0107943
990 27.9056 0.0212272
991 27.9335 0.0321824
992 27.9614 0.0425942
993 27.9893 0.0531968
994 28.0172 0.0636553
995 28.0451 0.0748683
996 28.0729 0.0854361
997 28.1008 0.0952655
998 28.1287 0.104029
999 28.1566 0.111978
1000 28.1844 0.119278
1001 28.2123 0.12508
1002 28.2402 0.129991
1003 28.2681 0.133894
1004 28.296 0.137022
1005 28.3239 0.138967
1006 28.3519 0.140333
1007 28.3798 0.141442
1008 28.4078 0.141716
1009 28.4358 0.141715
1010 28.4638 0.141303
1011 28.4918 0.140686
1012 28.5199 0.140265
1013 28.5479 0.139404
1014 28.5761 0.138571
1015 28.6042 0.137394
1016 28.6324 0.136156
1017 28.6606 0.134499
1018 28.6889 0.132787
1019 28.7172 0.130937
1020 28.7455 0.128728
1021 28.7739 0.125973
1022 28.8022 0.123055
1023 28.8306 0.119351
1024 28.8589 0.115357
1025 28.8873 0.110686
1026 28.9156 0.105708
1027 28.9438 0.100025
1028 28.972 0.0938543
1029 29.0002 0.087405
1030 29.0283 0.0799677
1031 29.0564 0.0721836
1032 29.0844 0.0637033
1033 29.1125 0.0549658
1034 29.1404 0.0456361
1035 29.1684 0.0358207
1036 29.1963 0.0256163
1037 29.2242 0.0152047
1038 29.252 0.00432715
1039 29.2798 -0.00655787
1040 29.3076 -0.0177566
1041 29.3354 -0.0291319
1042 29.3632 -0.0404287
1043 29.391 -0.0519859
1044 29.4187 -0.0635359
1045 29.4464 -0.074864
1046 29.4742 -0.0856423
1047 29.5019 -0.0956934
1048 29.5297 -0.104974
1049 29.5574 -0.113308
1050 29.5852 -0.12061
1051 29.6129 -0.126989
1052 29.6407 -0.132082
1053 29.6685 -0.136276
1054 29.6962 -0.139515
1055 29.724 -0.141638
1056 29.7518 -0.143268
1057 29.7796 -0.143963
1058 29.8075 -0.144353
1059 29.8353 -0.144323
1060 29.8632 -0.144202
1061 29.8911 -0.14349
1062 29.919 -0.14277
1063 29.947 -0.14195
1064 29.9749 -0.141004
1065 30.003 -0.140063
1066 30.031 -0.138562
1067 30.0591 -0.136721
1068 30.0873 -0.135087
1069 30.1154 -0.13322
1070 30.1437 -0.131
1071 30.1719 -0.128045
1072 30.2002 -0.124799
1073 30.2285 -0.121262
1074 30.2568 -0.117259
1075 30.2851 -0.1127
1076 30.3135 -0.107576
1077 30.3417 -0.101758
1078 30.37 -0.0955521
1079 30.3982 -0.0887683
1080 30.4263 -0.0812671
1081 30.4544 -0.0733216
1082 30.4825 -0.0648144
1083 30.5105 -0.0558024
1084 30.5385 -0.046402
1085 30.5664 -0.0365074
1086 30.5944 -0.0262074
1087 30.6223 -0.0160834
1088 30.6501 -0.00524599
1089 30.678 0.00587706
1090 30.7058 0.0165933
1091 30.7336 0.0278433
1092 30.7614 0.0387199
1093 30.7892 0.0492321
1094 30.817 0.0601564
1095 30.8448 0.0703872
1096 30.8725 0.0821654
1097 30.9003 0.092607
1098 30.9281 0.101747
1099 30.9559 0.110157
1100 30.9837 0.11752
1101 31.0114 0.124023
1102 31.0392 0.129428
1103 31.067 0.133465
1104 31.0948 0.137052
1105 31.1227 0.139285
1106 31.1505 0.140963
1107 31.1783 0.142001
1108 31.2062 0.142651
1109 31.2341 0.142692
1110 31.262 0.142489
1111 31.29 0.142328
1112 31.3179 0.141562
1113 31.3459 0.14108
1114 31.374 0.140212
1115 31.402 0.139151
1116 31.4301 0.137863
1117 31.4583 0.136203
1118 31.4865 0.134498
1119 31.5147 0.132834
1120 31.543 0.130809
1121 31.5712 0.128153
1122 31.5995 0.125286
1123 31.6278 0.12193
1124 31.6561 0.11794
1125 31.6843 0.113443
1126 31.7126 0.108722
1127 31.7407 0.103363
1128 31.7689 0.0975079
1129 31.797 0.0911546
1130 31.8251 0.0842526
1131 31.8531 0.0765849
1132 31.8811 0.0685058
1133 31.909 0.0596718
1134 31.9369 0.0506427
1135 31.9648 0.0408152
1136 31.9926 0.0306775
1137 32.0205 0.020283
1138 32.0482 0.00960078
1139 32.076 -0.0016412
1140 32.1037 -0.0126956
1141 32.1315 -0.0241166
1142 32.1592 -0.0356403
1143 32.1869 -0.0471507
1144 32.2145 -0.0586961
1145 32.2422 -0.0701671
1146 32.2699 -0.0815633
1147 32.2976 -0.0919767
1148 32.3252 -0.101778
1149 32.3529 -0.110663
1150 32.3806 -0.118311
1151 32.4083 -0.125287
1152 32.436 -0.131057
1153 32.4637 -0.135558
1154 32.4914 -0.13922
1155 32.5191 -0.141714
1156 32.5468 -0.14351
1157 32.5746 -0.144642
1158 32.6023 -0.144799
1159 32.6301 -0.145165
1160 32.6579 -0.145084
1161 32.6857 -0.144872
1162 32.7136 -0.144145
1163 32.7415 -0.143287
1164 32.7694 -0.142446
1165 32.7974 -0.141516
1166 32.8254 -0.140375
1167 32.8534 -0.138349
1168 32.8815 -0.136972
1169 32.9097 -0.135147
1170 32.9378 -0.132973
1171 32.966 -0.130236
1172 32.9942 -0.127225
1173 33.0224 -0.123911
1174 33.0506 -0.119946
1175 33.0789 -0.115539
1176 33.1071 -0.110718
1177 33.1352 -0.105019
1178 33.1633 -0.0990169
1179 33.1914 -0.0924846
1180 33.2194 -0.0849018
1181 33.2474 -0.0770387
1182 33.2754 -0.0688486
1183 33.3033 -0.0599861
1184 33.3312 -0.0508714
1185 33.359 -0.0410096
1186 33.3868 -0.0307855
1187 33.4146 -0.0203467
1188 33.4424 -0.00961775
1189 33.4701 0.00131954
1190 33.4978 0.0125099
1191 33.5255 0.0233779
1192 33.5532 0.0347651
1193 33.5808 0.0455801
1194 33.6085 0.05615
1195 33.6361 0.066941
1196 33.6638 0.0789361
1197 33.6914 0.0895446
1198 33.7191 0.0992484
1199 33.7467 0.107858
1200 33.7744 0.115685
1201 33.802 0.122499
1202 33.8297 0.128245
1203 33.8573 0.132826
1204 33.885 0.136748
1205 33.9127 0.139508
1206 33.9404 0.141357
1207 33.9681 0.142627
1208 33.9959 0.143602
1209 34.0236 0.143992
1210 34.0514 0.14409
1211 34.0792 0.143959
1212 34.1071 0.143307
1213 34.1349 0.142801
1214 34.1628 0.142179
1215 34.1908 0.141272
1216 34.2188 0.140212
1217 34.2468 0.138572
1218 34.2748 0.137302
1219 34.303 0.135675
1220 34.3311 0.133698
1221 34.3593 0.131324
1222 34.3874 0.12874
1223 34.4156 0.125546
1224 34.4439 0.122004
1225 34.4721 0.117655
1226 34.5002 0.113122
1227 34.5284 0.107886
1228 34.5565 0.102209
1229 34.5846 0.0960632
1230 34.6126 0.0893007
1231 34.6406 0.0818864
1232 34.6686 0.073769
1233 34.6965 0.0652058
1234 34.7244 0.0560132
1235 34.7523 0.0463849
1236 34.7801 0.0362437
1237 34.8079 0.0255228
1238 34.8356 0.014774
1239 34.8634 0.00343386
1240 34.8911 -0.00809282
1241 34.9187 -0.0193643
1242 34.9464 -0.0310286
1243 34.9741 -0.0428042
1244 35.0017 -0.0542847
1245 35.0294 -0.0662387
1246 35.057 -0.0774093
1247 35.0847 -0.0886114
1248 35.1123 -0.0989576
1249 35.14 -0.108339
1250 35.1676 -0.116518
1251 35.1953 -0.123938
1252 35.2229 -0.130114
1253 35.2506 -0.135031
1254 35.2783 -0.139052
1255 35.306 -0.141856
1256 35.3337 -0.143983
1257 35.3614 -0.1452
1258 35.3892 -0.145665
1259 35.4169 -0.146044
1260 35.4447 -0.146057
1261 35.4725 -0.145914
1262 35.5003 -0.145234
1263 35.5282 -0.144585
1264 35.5561 -0.143618
1265 35.5841 -0.14272
1266 35.612 -0.141607
1267 35.64 -0.140112
1268 35.6681 -0.138305
1269 35.6962 -0.136639
1270 35.7243 -0.134763
1271 35.7525 -0.132363
1272 35.7807 -0.129525
1273 35.8089 -0.126509
1274 35.8371 -0.122814
1275 35.8653 -0.118681
1276 35.8934 -0.113917
1277 35.9216 -0.108349
1278 35.9497 -0.102476
1279 35.9778 -0.0961747
1280 36.0058 -0.0891185
1281 36.0339 -0.081682
1282 36.0618 -0.0734668
1283 36.0897 -0.064807
1284 36.1176 -0.0556915
1285 36.1455 -0.0460237
1286 36.1733 -0.0357176
1287 36.2011 -0.0250521
1288 36.2289 -0.0142618
1289 36.2566 -0.00305189
1290 36.2843 0.00843341
1291 36.312 0.0195384
1292 36.3397 0.0311814
1293 36.3674 0.0418852
1294 36.3951 0.0533728
1295 36.4227 0.0645069
1296 36.4504 0.0765921
1297 36.478 0.0874076
1298 36.5057 0.0975708
1299 36.5333 0.106636
1300 36.561 0.114732
1301 36.5886 0.12201
1302 36.6163 0.128053
1303 36.644 0.13288
1304 36.6717 0.136928
1305 36.6994 0.139634
1306 36.7271 0.141919
1307 36.7548 0.143237
1308 36.7825 0.14413
1309 36.8102 0.144619
1310 36.838 0.144669
1311 36.8658 0.144664
1312 36.8936 0.143988
1313 36.9215 0.143484
1314 36.9494 0.142914
1315 36.9773 0.14211
1316 37.0053 0.14106
1317 37.0333 0.139485
1318 37.0613 0.138197
1319 37.0894 0.136549
1320 37.1175 0.134653
1321 37.1457 0.132434
1322 37.1738 0.129739
1323 37.202 0.126653
1324 37.2302 0.12317
1325 37.2584 0.118749
1326 37.2866 0.114242
1327 37.3148 0.109085
1328 37.343 0.103335
1329 37.3711 0.097112
1330 37.3991 0.0904906
1331 37.4272 0.0828653
1332 37.4552 0.0749088
1333 37.4832 0.0660908
1334 37.5111 0.0568992
1335 37.539 0.0472433
1336 37.5668 0.0368891
1337 37.5947 0.0261854
1338 37.6225 0.0154267
1339 37.6502 0.00394568
1340 37.678 -0.00761676
1341 37.7057 -0.0189173
1342 37.7334 -0.0306546
1343 37.7611 -0.0424469
1344 37.7887 -0.0540526
1345 37.8164 -0.0659304
1346 37.8441 -0.0771896
1347 37.8717 -0.0883438
1348 37.8994 -0.0986928
1349 37.9271 -0.108056
1350 37.9547 -0.116176
1351 37.9824 -0.123554
1352 38.0101 -0.12969
1353 38.0378 -0.134578
1354 38.0655 -0.138552
1355 38.0932 -0.141404
1356 38.1209 -0.143323
1357 38.1486 -0.144625
1358 38.1764 -0.145144
1359 38.2041 -0.145337
1360 38.2319 -0.145348
1361 38.2597 -0.145221
1362 38.2876 -0.144543
1363 38.3154 -0.143881
1364 38.3433 -0.142996
1365 38.3713 -0.142053
1366 38.3993 -0.140907
1367 38.4273 -0.1394
1368 38.4553 -0.137676
1369 38.4834 -0.136038
1370 38.5115 -0.134112
1371 38.5397 -0.131747
1372 38.5679 -0.129009
1373 38.5961 -0.125874
1374 38.6243 -0.122267
1375 38.6525 -0.118256
1376 38.6807 -0.113463
1377 38.7088 -0.107875
1378 38.737 -0.102041
1379 38.7651 -0.095784
1380 38.7931 -0.0889214
1381 38.8211 -0.0815389
1382 38.8491 -0.0733198
1383 38.877 -0.0647269
1384 38.9049 -0.0555836
1385 38.9328 -0.0459696
1386 38.9606 -0.0357357
1387 38.9884 -0.0251916
1388 39.0162 -0.0144123
1389 39.044 -0.00323767
1390 39.0717 0.0081543
1391 39.0994 0.0193507
1392 39.1271 0.0309646
1393 39.1548 0.0416254
1394 39.1824 0.0531958
1395 39.2101 0.0642455
1396 39.2378 0.0763704
1397 39.2654 0.0872221
1398 39.2931 0.097343
1399 39.3208 0.106488
1400 39.3484 0.114624
1401 39.3761 0.121775
1402 39.4038 0.127865
1403 39.4315 0.132716
1404 39.4592 0.136566
1405 39.4869 0.13934
1406 39.5146 0.141518
1407 39.5423 0.142718
1408 39.5701 0.143559
1409 39.5978 0.144028
1410 39.6256 0.144099
1411 39.6534 0.144011
1412 39.6813 0.143233
1413 39.7091 0.142607
1414 39.737 0.141847
1415 39.765 0.141166
1416 39.7929 0.140092
1417 39.8209 0.138429
1418 39.849 0.137084
1419 39.8771 0.135436
1420 39.9052 0.133543
1421 39.9334 0.131097
1422 39.9616 0.128459
1423 39.9898 0.125402
1424 40.018 0.121632
