0 0 0
1 0.000909091 -0.000381591
2 0.00282343 0.000939379
3 0.00501341 2.15782e-05
4 0.00750808 -0.000106858
5 0.0102946 5.0733e-05
6 0.0133447 2.66485e-06
7 0.0166323 7.88918e-05
8 0.0201347 0.000117854
9 0.0238317 4.346e-05
10 0.0277061 0.000132596
11 0.0317417 4.23158e-05
12 0.0359268 0.000121819
13 0.0402502 0.000119565
14 0.0447018 0.000119683
15 0.0492734 0.000102694
16 0.0539569 9.15229e-05
17 0.0587457 0.000104291
18 0.0636327 9.85352e-05
19 0.0686113 7.32109e-05
20 0.0736757 0.000105851
21 0.0788185 0.000159802
22 0.0840324 0.000123917
23 0.0893115 0.000101972
24 0.0946505 8.29071e-05
25 0.100044 7.55492e-05
26 0.105487 0.000131799
27 0.110977 0.000154568
28 0.116508 0.00016837
29 0.122078 0.000146246
30 0.127684 0.000184467
31 0.133322 0.000197618
32 0.138992 0.00017955
33 0.144691 0.000224795
34 0.150419 0.000215357
35 0.156172 0.000226923
36 0.161951 0.000234203
37 0.167752 0.00025011
38 0.173575 0.000260162
39 0.179419 0.000281651
40 0.185282 0.000295122
41 0.191162 0.000307912
42 0.19706 0.000319388
43 0.202974 0.000334236
44 0.208901 0.0003157
45 0.214843 0.000368022
46 0.220797 0.00035939
47 0.226764 0.000403475
48 0.232743 0.000389411
49 0.238735 0.000395075
50 0.244738 0.000422953
51 0.250754 0.000439371
52 0.256779 0.000440669
53 0.26281 0.000445493
54 0.268844 0.000434077
55 0.274879 0.00047511
56 0.280901 0.000493872
57 0.286906 0.00041918
58 0.292901 0.000453778
59 0.298887 0.000478046
60 0.304869 0.000481052
61 0.310837 0.000488961
62 0.3168 0.000484891
63 0.322761 0.000489774
64 0.328723 0.000469508
65 0.334686 0.000441697
66 0.340652 0.000430312
67 0.346619 0.000452403
68 0.352588 0.000493302
69 0.358561 0.000551462
70 0.364538 0.000590238
71 0.370521 0.000593394
72 0.376511 0.00059452
73 0.382508 0.000600541
74 0.38851 0.00059984
75 0.394514 0.000593525
76 0.40052 0.000587589
77 0.406525 0.000582168
78 0.412521 0.000582488
79 0.41851 0.00056536
80 0.424491 0.000554545
81 0.430468 0.000555108
82 0.436443 0.000539491
83 0.442406 0.000514478
84 0.448359 0.000502322
85 0.454303 0.000489327
86 0.460242 0.000462683
87 0.466175 0.000445737
88 0.472105 0.00041328
89 0.478033 0.000382382
90 0.483958 0.000341902
91 0.489877 0.000288841
92 0.495793 0.000228099
93 0.501707 0.00018928
94 0.507622 0.000156582
95 0.513537 0.000105201
96 0.519453 4.17116e-05
97 0.52537 -6.12322e-05
98 0.531288 -0.000161594
99 0.537208 -0.000218507
100 0.543131 -0.000292838
101 0.549055 -0.000373596
102 0.554983 -0.000458709
103 0.560914 -0.000541501
104 0.566845 -0.000587117
105 0.572775 -0.000735551
106 0.578694 -0.000872675
107 0.584601 -0.000996403
108 0.590498 -0.00108903
109 0.596384 -0.00118032
110 0.602261 -0.00126681
111 0.60813 -0.00136178
112 0.613991 -0.00144696
113 0.619845 -0.00154763
114 0.625694 -0.00165463
115 0.63154 -0.00174098
116 0.637382 -0.00185073
117 0.643221 -0.0019949
118 0.649056 -0.00210644
119 0.65489 -0.00221403
120 0.66072 -0.00234091
121 0.666545 -0.00243188
122 0.672367 -0.00253448
123 0.678186 -0.00257188
124 0.684004 -0.00266319
125 0.689822 -0.00276215
126 0.69564 -0.00284514
127 0.701457 -0.00289675
128 0.707275 -0.00269463
129 0.713094 -0.00273314
130 0.718914 -0.00283442
131 0.724734 -0.00303913
132 0.730556 -0.00313015
133 0.736379 -0.00328892
134 0.742203 -0.00351055
135 0.748029 -0.00369178
136 0.753857 -0.00393751
137 0.759687 -0.00421545
138 0.76552 -0.00442353
139 0.771356 -0.0046573
140 0.777196 -0.00485958
141 0.783039 -0.00511652
142 0.788883 -0.00534447
143 0.794728 -0.00558411
144 0.800573 -0.00629051
145 0.806414 -0.00649306
146 0.81225 -0.00680259
147 0.818084 -0.00695893
148 0.823916 -0.00715097
149 0.829742 -0.00741376
150 0.835565 -0.00770417
151 0.841385 -0.00797684
152 0.847202 -0.00823633
153 0.853018 -0.00852594
154 0.858831 -0.00885493
155 0.864644 -0.00917601
156 0.870458 -0.00945449
157 0.876271 -0.0097552
158 0.882084 -0.0100401
159 0.887898 -0.0103771
160 0.893713 -0.0106941
161 0.899527 -0.011529
162 0.905343 -0.0118298
163 0.91116 -0.0122746
164 0.916977 -0.012881
165 0.922796 -0.0133228
166 0.928617 -0.0139646
167 0.93444 -0.0145621
168 0.940266 -0.0152403
169 0.946095 -0.0158327
170 0.951926 -0.0164992
171 0.957761 -0.0172099
172 0.963599 -0.018011
173 0.969439 -0.0187771
174 0.975282 -0.0194944
175 0.981126 -0.0201629
176 0.986972 -0.0209755
177 0.992819 -0.021746
178 0.998669 -0.0225254
179 1.00452 -0.0232919
180 1.01037 -0.0240596
181 1.01623 -0.0248853
182 1.02208 -0.0280471
183 1.02794 -0.0292389
184 1.0338 -0.0303208
185 1.03964 -0.0313814
186 1.04549 -0.0324677
187 1.05132 -0.0334978
188 1.05716 -0.0345728
189 1.06299 -0.035571
190 1.06882 -0.0366155
191 1.07464 -0.0365647
192 1.08046 -0.0374293
193 1.08627 -0.0383045
194 1.09208 -0.0389343
195 1.09787 -0.039662
196 1.10365 -0.0402112
197 1.10941 -0.0407211
198 1.11517 -0.0411978
199 1.12091 -0.0414921
200 1.12663 -0.0445503
201 1.13235 -0.0450938
202 1.13806 -0.0453499
203 1.14375 -0.0452503
204 1.14944 -0.0446881
205 1.15512 -0.0443044
206 1.16079 -0.0438274
207 1.16645 -0.0430121
208 1.17211 -0.0432268
209 1.17775 -0.0421205
210 1.18339 -0.0407102
211 1.18902 -0.0385488
212 1.19464 -0.0360705
213 1.20026 -0.0330648
214 1.20587 -0.0294938
215 1.21148 -0.0257057
216 1.21708 -0.0213142
217 1.22268 -0.0166228
218 1.22827 -0.0118428
219 1.23386 -0.0069633
220 1.23945 -0.00227082
221 1.24503 0.00294029
222 1.25062 0.00826894
223 1.2562 0.0138221
224 1.26178 0.0195753
225 1.26736 0.0251548
226 1.27293 0.0310695
227 1.27851 0.0371817
228 1.28409 0.043454
229 1.28966 0.0498658
230 1.29522 0.0562257
231 1.30077 0.0625199
232 1.30632 0.0688024
233 1.31186 0.0750913
234 1.3174 0.08109
235 1.32293 0.0869534
236 1.32845 0.0924489
237 1.33397 0.0979909
238 1.3395 0.10317
239 1.34502 0.108147
240 1.35054 0.112812
241 1.35605 0.117464
242 1.36157 0.121987
243 1.36709 0.12661
244 1.37261 0.131063
245 1.37812 0.135174
246 1.38364 0.139338
247 1.38917 0.143362
248 1.39469 0.147337
249 1.40021 0.151612
250 1.40574 0.155642
251 1.41127 0.159339
252 1.4168 0.163494
253 1.42233 0.167406
254 1.42785 0.17119
255 1.43337 0.175205
256 1.43889 0.179101
257 1.44441 0.183127
258 1.44993 0.186819
259 1.45544 0.190556
260 1.46096 0.19414
261 1.46648 0.197872
262 1.472 0.201537
263 1.47751 0.205158
264 1.48303 0.208743
265 1.48856 0.212191
266 1.49408 0.215425
267 1.49961 0.218605
268 1.50513 0.221515
269 1.51066 0.224575
270 1.51619 0.226988
271 1.52172 0.229099
272 1.52725 0.23093
273 1.53278 0.232315
274 1.53831 0.233663
275 1.54384 0.234483
276 1.54937 0.234631
277 1.5549 0.23439
278 1.56044 0.233582
279 1.56597 0.232443
280 1.5715 0.230135
281 1.57703 0.22722
282 1.58257 0.222591
283 1.58811 0.219357
284 1.59364 0.215006
285 1.59917 0.209786
286 1.60469 0.201133
287 1.61021 0.196132
288 1.61572 0.189162
289 1.62123 0.180034
290 1.62674 0.169041
291 1.63225 0.15631
292 1.63775 0.141147
293 1.64326 0.124891
294 1.64876 0.105419
295 1.65426 0.0830411
296 1.65975 0.058422
297 1.66522 0.0313295
298 1.67069 0.00261664
299 1.67615 -0.027154
300 1.68161 -0.0580662
301 1.68706 -0.0886933
302 1.69251 -0.119663
303 1.69796 -0.149241
304 1.70342 -0.177853
305 1.70886 -0.20474
306 1.7143 -0.230204
307 1.71972 -0.253404
308 1.72514 -0.274514
309 1.73056 -0.293462
310 1.73597 -0.31023
311 1.74138 -0.3252
312 1.7468 -0.338419
313 1.7522 -0.350521
314 1.75759 -0.361423
315 1.76298 -0.37131
316 1.76837 -0.380469
317 1.77374 -0.389287
318 1.77912 -0.397133
319 1.78449 -0.4047
320 1.78987 -0.412124
321 1.79525 -0.419778
322 1.80064 -0.425852
323 1.80602 -0.43191
324 1.8114 -0.43767
325 1.81679 -0.443154
326 1.82216 -0.448636
327 1.82755 -0.453739
328 1.83292 -0.458748
329 1.83829 -0.463738
330 1.84365 -0.468017
331 1.84902 -0.471957
332 1.85438 -0.475283
333 1.85974 -0.479089
334 1.8651 -0.48224
335 1.87045 -0.485174
336 1.8758 -0.487376
337 1.88115 -0.489301
338 1.88649 -0.491164
339 1.89183 -0.492751
340 1.89717 -0.494051
341 1.9025 -0.494948
342 1.90784 -0.495643
343 1.91318 -0.495192
344 1.91851 -0.494403
345 1.92384 -0.493122
346 1.92917 -0.490695
347 1.9345 -0.488104
348 1.93984 -0.482983
349 1.94517 -0.480439
350 1.95051 -0.475839
351 1.95586 -0.470114
352 1.9612 -0.463071
353 1.96655 -0.452577
354 1.9719 -0.445282
355 1.97725 -0.436648
356 1.98261 -0.425724
357 1.98797 -0.413195
358 1.99333 -0.399383
359 1.99869 -0.383979
360 2.00406 -0.367244
361 2.00943 -0.348998
362 2.01481 -0.329309
363 2.02019 -0.307596
364 2.02557 -0.284645
365 2.03096 -0.259443
366 2.03635 -0.233015
367 2.04174 -0.20494
368 2.04714 -0.175041
369 2.05255 -0.144174
370 2.05795 -0.112172
371 2.06337 -0.0789243
372 2.06878 -0.0442052
373 2.07421 -0.00798852
374 2.07963 0.0288415
375 2.08506 0.0666459
376 2.09049 0.105263
377 2.09591 0.144412
378 2.10133 0.184062
379 2.10672 0.222643
380 2.1121 0.262176
381 2.11747 0.301705
382 2.12282 0.340478
383 2.12816 0.380855
384 2.13349 0.419264
385 2.13881 0.45774
386 2.14412 0.49466
387 2.14942 0.531928
388 2.1547 0.568779
389 2.15998 0.605398
390 2.16525 0.640828
391 2.1705 0.675021
392 2.17576 0.70845
393 2.181 0.740687
394 2.18623 0.771165
395 2.19146 0.800463
396 2.19667 0.827624
397 2.20188 0.853848
398 2.20708 0.87934
399 2.21227 0.903996
400 2.21745 0.92906
401 2.22263 0.953969
402 2.2278 0.97906
403 2.23296 1.00445
404 2.23812 1.0301
405 2.24328 1.05498
406 2.24843 1.07822
407 2.25357 1.09873
408 2.25872 1.11493
409 2.26386 1.12545
410 2.26899 1.12914
411 2.27413 1.12501
412 2.27925 1.11244
413 2.28438 1.09112
414 2.2895 1.06172
415 2.29461 1.02481
416 2.29972 0.980693
417 2.30482 0.931064
418 2.30991 0.875995
419 2.315 0.815988
420 2.32008 0.751883
421 2.32515 0.684028
422 2.33022 0.612118
423 2.33528 0.537611
424 2.34035 0.460059
425 2.3454 0.380015
426 2.35046 0.297475
427 2.35551 0.212643
428 2.36056 0.126155
429 2.3656 0.0382417
430 2.37064 -0.0505733
431 2.37567 -0.140229
432 2.38069 -0.229913
433 2.38571 -0.319375
434 2.39072 -0.408005
435 2.39574 -0.495282
436 2.40074 -0.580729
437 2.40574 -0.663915
438 2.41075 -0.743967
439 2.41575 -0.820575
440 2.42075 -0.892709
441 2.42574 -0.960142
442 2.43073 -1.02274
443 2.43572 -1.07942
444 2.4407 -1.13064
445 2.44568 -1.1762
446 2.45065 -1.21569
447 2.45561 -1.24909
448 2.46058 -1.27618
449 2.46554 -1.29675
450 2.47049 -1.31084
451 2.47544 -1.31835
452 2.48039 -1.31843
453 2.48534 -1.31213
454 2.49029 -1.29958
455 2.49524 -1.28111
456 2.50018 -1.25681
457 2.50512 -1.22658
458 2.51005 -1.1902
459 2.51498 -1.14699
460 2.51991 -1.09656
461 2.52482 -1.03836
462 2.52974 -0.97279
463 2.53465 -0.900406
464 2.53956 -0.82218
465 2.54446 -0.739994
466 2.54937 -0.655333
467 2.55427 -0.570537
468 2.55916 -0.487049
469 2.56406 -0.405922
470 2.56896 -0.327968
471 2.57385 -0.254253
472 2.57874 -0.185066
473 2.58363 -0.120634
474 2.58851 -0.0612098
475 2.59339 -0.00698002
476 2.59827 0.0417621
477 2.60314 0.0851784
478 2.60801 0.123413
479 2.61288 0.156462
480 2.61774 0.184742
481 2.6226 0.208466
482 2.62746 0.228217
483 2.63232 0.244787
484 2.63717 0.257471
485 2.64203 0.26896
486 2.64688 0.278485
487 2.65173 0.28722
488 2.65658 0.294019
489 2.66143 0.301192
490 2.66627 0.307795
491 2.67112 0.313666
492 2.67596 0.31943
493 2.6808 0.324932
494 2.68564 0.329834
495 2.69048 0.335076
496 2.69532 0.339548
497 2.70016 0.34433
498 2.70499 0.349724
499 2.70982 0.354053
500 2.71466 0.359082
501 2.71949 0.365218
502 2.72431 0.369465
503 2.72914 0.373548
504 2.73397 0.377438
505 2.73879 0.379939
506 2.74361 0.382571
507 2.74843 0.384461
508 2.75326 0.385367
509 2.75808 0.38536
510 2.7629 0.386502
511 2.76772 0.385695
512 2.77253 0.383086
513 2.77735 0.378876
514 2.78217 0.372713
515 2.78698 0.365549
516 2.7918 0.356369
517 2.79661 0.344824
518 2.80142 0.331341
519 2.80623 0.315424
520 2.81104 0.300087
521 2.81585 0.279298
522 2.82066 0.256121
523 2.82546 0.230131
524 2.83027 0.20113
525 2.83507 0.169492
526 2.83988 0.135332
527 2.84468 0.098808
528 2.84948 0.0607364
529 2.85427 0.0206954
530 2.85907 -0.0205798
531 2.86386 -0.0626765
532 2.86865 -0.105528
533 2.87344 -0.148753
534 2.87823 -0.191946
535 2.88302 -0.234563
536 2.88781 -0.276291
537 2.8926 -0.316928
538 2.89738 -0.356133
539 2.90217 -0.393723
540 2.90695 -0.429721
541 2.91174 -0.463635
542 2.91652 -0.495807
543 2.9213 -0.525995
544 2.92608 -0.554411
545 2.93086 -0.580754
546 2.93564 -0.605374
547 2.94042 -0.62837
548 2.9452 -0.650475
549 2.94997 -0.670953
550 2.95475 -0.690137
551 2.95953 -0.708771
552 2.9643 -0.726068
553 2.96907 -0.742364
554 2.97385 -0.758138
555 2.97862 -0.773095
556 2.98339 -0.787347
557 2.98816 -0.80112
558 2.99293 -0.814066
559 2.9977 -0.826958
560 3.00246 -0.839476
561 3.00723 -0.851917
562 3.01199 -0.864529
563 3.01676 -0.877444
564 3.02152 -0.890696
565 3.02628 -0.904629
566 3.03104 -0.919299
567 3.0358 -0.9344
568 3.04056 -0.950187
569 3.04531 -0.965924
570 3.05007 -0.981305
571 3.05482 -0.995094
572 3.05957 -1.00734
573 3.06432 -1.01671
574 3.06907 -1.02265
575 3.07382 -1.02467
576 3.07856 -1.02249
577 3.0833 -1.01637
578 3.08805 -1.00574
579 3.09278 -0.990863
580 3.09752 -0.97155
581 3.10226 -0.947801
582 3.10699 -0.919332
583 3.11172 -0.885752
584 3.11645 -0.846555
585 3.12118 -0.801499
586 3.12591 -0.750213
587 3.13064 -0.692537
588 3.13536 -0.628244
589 3.14009 -0.558029
590 3.14481 -0.481813
591 3.14953 -0.400348
592 3.15426 -0.314591
593 3.15898 -0.224665
594 3.1637 -0.131908
595 3.16842 -0.0370121
596 3.17314 0.0592451
597 3.17786 0.155609
598 3.18258 0.251479
599 3.18729 0.345855
600 3.192 0.438862
601 3.19672 0.528514
602 3.20143 0.614587
603 3.20614 0.695927
604 3.21085 0.772656
605 3.21556 0.844005
606 3.22026 0.909231
607 3.22497 0.96787
608 3.22967 1.02021
609 3.23438 1.06616
610 3.23908 1.10486
611 3.24378 1.13688
612 3.24848 1.16308
613 3.25318 1.18391
614 3.25788 1.2
615 3.26258 1.21253
616 3.26727 1.22238
617 3.27197 1.23037
618 3.27666 1.23692
619 3.28136 1.2433
620 3.28605 1.24947
621 3.29074 1.25574
622 3.29543 1.26229
623 3.30012 1.26825
624 3.30481 1.27354
625 3.3095 1.27684
626 3.31418 1.27753
627 3.31887 1.27455
628 3.32355 1.26744
629 3.32823 1.25548
630 3.33291 1.23851
631 3.33759 1.2158
632 3.34227 1.18758
633 3.34695 1.15347
634 3.35163 1.11355
635 3.35631 1.06759
636 3.36098 1.01468
637 3.36566 0.955339
638 3.37033 0.888707
639 3.37501 0.814994
640 3.37968 0.734124
641 3.38435 0.646624
642 3.38902 0.55327
643 3.39369 0.454532
644 3.39837 0.351413
645 3.40304 0.245125
646 3.40771 0.136835
647 3.41238 0.0272735
648 3.41706 -0.0818167
649 3.42173 -0.189356
650 3.4264 -0.294275
651 3.43107 -0.395784
652 3.43574 -0.492858
653 3.44042 -0.584383
654 3.44509 -0.670203
655 3.44976 -0.749842
656 3.45443 -0.821599
657 3.4591 -0.885215
658 3.46378 -0.941203
659 3.46845 -0.989053
660 3.47312 -1.02847
661 3.47779 -1.06078
662 3.48247 -1.08554
663 3.48714 -1.10363
664 3.49181 -1.11593
665 3.49649 -1.12322
666 3.50116 -1.12603
667 3.50583 -1.12594
668 3.51051 -1.12358
669 3.51518 -1.11998
670 3.51986 -1.11593
671 3.52453 -1.11217
672 3.52921 -1.10925
673 3.53389 -1.10756
674 3.53856 -1.107
675 3.54324 -1.10776
676 3.54792 -1.10873
677 3.5526 -1.10988
678 3.55728 -1.11042
679 3.56196 -1.10917
680 3.56664 -1.10572
681 3.57132 -1.09929
682 3.57601 -1.08924
683 3.58069 -1.07551
684 3.58537 -1.05721
685 3.59006 -1.03442
686 3.59474 -1.0069
687 3.59943 -0.974454
688 3.60411 -0.936634
689 3.6088 -0.893081
690 3.61349 -0.84371
691 3.61817 -0.788015
692 3.62286 -0.726222
693 3.62755 -0.658158
694 3.63224 -0.584038
695 3.63693 -0.504239
696 3.64162 -0.419306
697 3.64631 -0.329182
698 3.651 -0.236524
699 3.65569 -0.140113
700 3.66039 -0.0423754
701 3.66508 0.0560331
702 3.66978 0.155155
703 3.67447 0.252873
704 3.67917 0.349111
705 3.68387 0.441253
706 3.68857 0.530048
707 3.69327 0.6149
708 3.69797 0.69447
709 3.70268 0.768079
710 3.70738 0.833749
711 3.71209 0.893104
712 3.7168 0.944268
713 3.72151 0.987237
714 3.72622 1.02346
715 3.73093 1.05247
716 3.73564 1.07479
717 3.74035 1.09211
718 3.74507 1.10519
719 3.74978 1.11412
720 3.7545 1.12114
721 3.75922 1.12637
722 3.76394 1.13079
723 3.76866 1.13483
724 3.77339 1.13893
725 3.77811 1.14352
726 3.78284 1.14895
727 3.78756 1.15498
728 3.79229 1.16178
729 3.79702 1.16949
730 3.80175 1.17711
731 3.80649 1.18351
732 3.81122 1.18904
733 3.81596 1.19203
734 3.82069 1.19161
735 3.82543 1.1873
736 3.83017 1.17929
737 3.83491 1.16659
738 3.83965 1.14921
739 3.84439 1.12699
740 3.84913 1.09988
741 3.85388 1.06711
742 3.85862 1.0291
743 3.86337 0.984171
744 3.86811 0.932505
745 3.87286 0.873575
746 3.87761 0.807125
747 3.88236 0.732877
748 3.88711 0.65143
749 3.89186 0.563413
750 3.89662 0.469498
751 3.90137 0.370525
752 3.90612 0.267483
753 3.91088 0.161396
754 3.91564 0.0535749
755 3.9204 -0.0548109
756 3.92516 -0.162965
757 3.92992 -0.267907
758 3.93468 -0.371388
759 3.93945 -0.469065
760 3.94421 -0.566135
761 3.94898 -0.657215
762 3.95375 -0.741853
763 3.95851 -0.818842
764 3.96329 -0.887391
765 3.96806 -0.948571
766 3.97283 -1.0009
767 3.9776 -1.04446
768 3.98238 -1.08068
769 3.98716 -1.10921
770 3.99194 -1.13037
771 3.99671 -1.14587
772 4.0015 -1.15581
773 4.00628 -1.16109
774 4.01106 -1.16339
775 4.01585 -1.16334
776 4.02063 -1.1618
777 4.02542 -1.15967
778 4.03021 -1.15765
779 4.035 -1.15625
780 4.03979 -1.15616
781 4.04458 -1.157
782 4.04938 -1.1592
783 4.05417 -1.16192
784 4.05897 -1.16496
785 4.06377 -1.16712
786 4.06857 -1.168
787 4.07337 -1.16617
788 4.07817 -1.16106
789 4.08297 -1.15199
790 4.08778 -1.13834
791 4.09258 -1.12
792 4.09739 -1.0964
793 4.1022 -1.0675
794 4.10701 -1.03301
795 4.11181 -0.992425
796 4.11662 -0.945419
797 4.12144 -0.891803
798 4.12625 -0.831251
799 4.13106 -0.763399
800 4.13587 -0.688663
801 4.14069 -0.607201
802 4.1455 -0.519289
803 4.15032 -0.425781
804 4.15514 -0.326726
805 4.15995 -0.224523
806 4.16477 -0.119097
807 4.16959 -0.0118472
808 4.17442 0.0956748
809 4.17924 0.202742
810 4.18406 0.307784
811 4.18889 0.410008
812 4.19371 0.508098
813 4.19854 0.601761
814 4.20337 0.689477
815 4.2082 0.770361
816 4.21303 0.843001
817 4.21786 0.908329
818 4.2227 0.964327
819 4.22753 1.01217
820 4.23237 1.05141
821 4.2372 1.08214
822 4.24204 1.10635
823 4.24688 1.12401
824 4.25172 1.13651
825 4.25656 1.14497
826 4.26141 1.15037
827 4.26625 1.15366
828 4.27109 1.15582
829 4.27594 1.15745
830 4.28077 1.15922
831 4.2856 1.16156
832 4.29043 1.16483
833 4.29525 1.16884
834 4.30006 1.17382
835 4.30488 1.17867
836 4.30968 1.18356
837 4.31448 1.18713
838 4.31927 1.1887
839 4.32406 1.18744
840 4.32884 1.18318
841 4.33362 1.17495
842 4.33839 1.16255
843 4.34316 1.14589
844 4.34793 1.12447
845 4.35268 1.09834
846 4.35744 1.06696
847 4.36219 1.02964
848 4.36693 0.986164
849 4.37167 0.935815
850 4.3764 0.878341
851 4.38113 0.813666
852 4.38585 0.741428
853 4.39057 0.662146
854 4.39529 0.576303
855 4.4 0.48476
856 4.4047 0.388184
857 4.4094 0.287702
858 4.41409 0.184026
859 4.41878 0.0782931
860 4.42347 -0.0280662
861 4.42815 -0.134185
862 4.43283 -0.239247
863 4.4375 -0.341782
864 4.44217 -0.441092
865 4.44683 -0.535697
866 4.45149 -0.625376
867 4.45614 -0.708801
868 4.46079 -0.786421
869 4.46543 -0.856598
870 4.47007 -0.918446
871 4.4747 -0.973204
872 4.47933 -1.01959
873 4.48396 -1.05725
874 4.48858 -1.08817
875 4.49319 -1.11231
876 4.4978 -1.12926
877 4.50241 -1.14156
878 4.50701 -1.14915
879 4.5116 -1.15299
880 4.5162 -1.15447
881 4.52079 -1.1543
882 4.52537 -1.15309
883 4.52995 -1.15155
884 4.53452 -1.15018
885 4.5391 -1.14969
886 4.54366 -1.14986
887 4.54823 -1.15137
888 4.55279 -1.15383
889 4.55734 -1.15755
890 4.56189 -1.16145
891 4.56644 -1.16539
892 4.57098 -1.1686
893 4.57552 -1.17014
894 4.58005 -1.16905
895 4.58458 -1.16493
896 4.58911 -1.15715
897 4.59363 -1.14525
898 4.59814 -1.12925
899 4.60266 -1.10846
900 4.60716 -1.08314
901 4.61167 -1.05287
902 4.61617 -1.01752
903 4.62067 -0.976946
904 4.62516 -0.930569
905 4.62965 -0.878418
906 4.63414 -0.820259
907 4.63862 -0.755793
908 4.6431 -0.685357
909 4.64758 -0.608732
910 4.65205 -0.527006
911 4.65652 -0.440244
912 4.66099 -0.349062
913 4.66546 -0.254756
914 4.66992 -0.157749
915 4.67438 -0.0590336
916 4.67884 0.0407932
917 4.6833 0.140004
918 4.68775 0.238544
919 4.6922 0.334717
920 4.69665 0.428147
921 4.7011 0.518091
922 4.70554 0.6043
923 4.70998 0.685409
924 4.71442 0.760701
925 4.71886 0.829561
926 4.72329 0.89195
927 4.72772 0.946961
928 4.73215 0.994939
929 4.73658 1.03556
930 4.74101 1.06933
931 4.74543 1.09637
932 4.74985 1.11776
933 4.75427 1.13363
934 4.75869 1.14503
935 4.76311 1.15286
936 4.76752 1.15817
937 4.77193 1.16105
938 4.77634 1.1632
939 4.78075 1.16458
940 4.78516 1.16562
941 4.78957 1.16722
942 4.79397 1.16933
943 4.79838 1.1722
944 4.80278 1.17568
945 4.80718 1.17967
946 4.81158 1.18361
947 4.81598 1.18737
948 4.82037 1.19004
949 4.82477 1.1912
950 4.82916 1.19009
951 4.83355 1.18665
952 4.83794 1.18003
953 4.84233 1.17001
954 4.84671 1.15658
955 4.8511 1.13928
956 4.85548 1.11802
957 4.85986 1.09237
958 4.86424 1.0621
959 4.86862 1.02691
960 4.873 0.985971
961 4.87738 0.939442
962 4.88176 0.887008
963 4.88613 0.828176
964 4.8905 0.762857
965 4.89488 0.691677
966 4.89925 0.614881
967 4.90362 0.532243
968 4.90799 0.445104
969 4.91236 0.354118
970 4.91673 0.260037
971 4.9211 0.163093
972 4.92547 0.0643917
973 4.92984 -0.0348165
974 4.93421 -0.133507
975 4.93858 -0.231626
976 4.94295 -0.327815
977 4.94732 -0.420983
978 4.95169 -0.510414
979 4.95606 -0.596277
980 4.96042 -0.677079
981 4.96479 -0.752276
982 4.96916 -0.821559
983 4.97353 -0.883973
984 4.9779 -0.939753
985 4.98227 -0.988405
986 4.98664 -1.02988
987 4.99101 -1.06429
988 4.99538 -1.0922
989 4.99974 -1.11413
990 5.00411 -1.13037
991 5.00848 -1.14183
992 5.01285 -1.14907
993 5.01722 -1.15358
994 5.02159 -1.15557
995 5.02596 -1.15544
996 5.03033 -1.15489
997 5.0347 -1.15371
998 5.03908 -1.15259
999 5.04345 -1.15195
1000 5.04782 -1.15214
1001 5.05219 -1.15347
1002 5.05656 -1.15584
1003 5.06094 -1.15895
1004 5.06531 -1.16288
1005 5.06968 -1.1669
1006 5.07406 -1.17049
1007 5.07843 -1.17273
1008 5.08281 -1.17327
1009 5.08718 -1.17133
1010 5.09156 -1.16618
1011 5.09594 -1.15741
1012 5.10031 -1.14506
1013 5.10469 -1.1284
1014 5.10907 -1.10738
1015 5.11345 -1.08208
1016 5.11783 -1.05215
1017 5.12221 -1.01743
1018 5.12659 -0.97725
1019 5.13098 -0.93182
1020 5.13536 -0.88085
1021 5.13975 -0.824141
1022 5.14413 -0.761038
1023 5.14852 -0.692337
1024 5.15291 -0.61745
1025 5.1573 -0.537411
1026 5.16169 -0.452501
1027 5.16608 -0.363554
1028 5.17047 -0.270641
1029 5.17487 -0.175287
1030 5.17926 -0.0777887
1031 5.18366 0.0207408
1032 5.18806 0.119504
1033 5.19246 0.217529
1034 5.19686 0.313691
1035 5.20127 0.40766
1036 5.20568 0.498946
1037 5.21009 0.586129
1038 5.2145 0.668633
1039 5.21891 0.745524
1040 5.22333 0.816904
1041 5.22775 0.881414
1042 5.23217 0.939275
1043 5.23659 0.989818
1044 5.24102 1.03343
1045 5.24545 1.07019
1046 5.24988 1.10015
1047 5.25432 1.12375
1048 5.25876 1.14182
1049 5.2632 1.15487
1050 5.26764 1.16442
1051 5.27209 1.17063
1052 5.27655 1.17502
1053 5.281 1.17788
1054 5.28546 1.17975
1055 5.28992 1.18168
1056 5.29439 1.18411
1057 5.29886 1.18688
1058 5.30334 1.19043
1059 5.30782 1.19461
1060 5.3123 1.19893
1061 5.31679 1.2032
1062 5.32128 1.20671
1063 5.32577 1.2086
1064 5.33028 1.20854
1065 5.33478 1.20585
1066 5.33929 1.19994
1067 5.34381 1.19041
1068 5.34832 1.17721
1069 5.35285 1.15975
1070 5.35738 1.13811
1071 5.36191 1.11184
1072 5.36645 1.08054
1073 5.371 1.04353
1074 5.37555 1.00034
1075 5.38011 0.950739
1076 5.38467 0.894409
1077 5.38924 0.830817
1078 5.39381 0.759751
1079 5.39839 0.681966
1080 5.40297 0.597603
1081 5.40756 0.507221
1082 5.41216 0.411639
1083 5.41676 0.312028
1084 5.42138 0.208805
1085 5.42599 0.102881
1086 5.43062 -0.00442054
1087 5.43525 -0.11141
1088 5.43989 -0.217929
1089 5.44453 -0.322323
1090 5.44918 -0.423566
1091 5.45384 -0.521192
1092 5.45851 -0.614027
1093 5.46318 -0.701559
1094 5.46787 -0.782186
1095 5.47256 -0.855221
1096 5.47726 -0.92098
1097 5.48197 -0.978316
1098 5.48668 -1.02653
1099 5.49141 -1.06712
1100 5.49614 -1.09923
1101 5.50088 -1.12369
1102 5.50563 -1.1417
1103 5.51039 -1.15391
1104 5.51516 -1.16064
1105 5.51994 -1.16402
1106 5.52473 -1.16478
1107 5.52953 -1.16388
1108 5.53434 -1.16221
1109 5.53916 -1.16054
1110 5.54399 -1.15951
1111 5.54884 -1.15959
1112 5.55369 -1.16117
1113 5.55855 -1.16382
1114 5.56342 -1.16807
1115 5.56831 -1.17216
1116 5.5732 -1.17616
1117 5.57811 -1.17865
1118 5.58303 -1.17879
1119 5.58796 -1.1754
1120 5.5929 -1.16788
1121 5.59786 -1.15521
1122 5.60283 -1.13764
1123 5.6078 -1.11445
1124 5.6128 -1.08556
1125 5.6178 -1.05041
1126 5.62281 -1.00867
1127 5.62784 -0.959701
1128 5.63288 -0.902952
1129 5.63794 -0.838219
1130 5.64301 -0.765097
1131 5.64809 -0.683649
1132 5.65318 -0.594074
1133 5.65829 -0.496958
1134 5.66341 -0.39354
1135 5.66855 -0.283916
1136 5.6737 -0.17012
1137 5.67886 -0.0538295
1138 5.68403 0.0635946
1139 5.68922 0.18083
1140 5.69441 0.296735
1141 5.69962 0.408824
1142 5.70483 0.516409
1143 5.71005 0.618255
1144 5.71527 0.713006
1145 5.72051 0.7995
1146 5.72575 0.876688
1147 5.73099 0.944078
1148 5.73625 1.0009
1149 5.74151 1.04754
1150 5.74677 1.08444
1151 5.75204 1.11169
1152 5.75731 1.13127
1153 5.76259 1.14392
1154 5.76788 1.1514
1155 5.77316 1.15511
1156 5.77846 1.15639
1157 5.78375 1.15637
1158 5.78905 1.15607
1159 5.79436 1.15629
1160 5.79967 1.15764
1161 5.80498 1.16025
1162 5.81029 1.16407
1163 5.81561 1.1686
1164 5.82094 1.17312
1165 5.82626 1.17627
1166 5.83159 1.17728
1167 5.83692 1.17472
1168 5.84226 1.16793
1169 5.84759 1.1562
1170 5.85293 1.13863
1171 5.85828 1.11558
1172 5.86362 1.08638
1173 5.86897 1.05025
1174 5.87432 1.00679
1175 5.87967 0.955072
1176 5.88503 0.894675
1177 5.89039 0.824758
1178 5.89575 0.74569
1179 5.90111 0.657327
1180 5.90648 0.560009
1181 5.91184 0.455053
1182 5.91721 0.343804
1183 5.92258 0.227786
1184 5.92796 0.108168
1185 5.93334 -0.0131053
1186 5.93872 -0.134316
1187 5.9441 -0.254143
1188 5.94948 -0.37068
1189 5.95487 -0.482639
1190 5.96026 -0.588445
1191 5.96565 -0.686887
1192 5.97105 -0.776306
1193 5.97645 -0.856352
1194 5.98185 -0.925979
1195 5.98725 -0.984704
1196 5.99266 -1.03254
1197 5.99807 -1.0698
1198 6.00348 -1.09733
1199 6.0089 -1.11638
1200 6.01432 -1.12865
1201 6.01974 -1.13512
1202 6.02516 -1.13763
1203 6.03059 -1.13745
1204 6.03602 -1.13579
1205 6.04145 -1.13363
1206 6.04689 -1.13172
1207 6.05233 -1.13081
1208 6.05777 -1.13134
1209 6.06321 -1.13356
1210 6.06866 -1.13727
1211 6.07411 -1.14207
1212 6.07957 -1.14662
1213 6.08502 -1.14962
1214 6.09048 -1.15008
1215 6.09595 -1.14608
1216 6.10141 -1.137
1217 6.10688 -1.12186
1218 6.11235 -1.10045
1219 6.11782 -1.07241
1220 6.1233 -1.0373
1221 6.12878 -0.994761
1222 6.13426 -0.94425
1223 6.13974 -0.88525
1224 6.14523 -0.8173
1225 6.15072 -0.740187
1226 6.15621 -0.65393
1227 6.1617 -0.559175
1228 6.1672 -0.456703
1229 6.1727 -0.347379
1230 6.1782 -0.232214
1231 6.18371 -0.113441
1232 6.18921 0.00715485
1233 6.19472 0.128453
1234 6.20024 0.24832
1235 6.20575 0.365286
1236 6.21127 0.477656
1237 6.2168 0.583993
1238 6.22232 0.683161
1239 6.22785 0.773648
1240 6.23338 0.854545
1241 6.23892 0.924617
1242 6.24446 0.983819
1243 6.25 1.03189
1244 6.25555 1.06956
1245 6.26109 1.09753
1246 6.26663 1.11761
1247 6.27214 1.1309
1248 6.27763 1.13929
1249 6.2831 1.14415
1250 6.28856 1.14672
1251 6.294 1.14806
1252 6.29945 1.14919
1253 6.30489 1.15059
1254 6.31033 1.15296
1255 6.31577 1.15643
1256 6.32121 1.16088
1257 6.32666 1.16574
1258 6.33211 1.1703
1259 6.33756 1.1731
1260 6.34302 1.17347
1261 6.34848 1.17
1262 6.35396 1.16177
1263 6.35945 1.14793
1264 6.36495 1.12815
1265 6.37046 1.10213
1266 6.37599 1.0695
1267 6.38153 1.02938
1268 6.38708 0.981042
1269 6.39264 0.923734
1270 6.39821 0.856842
1271 6.40378 0.780248
1272 6.40937 0.69377
1273 6.41496 0.597642
1274 6.42056 0.493137
1275 6.42617 0.381334
1276 6.43178 0.263929
1277 6.4374 0.142598
1278 6.44302 0.0185058
1279 6.44865 -0.105889
1280 6.45429 -0.228891
1281 6.45993 -0.349355
1282 6.46558 -0.464359
1283 6.47123 -0.573031
1284 6.47689 -0.67377
1285 6.48256 -0.76628
1286 6.48822 -0.848501
1287 6.4939 -0.919897
1288 6.49957 -0.979772
1289 6.50525 -1.02822
1290 6.51091 -1.06564
1291 6.51654 -1.09283
1292 6.52213 -1.11163
1293 6.52769 -1.12327
1294 6.53323 -1.12942
1295 6.53876 -1.13151
1296 6.54428 -1.13113
1297 6.5498 -1.12908
1298 6.55531 -1.12636
1299 6.56082 -1.12373
1300 6.56633 -1.12189
1301 6.57184 -1.12122
1302 6.57735 -1.12202
1303 6.58287 -1.12429
1304 6.58839 -1.12773
1305 6.59392 -1.13099
1306 6.59945 -1.1335
1307 6.605 -1.13309
1308 6.61056 -1.12884
1309 6.61612 -1.11942
1310 6.62169 -1.10415
1311 6.62727 -1.08226
1312 6.63286 -1.05351
1313 6.63845 -1.0174
1314 6.64406 -0.973705
1315 6.64967 -0.921986
1316 6.65529 -0.861818
1317 6.66091 -0.79295
1318 6.66655 -0.715204
1319 6.67219 -0.628735
1320 6.67784 -0.534094
1321 6.68349 -0.431686
1322 6.68915 -0.323029
1323 6.69482 -0.208752
1324 6.70049 -0.0910202
1325 6.70617 0.0285592
1326 6.71185 0.147809
1327 6.71755 0.266308
1328 6.72325 0.381366
1329 6.72895 0.492382
1330 6.73467 0.598215
1331 6.74039 0.69662
1332 6.74612 0.786629
1333 6.75184 0.866307
1334 6.75751 0.934804
1335 6.76314 0.992112
1336 6.76874 1.03889
1337 6.7743 1.07525
1338 6.77983 1.10361
1339 6.78533 1.12438
1340 6.79081 1.13947
1341 6.79628 1.15032
1342 6.80173 1.15817
1343 6.80718 1.16419
1344 6.81262 1.16928
1345 6.81805 1.17417
1346 6.82349 1.17944
1347 6.82893 1.18522
1348 6.83437 1.19159
1349 6.83982 1.19799
1350 6.84526 1.20367
1351 6.85072 1.20718
1352 6.85617 1.20779
1353 6.86164 1.20435
1354 6.86711 1.19569
1355 6.8726 1.18165
1356 6.8781 1.16169
1357 6.88362 1.13559
1358 6.88916 1.10246
1359 6.89471 1.06165
1360 6.90029 1.01232
1361 6.90587 0.953699
1362 6.91147 0.884957
1363 6.91709 0.805993
1364 6.92272 0.716599
1365 6.92837 0.617141
1366 6.93402 0.508677
1367 6.93969 0.392904
1368 6.94537 0.27146
1369 6.95106 0.145549
1370 6.95676 0.01693
1371 6.96246 -0.11189
1372 6.96818 -0.239462
1373 6.9739 -0.364017
1374 6.97963 -0.483292
1375 6.98537 -0.59549
1376 6.99111 -0.70018
1377 6.99686 -0.796075
1378 7.00262 -0.881285
1379 7.00838 -0.955072
1380 7.01409 -1.01669
1381 7.01978 -1.06628
1382 7.02542 -1.10443
1383 7.03103 -1.13243
1384 7.03661 -1.15173
1385 7.04217 -1.16367
1386 7.0477 -1.16995
1387 7.05322 -1.17208
1388 7.05873 -1.17156
1389 7.06424 -1.16954
1390 7.06975 -1.16705
1391 7.07526 -1.16504
1392 7.08076 -1.16414
1393 7.08627 -1.16483
1394 7.09178 -1.16705
1395 7.0973 -1.1704
1396 7.10282 -1.17422
1397 7.10835 -1.17675
1398 7.11388 -1.17696
1399 7.11943 -1.17273
1400 7.12499 -1.1634
1401 7.13055 -1.14778
1402 7.13612 -1.12544
1403 7.1417 -1.09589
1404 7.14729 -1.05888
1405 7.15288 -1.01407
1406 7.15848 -0.961006
1407 7.1641 -0.899174
1408 7.16972 -0.828226
1409 7.17534 -0.747992
1410 7.18098 -0.658306
1411 7.18662 -0.560124
1412 7.19227 -0.453881
1413 7.19792 -0.340682
1414 7.20358 -0.222253
1415 7.20925 -0.0993862
1416 7.21492 0.025401
1417 7.2206 0.150103
1418 7.22628 0.273785
1419 7.23198 0.393568
1420 7.23767 0.509243
1421 7.24338 0.618312
1422 7.2491 0.719491
1423 7.25482 0.811636
1424 7.26054 0.893043
1425 7.26624 0.962728
1426 7.27189 1.02038
1427 7.27751 1.06664
1428 7.28309 1.10238
1429 7.28864 1.12889
1430 7.29417 1.14786
1431 7.29966 1.16084
1432 7.30514 1.16942
1433 7.3106 1.17484
1434 7.31605 1.17848
1435 7.32149 1.18128
1436 7.32693 1.18408
1437 7.33237 1.18749
1438 7.33781 1.19172
1439 7.34325 1.19674
1440 7.34869 1.20206
1441 7.35414 1.20692
1442 7.35959 1.21016
1443 7.36504 1.2103
1444 7.3705 1.2067
1445 7.37597 1.19811
1446 7.38145 1.18428
1447 7.38694 1.16445
1448 7.39245 1.13848
1449 7.39797 1.10585
1450 7.40352 1.06556
1451 7.40908 1.01689
1452 7.41465 0.959025
1453 7.42025 0.891046
1454 7.42585 0.812581
1455 7.43147 0.723766
1456 7.43711 0.624676
1457 7.44276 0.51651
1458 7.44842 0.400627
1459 7.45409 0.278585
1460 7.45977 0.152353
1461 7.46546 0.0235037
1462 7.47116 -0.10631
1463 7.47686 -0.234521
1464 7.48258 -0.35984
1465 7.4883 -0.480317
1466 7.49403 -0.593314
1467 7.49977 -0.698856
1468 7.50551 -0.79467
1469 7.51126 -0.880652
1470 7.51702 -0.954893
1471 7.52276 -1.01688
1472 7.52847 -1.06647
1473 7.53414 -1.10452
1474 7.53977 -1.1321
1475 7.54537 -1.15069
1476 7.55094 -1.16235
1477 7.55648 -1.1683
1478 7.56201 -1.1702
1479 7.56753 -1.16959
1480 7.57304 -1.16759
1481 7.57855 -1.16516
1482 7.58405 -1.16313
1483 7.58956 -1.16224
1484 7.59507 -1.16287
1485 7.60058 -1.16513
1486 7.60609 -1.16887
1487 7.61161 -1.17341
1488 7.61713 -1.17732
1489 7.62266 -1.17921
1490 7.6282 -1.17723
1491 7.63375 -1.17062
1492 7.63931 -1.15774
1493 7.64488 -1.1384
1494 7.65046 -1.112
1495 7.65604 -1.07828
1496 7.66163 -1.03688
1497 7.66723 -0.987395
1498 7.67284 -0.929315
1499 7.67845 -0.862121
1500 7.68407 -0.785442
1501 7.68971 -0.699431
1502 7.69534 -0.604059
1503 7.70099 -0.500363
1504 7.70664 -0.389273
1505 7.7123 -0.27214
1506 7.71796 -0.14979
1507 7.72363 -0.0248937
1508 7.72931 0.100804
1509 7.73499 0.225537
1510 7.74068 0.348258
1511 7.74638 0.466253
1512 7.75209 0.57885
1513 7.7578 0.684163
1514 7.76352 0.780435
1515 7.76925 0.866967
1516 7.77497 0.942024
1517 7.78064 1.00492
1518 7.78628 1.05591
1519 7.79188 1.09579
1520 7.79745 1.12555
1521 7.80298 1.14704
1522 7.80849 1.16162
1523 7.81397 1.17116
1524 7.81944 1.17707
1525 7.82489 1.18073
1526 7.83034 1.18319
1527 7.83578 1.18547
1528 7.84121 1.18821
1529 7.84665 1.19179
1530 7.85209 1.19636
1531 7.85753 1.20159
1532 7.86298 1.20683
1533 7.86842 1.21116
1534 7.87388 1.2128
1535 7.87933 1.21138
1536 7.8848 1.20545
1537 7.89027 1.19428
1538 7.89576 1.17747
1539 7.90126 1.1545
1540 7.90677 1.12505
1541 7.91231 1.08853
1542 7.91786 1.04387
1543 7.92343 0.990328
1544 7.92901 0.927102
1545 7.93461 0.853344
1546 7.94022 0.769261
1547 7.94585 0.674754
1548 7.95149 0.570399
1549 7.95715 0.457506
1550 7.96281 0.337695
1551 7.96849 0.21281
1552 7.97417 0.0845238
1553 7.97987 -0.0452891
1554 7.98557 -0.174974
1555 7.99128 -0.302343
1556 7.997 -0.42582
1557 8.00272 -0.543025
1558 8.00846 -0.652221
1559 8.0142 -0.752924
1560 8.01995 -0.843971
1561 8.0257 -0.923585
1562 8.03145 -0.991247
1563 8.03718 -1.04642
1564 8.04287 -1.08945
1565 8.04853 -1.12138
1566 8.05414 -1.14358
1567 8.05973 -1.15789
1568 8.06529 -1.16586
1569 8.07083 -1.16896
1570 8.07636 -1.16897
1571 8.08188 -1.16712
1572 8.08739 -1.16434
1573 8.0929 -1.16172
1574 8.09841 -1.15993
1575 8.10392 -1.15957
1576 8.10943 -1.16093
1577 8.11494 -1.16399
1578 8.12046 -1.16818
1579 8.12598 -1.17271
1580 8.13151 -1.17576
1581 8.13705 -1.17625
1582 8.14259 -1.17206
1583 8.14815 -1.1626
1584 8.15371 -1.14665
1585 8.15929 -1.12398
1586 8.16487 -1.09411
1587 8.17045 -1.05677
1588 8.17605 -1.01154
1589 8.18165 -0.958077
1590 8.18726 -0.895658
1591 8.19288 -0.823951
1592 8.19851 -0.742674
1593 8.20414 -0.651942
1594 8.20979 -0.552434
1595 8.21543 -0.445083
1596 8.22109 -0.330733
1597 8.22675 -0.211189
1598 8.23242 -0.0873573
1599 8.23809 0.0383209
1600 8.24377 0.163678
1601 8.24945 0.287386
1602 8.25514 0.408101
1603 8.26084 0.52326
1604 8.26655 0.632268
1605 8.27226 0.733059
1606 8.27799 0.824407
1607 8.28371 0.904971
1608 8.28942 0.973572
1609 8.29508 1.02992
1610 8.3007 1.07482
1611 8.30629 1.10911
1612 8.31185 1.13426
1613 8.31737 1.15203
1614 8.32287 1.16393
1615 8.32835 1.17175
1616 8.33382 1.17663
1617 8.33927 1.17991
1618 8.34472 1.18246
1619 8.35016 1.18512
1620 8.3556 1.18851
1621 8.36104 1.19281
1622 8.36648 1.19797
1623 8.37192 1.2035
1624 8.37737 1.2087
1625 8.38282 1.21226
1626 8.38827 1.21293
1627 8.39373 1.20953
1628 8.3992 1.20136
1629 8.40468 1.18786
1630 8.41017 1.16812
1631 8.41568 1.14227
1632 8.4212 1.10974
1633 8.42675 1.06949
1634 8.43231 1.02083
1635 8.43788 0.962936
1636 8.44347 0.894855
1637 8.44908 0.816247
1638 8.4547 0.727127
1639 8.46033 0.628092
1640 8.46598 0.519525
1641 8.47164 0.403122
1642 8.47731 0.280665
1643 8.48298 0.153936
1644 8.48867 0.0245341
1645 8.49437 -0.105744
1646 8.50008 -0.234539
1647 8.50579 -0.360293
1648 8.51151 -0.481148
1649 8.51724 -0.595049
1650 8.52297 -0.700405
1651 8.52872 -0.796408
1652 8.53447 -0.882338
1653 8.54022 -0.956534
1654 8.54597 -1.0182
1655 8.55168 -1.06758
1656 8.55736 -1.10513
1657 8.563 -1.13219
1658 8.5686 -1.15028
1659 8.57418 -1.16131
1660 8.57973 -1.16668
1661 8.58526 -1.16809
1662 8.59078 -1.16692
1663 8.59629 -1.16446
1664 8.6018 -1.16151
1665 8.6073 -1.15902
1666 8.61281 -1.15766
1667 8.61832 -1.15781
1668 8.62383 -1.15968
1669 8.62934 -1.16308
1670 8.63486 -1.16722
1671 8.64038 -1.17116
1672 8.64591 -1.17305
1673 8.65145 -1.17176
1674 8.65699 -1.16551
1675 8.66255 -1.15347
1676 8.66812 -1.13483
1677 8.67369 -1.10923
1678 8.67927 -1.07652
1679 8.68486 -1.03605
1680 8.69046 -0.987649
1681 8.69607 -0.93066
1682 8.70168 -0.864614
1683 8.7073 -0.789175
1684 8.71293 -0.704308
1685 8.71857 -0.610157
1686 8.72421 -0.507769
1687 8.72986 -0.397623
1688 8.73552 -0.281356
1689 8.74118 -0.160333
1690 8.74685 -0.0358131
1691 8.75252 0.089872
1692 8.7582 0.214475
1693 8.76389 0.337253
1694 8.76959 0.455289
1695 8.77529 0.568235
1696 8.781 0.673937
1697 8.78671 0.770555
1698 8.79244 0.857515
1699 8.79816 0.933005
1700 8.80385 0.996476
1701 8.8095 1.04789
1702 8.81511 1.08831
1703 8.82068 1.11864
1704 8.82622 1.14082
1705 8.83173 1.1562
1706 8.83722 1.1665
1707 8.84269 1.1732
1708 8.84815 1.17752
1709 8.8536 1.18059
1710 8.85904 1.18318
1711 8.86448 1.18615
1712 8.86992 1.18992
1713 8.87536 1.1946
1714 8.8808 1.2
1715 8.88625 1.20556
1716 8.89169 1.21038
1717 8.89714 1.21262
1718 8.9026 1.21182
1719 8.90806 1.20655
1720 8.91354 1.19623
1721 8.91902 1.18029
1722 8.92452 1.15811
1723 8.93003 1.1296
1724 8.93556 1.09418
1725 8.94111 1.05076
1726 8.94668 0.998613
1727 8.95226 0.93681
1728 8.95785 0.864602
1729 8.96347 0.781947
1730 8.96909 0.688853
1731 8.97473 0.585741
1732 8.98038 0.473851
1733 8.98604 0.354812
1734 8.99172 0.230406
1735 8.9974 0.102338
1736 9.0031 -0.0274929
1737 9.0088 -0.157499
1738 9.01451 -0.285396
1739 9.02022 -0.409486
1740 9.02595 -0.527921
1741 9.03168 -0.63832
1742 9.03742 -0.740325
1743 9.04317 -0.832265
1744 9.04892 -0.913693
1745 9.05468 -0.982959
1746 9.06041 -1.03978
1747 9.06611 -1.08433
1748 9.07178 -1.11761
1749 9.0774 -1.14095
1750 9.083 -1.15619
1751 9.08856 -1.16485
1752 9.09411 -1.16851
1753 9.09964 -1.16884
1754 9.10516 -1.16718
1755 9.11067 -1.16451
1756 9.11618 -1.16182
1757 9.12168 -1.15986
1758 9.12719 -1.15923
1759 9.1327 -1.1603
1760 9.13822 -1.163
1761 9.14373 -1.16704
1762 9.14925 -1.17157
1763 9.15478 -1.17484
1764 9.16031 -1.17577
1765 9.16586 -1.17228
1766 9.17141 -1.16358
1767 9.17698 -1.14857
1768 9.18255 -1.12681
1769 9.18812 -1.09789
1770 9.19371 -1.06157
1771 9.1993 -1.01743
1772 9.20491 -0.965109
1773 9.21052 -0.903969
1774 9.21614 -0.833632
1775 9.22176 -0.753759
1776 9.22739 -0.664465
1777 9.23303 -0.566285
1778 9.23868 -0.460126
1779 9.24433 -0.346796
1780 9.24999 -0.228037
1781 9.25566 -0.104706
1782 9.26133 0.0207597
1783 9.26701 0.146172
1784 9.27269 0.270201
1785 9.27838 0.391408
1786 9.28408 0.507302
1787 9.28979 0.617075
1788 9.2955 0.719111
1789 9.30122 0.811513
1790 9.30695 0.893648
1791 9.31266 0.963888
1792 9.31833 1.02192
1793 9.32396 1.06829
1794 9.32955 1.10403
1795 9.33511 1.1304
1796 9.34064 1.14926
1797 9.34614 1.16203
1798 9.35162 1.1705
1799 9.35708 1.17588
1800 9.36253 1.17943
1801 9.36798 1.18204
1802 9.37341 1.18467
1803 9.37885 1.18785
1804 9.38429 1.19192
1805 9.38973 1.19693
1806 9.39517 1.20241
1807 9.40061 1.20788
1808 9.40606 1.21168
1809 9.41151 1.21288
1810 9.41696 1.21046
1811 9.42243 1.20334
1812 9.4279 1.19072
1813 9.43339 1.17219
1814 9.43889 1.14759
1815 9.44441 1.11646
1816 9.44995 1.07778
1817 9.4555 1.03075
1818 9.46108 0.974635
1819 9.46666 0.908467
1820 9.47226 0.831812
1821 9.47788 0.744736
1822 9.48351 0.647364
1823 9.48916 0.540415
1824 9.49481 0.425301
1825 9.50048 0.303757
1826 9.50616 0.177788
1827 9.51185 0.0486394
1828 9.51754 -0.0817835
1829 9.52325 -0.210931
1830 9.52896 -0.33739
1831 9.53468 -0.459403
1832 9.54041 -0.5748
1833 9.54615 -0.681686
1834 9.55189 -0.779644
1835 9.55764 -0.867661
1836 9.5634 -0.943986
1837 9.56915 -1.00813
1838 9.57487 -1.05981
1839 9.58055 -1.0995
1840 9.5862 -1.12842
1841 9.59181 -1.14808
1842 9.59739 -1.16032
1843 9.60294 -1.16659
1844 9.60847 -1.16859
1845 9.61399 -1.16781
1846 9.61951 -1.16553
1847 9.62501 -1.16262
1848 9.63052 -1.16003
1849 9.63603 -1.15848
1850 9.64153 -1.15846
1851 9.64704 -1.16017
1852 9.65255 -1.1635
1853 9.65807 -1.16772
1854 9.66359 -1.17205
1855 9.66912 -1.17446
1856 9.67465 -1.17406
1857 9.6802 -1.16882
1858 9.68575 -1.15793
1859 9.69132 -1.14053
1860 9.69689 -1.11628
1861 9.70247 -1.08484
1862 9.70806 -1.04577
1863 9.71365 -0.998807
1864 9.71925 -0.943319
1865 9.72487 -0.878933
1866 9.73049 -0.805168
1867 9.73611 -0.721972
1868 9.74175 -0.629296
1869 9.74739 -0.528048
1870 9.75304 -0.419136
1871 9.7587 -0.303653
1872 9.76436 -0.183294
1873 9.77003 -0.0590157
1874 9.7757 0.0666129
1875 9.78138 0.191563
1876 9.78707 0.314901
1877 9.79276 0.433854
1878 9.79846 0.548031
1879 9.80417 0.655145
1880 9.80989 0.753637
1881 9.81561 0.842696
1882 9.82134 0.920651
1883 9.82703 0.986521
1884 9.83268 1.04033
1885 9.8383 1.08283
1886 9.84388 1.11498
1887 9.84944 1.13832
1888 9.85496 1.15459
1889 9.86045 1.16536
1890 9.86593 1.17228
1891 9.87139 1.17656
1892 9.87684 1.17946
1893 9.88228 1.18191
1894 9.88772 1.18463
1895 9.89316 1.18822
1896 9.8986 1.19272
1897 9.90404 1.19803
1898 9.90949 1.20358
1899 9.91493 1.20852
1900 9.92038 1.21161
1901 9.92583 1.21127
1902 9.93129 1.20725
1903 9.93676 1.19773
1904 9.94224 1.18297
1905 9.94774 1.16211
1906 9.95325 1.13498
1907 9.95877 1.10108
1908 9.96432 1.05934
1909 9.96988 1.00906
1910 9.97545 0.949366
1911 9.98105 0.879396
1912 9.98665 0.798925
1913 9.99228 0.707991
1914 9.99791 0.60691
1915 10.0036 0.496864
1916 10.0092 0.379322
1917 10.0149 0.25607
1918 10.0206 0.12886
1919 10.0263 -0.000645839
1920 10.032 -0.130631
1921 10.0377 -0.258819
1922 10.0434 -0.383554
1923 10.0491 -0.503144
1924 10.0548 -0.614972
1925 10.0606 -0.719376
1926 10.0663 -0.813076
1927 10.0721 -0.89691
1928 10.0778 -0.968817
1929 10.0836 -1.02832
1930 10.0893 -1.07546
1931 10.0949 -1.11115
1932 10.1006 -1.13653
1933 10.1062 -1.1532
1934 10.1117 -1.1632
1935 10.1173 -1.16776
1936 10.1228 -1.16868
1937 10.1283 -1.16728
1938 10.1338 -1.16476
1939 10.1393 -1.16199
1940 10.1448 -1.15975
1941 10.1503 -1.15876
1942 10.1558 -1.15943
1943 10.1614 -1.16176
1944 10.1669 -1.16549
1945 10.1724 -1.17005
1946 10.1779 -1.17382
1947 10.1834 -1.17544
1948 10.189 -1.17304
1949 10.1945 -1.16599
1950 10.2001 -1.15257
1951 10.2057 -1.13266
1952 10.2112 -1.10571
1953 10.2168 -1.07147
1954 10.2224 -1.02947
1955 10.228 -0.979446
1956 10.2336 -0.920747
1957 10.2392 -0.852959
1958 10.2449 -0.775673
1959 10.2505 -0.689076
1960 10.2561 -0.593201
1961 10.2618 -0.489262
1962 10.2674 -0.37775
1963 10.2731 -0.260445
1964 10.2788 -0.138085
1965 10.2844 -0.0131869
1966 10.2901 0.112556
1967 10.2958 0.236896
1968 10.3015 0.359113
1969 10.3072 0.476406
1970 10.3129 0.58817
1971 10.3186 0.692492
1972 10.3243 0.787627
1973 10.33 0.87291
1974 10.3358 0.946606
1975 10.3414 1.0081
1976 10.3471 1.05779
1977 10.3527 1.09653
1978 10.3582 1.12534
1979 10.3638 1.14616
1980 10.3693 1.16033
1981 10.3748 1.16968
1982 10.3802 1.17555
1983 10.3857 1.17934
1984 10.3911 1.18195
1985 10.3966 1.1844
1986 10.402 1.18732
1987 10.4074 1.19111
1988 10.4129 1.19585
1989 10.4183 1.20123
1990 10.4238 1.20662
1991 10.4292 1.21104
1992 10.4347 1.21263
1993 10.4401 1.2113
1994 10.4456 1.20525
1995 10.4511 1.19382
1996 10.4565 1.17688
1997 10.462 1.15371
1998 10.4676 1.12406
1999 10.4731 1.08733
2000 10.4786 1.04242
2001 10.4842 0.988581
2002 10.4898 0.924985
2003 10.4954 0.850847
2004 10.501 0.766331
2005 10.5066 0.671396
2006 10.5123 0.566614
2007 10.5179 0.453332
2008 10.5236 0.333216
2009 10.5293 0.208018
2010 10.535 0.0795075
2011 10.5407 -0.0504388
2012 10.5464 -0.180178
2013 10.5521 -0.307543
2014 10.5578 -0.430915
2015 10.5635 -0.547898
2016 10.5692 -0.656889
2017 10.575 -0.757253
2018 10.5807 -0.847934
2019 10.5865 -0.927116
2020 10.5922 -0.994279
2021 10.598 -1.04895
2022 10.6037 -1.09148
2023 10.6093 -1.12295
2024 10.6149 -1.14474
2025 10.6205 -1.15871
2026 10.6261 -1.16638
2027 10.6316 -1.16927
2028 10.6371 -1.16913
2029 10.6426 -1.16714
2030 10.6482 -1.16432
2031 10.6537 -1.16163
2032 10.6592 -1.15982
2033 10.6647 -1.15947
2034 10.6702 -1.16085
2035 10.6757 -1.16389
2036 10.6812 -1.16806
2037 10.6868 -1.1725
2038 10.6923 -1.17536
2039 10.6978 -1.17564
2040 10.7034 -1.1711
2041 10.7089 -1.16131
2042 10.7145 -1.14503
2043 10.7201 -1.12199
2044 10.7257 -1.09179
2045 10.7312 -1.05407
2046 10.7368 -1.00854
2047 10.7424 -0.954688
2048 10.7481 -0.891955
2049 10.7537 -0.819887
2050 10.7593 -0.738286
2051 10.7649 -0.647247
2052 10.7706 -0.547477
2053 10.7762 -0.439891
2054 10.7819 -0.325378
2055 10.7875 -0.205678
2056 10.7932 -0.0817872
2057 10.7989 0.0439092
2058 10.8046 0.169216
2059 10.8102 0.292818
2060 10.8159 0.413397
2061 10.8216 0.528329
2062 10.8273 0.637037
2063 10.8331 0.737459
2064 10.8388 0.828332
2065 10.8445 0.908378
2066 10.8502 0.976404
2067 10.8559 1.03219
2068 10.8615 1.07656
2069 10.8671 1.11043
2070 10.8726 1.13526
2071 10.8782 1.15284
2072 10.8837 1.16461
2073 10.8891 1.17243
2074 10.8946 1.17732
2075 10.9001 1.18064
2076 10.9055 1.18329
2077 10.9109 1.18603
2078 10.9164 1.18947
2079 10.9218 1.19382
2080 10.9273 1.19902
2081 10.9327 1.20451
2082 10.9382 1.20963
2083 10.9436 1.21308
2084 10.9491 1.2136
2085 10.9545 1.20994
2086 10.96 1.20149
2087 10.9655 1.18777
2088 10.971 1.16776
2089 10.9765 1.14161
2090 10.982 1.10883
2091 10.9875 1.0683
2092 10.9931 1.01933
2093 10.9987 0.961117
2094 11.0043 0.892694
2095 11.0099 0.813769
2096 11.0155 0.724321
2097 11.0211 0.624967
2098 11.0268 0.516134
2099 11.0324 0.399478
2100 11.0381 0.276861
2101 11.0438 0.150005
2102 11.0495 0.020544
2103 11.0552 -0.109767
2104 11.0609 -0.238522
2105 11.0666 -0.364219
2106 11.0723 -0.484955
2107 11.078 -0.598602
2108 11.0838 -0.703753
2109 11.0895 -0.799566
2110 11.0953 -0.885269
2111 11.101 -0.959233
2112 11.1068 -1.02062
2113 11.1125 -1.06973
2114 11.1181 -1.10704
2115 11.1238 -1.13391
2116 11.1294 -1.1518
2117 11.135 -1.16268
2118 11.1405 -1.1679
2119 11.146 -1.16921
2120 11.1515 -1.16798
2121 11.1571 -1.16548
2122 11.1626 -1.16252
2123 11.1681 -1.16006
2124 11.1736 -1.15874
2125 11.1791 -1.15899
2126 11.1846 -1.16093
2127 11.1901 -1.16439
2128 11.1956 -1.16878
2129 11.2011 -1.17248
2130 11.2066 -1.17432
2131 11.2122 -1.17277
2132 11.2177 -1.16633
2133 11.2233 -1.15401
2134 11.2289 -1.1352
2135 11.2344 -1.10941
2136 11.24 -1.07634
2137 11.2456 -1.03557
2138 11.2512 -0.98682
2139 11.2568 -0.929462
2140 11.2624 -0.86302
2141 11.268 -0.787155
2142 11.2737 -0.701862
2143 11.2793 -0.607297
2144 11.2849 -0.504533
2145 11.2906 -0.394044
2146 11.2963 -0.277503
2147 11.3019 -0.156286
2148 11.3076 -0.0316233
2149 11.3133 0.0941093
2150 11.3189 0.21869
2151 11.3246 0.341376
2152 11.3303 0.459388
2153 11.336 0.572073
2154 11.3417 0.677612
2155 11.3474 0.774074
2156 11.3532 0.860875
2157 11.3589 0.936255
2158 11.3646 0.999615
2159 11.3702 1.05094
2160 11.3758 1.09121
2161 11.3814 1.12132
2162 11.3869 1.14321
2163 11.3925 1.15818
2164 11.3979 1.16803
2165 11.4034 1.1743
2166 11.4089 1.1782
2167 11.4143 1.18094
2168 11.4198 1.18331
2169 11.4252 1.18614
2170 11.4306 1.18985
2171 11.4361 1.19453
2172 11.4415 1.19991
2173 11.447 1.20544
2174 11.4524 1.21017
2175 11.4579 1.21226
2176 11.4633 1.21125
2177 11.4688 1.20578
2178 11.4743 1.19523
2179 11.4797 1.17905
2180 11.4852 1.15665
2181 11.4907 1.12789
2182 11.4963 1.09222
2183 11.5018 1.04849
2184 11.5074 0.996044
2185 11.513 0.93389
2186 11.5186 0.861292
2187 11.5242 0.778291
2188 11.5298 0.684807
2189 11.5354 0.581359
2190 11.5411 0.469203
2191 11.5468 0.34991
2192 11.5524 0.22535
2193 11.5581 0.0971951
2194 11.5638 -0.0326688
2195 11.5695 -0.162602
2196 11.5752 -0.290354
2197 11.5809 -0.414258
2198 11.5867 -0.532408
2199 11.5924 -0.642474
2200 11.5981 -0.744068
2201 11.6039 -0.83555
2202 11.6096 -0.916457
2203 11.6154 -0.985203
2204 11.6211 -1.04148
2205 11.6268 -1.0855
2206 11.6325 -1.11832
2207 11.6381 -1.14127
2208 11.6437 -1.15622
2209 11.6493 -1.16463
2210 11.6548 -1.16814
2211 11.6603 -1.16836
2212 11.6659 -1.16667
2213 11.6714 -1.16396
2214 11.6769 -1.16132
2215 11.6824 -1.1594
2216 11.6879 -1.15884
2217 11.6934 -1.16
2218 11.6989 -1.1628
2219 11.7044 -1.16691
2220 11.71 -1.1715
2221 11.7155 -1.17475
2222 11.721 -1.17565
2223 11.7266 -1.172
2224 11.7321 -1.16319
2225 11.7377 -1.14795
2226 11.7433 -1.12593
2227 11.7488 -1.09676
2228 11.7544 -1.06016
2229 11.76 -1.0157
2230 11.7656 -0.963007
2231 11.7712 -0.901493
2232 11.7768 -0.830753
2233 11.7825 -0.750474
2234 11.7881 -0.660763
2235 11.7937 -0.562207
2236 11.7994 -0.455742
2237 11.805 -0.34211
2238 11.8107 -0.223131
2239 11.8164 -0.0996831
2240 11.822 0.025822
2241 11.8277 0.151191
2242 11.8334 0.275105
2243 11.8391 0.396093
2244 11.8448 0.511689
2245 11.8505 0.621133
2246 11.8562 0.72268
2247 11.8619 0.814625
2248 11.8677 0.896203
2249 11.8734 0.96583
2250 11.879 1.02326
2251 11.8847 1.06908
2252 11.8903 1.10435
2253 11.8958 1.13032
2254 11.9013 1.14888
2255 11.9068 1.16142
2256 11.9123 1.16976
2257 11.9178 1.17505
2258 11.9232 1.17858
2259 11.9287 1.18122
2260 11.9341 1.18388
2261 11.9396 1.18712
2262 11.945 1.19123
2263 11.9504 1.19627
2264 11.9559 1.20176
2265 11.9613 1.20709
2266 11.9668 1.21092
2267 11.9722 1.21203
2268 11.9777 1.20954
2269 11.9831 1.20209
2270 11.9886 1.18956
2271 11.9941 1.1709
2272 11.9996 1.1462
2273 12.0051 1.11503
2274 12.0107 1.07628
2275 12.0162 1.02918
2276 12.0218 0.972958
2277 12.0274 0.906695
2278 12.033 0.82988
2279 12.0386 0.742682
2280 12.0442 0.645189
2281 12.0499 0.538093
2282 12.0555 0.422899
2283 12.0612 0.301262
2284 12.0669 0.175253
2285 12.0726 0.0460886
2286 12.0783 -0.0843138
2287 12.084 -0.213388
2288 12.0897 -0.339744
2289 12.0954 -0.461602
2290 12.1011 -0.576703
2291 12.1069 -0.683485
2292 12.1126 -0.781172
2293 12.1184 -0.868956
2294 12.1241 -0.945018
2295 12.1299 -1.0089
2296 12.1356 -1.06034
2297 12.1413 -1.09984
2298 12.1469 -1.12857
2299 12.1525 -1.14807
2300 12.1581 -1.16019
2301 12.1636 -1.16636
2302 12.1692 -1.16827
2303 12.1747 -1.16743
2304 12.1802 -1.16511
2305 12.1857 -1.16218
2306 12.1912 -1.15957
2307 12.1967 -1.15803
2308 12.2022 -1.158
2309 12.2077 -1.15971
2310 12.2133 -1.16304
2311 12.2188 -1.16724
2312 12.2243 -1.17153
2313 12.2298 -1.17398
2314 12.2354 -1.17348
2315 12.2409 -1.1682
2316 12.2465 -1.1573
2317 12.252 -1.13979
2318 12.2576 -1.11549
2319 12.2632 -1.08398
2320 12.2688 -1.04484
2321 12.2744 -0.997793
2322 12.28 -0.942215
2323 12.2856 -0.877728
2324 12.2912 -0.80387
2325 12.2968 -0.720589
2326 12.3025 -0.627831
2327 12.3081 -0.526538
2328 12.3137 -0.41759
2329 12.3194 -0.302104
2330 12.3251 -0.181771
2331 12.3307 -0.0575455
2332 12.3364 0.0680142
2333 12.3421 0.192871
2334 12.3478 0.316105
2335 12.3535 0.434919
2336 12.3592 0.548963
2337 12.3649 0.655906
2338 12.3706 0.754268
2339 12.3763 0.843215
2340 12.382 0.921055
2341 12.3877 0.986823
2342 12.3934 1.04055
2343 12.399 1.08305
2344 12.4046 1.11503
2345 12.4101 1.13834
2346 12.4156 1.15455
2347 12.4211 1.16532
2348 12.4266 1.17222
2349 12.4321 1.17652
2350 12.4375 1.17943
2351 12.443 1.18189
2352 12.4484 1.18464
2353 12.4538 1.18828
2354 12.4593 1.19277
2355 12.4647 1.19809
2356 12.4702 1.20363
2357 12.4756 1.20855
2358 12.481 1.21161
2359 12.4865 1.21122
2360 12.492 1.20723
2361 12.4974 1.19763
2362 12.5029 1.1829
2363 12.5084 1.16202
2364 12.5139 1.13484
2365 12.5194 1.10092
2366 12.525 1.05911
2367 12.5305 1.00874
2368 12.5361 0.948955
2369 12.5417 0.878771
2370 12.5473 0.798246
2371 12.5529 0.70721
2372 12.5586 0.606022
2373 12.5642 0.495864
2374 12.5699 0.378252
2375 12.5756 0.254948
2376 12.5812 0.127689
2377 12.5869 -0.0018341
2378 12.5926 -0.131815
2379 12.5983 -0.259982
2380 12.6041 -0.384689
2381 12.6098 -0.504214
2382 12.6155 -0.615962
2383 12.6212 -0.719896
2384 12.627 -0.813889
2385 12.6327 -0.897644
2386 12.6385 -0.969444
2387 12.6442 -1.02882
2388 12.6499 -1.07585
2389 12.6556 -1.11142
2390 12.6612 -1.13671
2391 12.6668 -1.15331
2392 12.6724 -1.16326
2393 12.6779 -1.16775
2394 12.6835 -1.16862
2395 12.689 -1.16717
2396 12.6945 -1.1646
2397 12.7 -1.16179
2398 12.7055 -1.15952
2399 12.711 -1.15848
2400 12.7165 -1.15913
2401 12.722 -1.16141
2402 12.7275 -1.16509
2403 12.7331 -1.16955
2404 12.7386 -1.17325
2405 12.7441 -1.17482
2406 12.7496 -1.17232
2407 12.7552 -1.16514
2408 12.7608 -1.15168
2409 12.7663 -1.13174
2410 12.7719 -1.10472
2411 12.7775 -1.07043
2412 12.7831 -1.02841
2413 12.7887 -0.978374
2414 12.7943 -0.919607
2415 12.7999 -0.851825
2416 12.8055 -0.774513
2417 12.8112 -0.68777
2418 12.8168 -0.591887
2419 12.8224 -0.487921
2420 12.8281 -0.376395
2421 12.8338 -0.259103
2422 12.8394 -0.136743
2423 12.8451 -0.0118761
2424 12.8508 0.113762
2425 12.8564 0.238118
2426 12.8621 0.360279
2427 12.8678 0.47752
2428 12.8735 0.58918
2429 12.8793 0.693383
2430 12.885 0.788358
2431 12.8907 0.873495
2432 12.8964 0.946989
2433 12.9021 1.00827
2434 12.9077 1.05777
2435 12.9133 1.09635
2436 12.9189 1.12505
2437 12.9244 1.14583
2438 12.9299 1.16004
2439 12.9354 1.16946
2440 12.9409 1.17544
2441 12.9463 1.17931
2442 12.9518 1.18207
2443 12.9572 1.18463
2444 12.9627 1.18763
2445 12.9681 1.19152
2446 12.9735 1.19633
2447 12.979 1.20176
2448 12.9844 1.2072
2449 12.9899 1.21162
2450 12.9953 1.2134
2451 13.0008 1.21181
2452 13.0062 1.20583
2453 13.0117 1.19433
2454 13.0172 1.17728
2455 13.0227 1.15403
2456 13.0282 1.12421
2457 13.0338 1.08735
2458 13.0393 1.04224
2459 13.0449 0.988166
2460 13.0505 0.924378
2461 13.0561 0.85002
2462 13.0617 0.765257
2463 13.0673 0.670109
2464 13.0729 0.565131
2465 13.0786 0.451664
2466 13.0843 0.331386
2467 13.0899 0.206063
2468 13.0956 0.0774689
2469 13.1013 -0.0525429
2470 13.107 -0.182318
2471 13.1127 -0.309687
2472 13.1185 -0.432992
2473 13.1242 -0.549514
2474 13.1299 -0.659065
2475 13.1357 -0.758995
2476 13.1414 -0.84964
2477 13.1472 -0.928665
2478 13.1529 -0.9957
2479 13.1586 -1.05021
2480 13.1643 -1.0926
2481 13.17 -1.12393
2482 13.1756 -1.14566
2483 13.1812 -1.15955
2484 13.1867 -1.1672
2485 13.1923 -1.17008
2486 13.1978 -1.16993
2487 13.2033 -1.16796
2488 13.2088 -1.16516
2489 13.2143 -1.1625
2490 13.2198 -1.16075
2491 13.2253 -1.16047
2492 13.2308 -1.16188
2493 13.2364 -1.16498
2494 13.2419 -1.16914
2495 13.2474 -1.17358
2496 13.2529 -1.17641
2497 13.2585 -1.17657
2498 13.264 -1.1719
2499 13.2696 -1.16203
2500 13.2751 -1.14558
2501 13.2807 -1.12241
2502 13.2863 -1.09206
2503 13.2919 -1.05423
2504 13.2975 -1.00851
2505 13.3031 -0.954512
2506 13.3087 -0.89157
2507 13.3143 -0.819264
2508 13.3199 -0.737405
2509 13.3256 -0.646099
2510 13.3312 -0.546066
2511 13.3369 -0.438193
2512 13.3425 -0.32345
2513 13.3482 -0.203531
2514 13.3538 -0.0794634
2515 13.3595 0.0463595
2516 13.3652 0.171776
2517 13.3709 0.295669
2518 13.3766 0.41566
2519 13.3823 0.531086
2520 13.388 0.639566
2521 13.3937 0.739836
2522 13.3994 0.830663
2523 13.4051 0.910516
2524 13.4108 0.978372
2525 13.4165 1.03404
2526 13.4221 1.07827
2527 13.4277 1.11199
2528 13.4333 1.13667
2529 13.4388 1.15405
2530 13.4443 1.1657
2531 13.4498 1.17331
2532 13.4552 1.17802
2533 13.4607 1.18119
2534 13.4661 1.18373
2535 13.4716 1.18639
2536 13.477 1.18979
2537 13.4824 1.19412
2538 13.4879 1.19929
2539 13.4933 1.20474
2540 13.4988 1.20979
2541 13.5042 1.21322
2542 13.5097 1.21341
2543 13.5151 1.20976
2544 13.5206 1.20116
2545 13.5261 1.18724
2546 13.5316 1.16707
2547 13.5371 1.14081
2548 13.5426 1.10784
2549 13.5481 1.06712
2550 13.5537 1.01795
2551 13.5593 0.959459
2552 13.5649 0.890804
2553 13.5705 0.811586
2554 13.5761 0.721877
2555 13.5817 0.622264
2556 13.5874 0.513199
2557 13.593 0.396344
2558 13.5987 0.273563
2559 13.6044 0.146608
2560 13.6101 0.0170528
2561 13.6158 -0.113255
2562 13.6215 -0.241974
2563 13.6272 -0.367562
2564 13.6329 -0.488139
2565 13.6386 -0.601587
2566 13.6444 -0.706481
2567 13.6501 -0.801993
2568 13.6559 -0.88737
2569 13.6616 -0.960961
2570 13.6674 -1.02197
2571 13.6731 -1.0707
2572 13.6787 -1.10766
2573 13.6844 -1.13423
2574 13.69 -1.1519
2575 13.6955 -1.16262
2576 13.7011 -1.16775
2577 13.7066 -1.16899
2578 13.7121 -1.16775
2579 13.7176 -1.16527
2580 13.7231 -1.16238
2581 13.7286 -1.15999
2582 13.7342 -1.15876
2583 13.7397 -1.15913
2584 13.7452 -1.16117
2585 13.7507 -1.1647
2586 13.7562 -1.16916
2587 13.7617 -1.17292
2588 13.7672 -1.1747
2589 13.7728 -1.17307
2590 13.7783 -1.16649
2591 13.7839 -1.15399
2592 13.7894 -1.13498
2593 13.795 -1.10903
2594 13.8006 -1.0758
2595 13.8062 -1.03485
2596 13.8118 -0.985927
2597 13.8174 -0.928402
2598 13.823 -0.86178
2599 13.8286 -0.785732
2600 13.8342 -0.700217
2601 13.8399 -0.605446
2602 13.8455 -0.502479
2603 13.8512 -0.391776
2604 13.8568 -0.275048
2605 13.8625 -0.153664
2606 13.8682 -0.0288553
2607 13.8738 0.0970471
2608 13.8795 0.221414
2609 13.8852 0.34417
2610 13.8909 0.46222
2611 13.8966 0.574907
2612 13.9023 0.680407
2613 13.908 0.776739
2614 13.9137 0.863344
2615 13.9195 0.93847
2616 13.9252 1.00141
2617 13.9308 1.05243
2618 13.9364 1.09236
2619 13.942 1.12219
2620 13.9475 1.14388
2621 13.953 1.15875
2622 13.9585 1.16858
2623 13.964 1.1749
2624 13.9694 1.17886
2625 13.9749 1.18168
2626 13.9803 1.18414
2627 13.9857 1.18703
2628 13.9912 1.19081
2629 13.9966 1.1955
2630 14.0021 1.20088
2631 14.0075 1.2064
2632 14.013 1.2111
2633 14.0184 1.2131
2634 14.0239 1.21201
2635 14.0293 1.20646
2636 14.0348 1.19575
2637 14.0403 1.17946
2638 14.0458 1.15686
2639 14.0513 1.12793
2640 14.0568 1.09205
2641 14.0624 1.04807
2642 14.0679 0.995331
2643 14.0735 0.932847
2644 14.0791 0.859901
2645 14.0847 0.776533
2646 14.0904 0.682703
2647 14.096 0.578934
2648 14.1017 0.466494
2649 14.1073 0.346979
2650 14.113 0.22224
2651 14.1187 0.0939766
2652 14.1244 -0.0359657
2653 14.1301 -0.165937
2654 14.1358 -0.293641
2655 14.1415 -0.417475
2656 14.1472 -0.535531
2657 14.153 -0.645449
2658 14.1587 -0.746892
2659 14.1644 -0.838712
2660 14.1702 -0.919147
2661 14.176 -0.987638
2662 14.1817 -1.04363
2663 14.1874 -1.0874
2664 14.193 -1.11999
2665 14.1987 -1.14272
2666 14.2043 -1.15747
2667 14.2098 -1.16571
2668 14.2154 -1.16907
2669 14.2209 -1.16919
2670 14.2264 -1.16745
2671 14.2319 -1.16472
2672 14.2374 -1.16208
2673 14.243 -1.16023
2674 14.2485 -1.15976
2675 14.254 -1.161
2676 14.2595 -1.16388
2677 14.265 -1.16804
2678 14.2705 -1.17261
2679 14.2761 -1.17579
2680 14.2816 -1.17657
2681 14.2871 -1.17271
2682 14.2927 -1.16367
2683 14.2983 -1.14815
2684 14.3038 -1.12587
2685 14.3094 -1.09639
2686 14.315 -1.05946
2687 14.3206 -1.01468
2688 14.3262 -0.96164
2689 14.3318 -0.899726
2690 14.3374 -0.828566
2691 14.3431 -0.747845
2692 14.3487 -0.65766
2693 14.3543 -0.558668
2694 14.36 -0.451773
2695 14.3656 -0.337776
2696 14.3713 -0.218512
2697 14.377 -0.0948045
2698 14.3826 0.0308472
2699 14.3883 0.156303
2700 14.394 0.280176
2701 14.3997 0.401091
2702 14.4054 0.51653
2703 14.4111 0.625782
2704 14.4168 0.727096
2705 14.4225 0.818792
2706 14.4283 0.900123
2707 14.434 0.969492
2708 14.4396 1.02667
2709 14.4453 1.07224
2710 14.4509 1.10724
2711 14.4564 1.13289
2712 14.4619 1.15114
2713 14.4674 1.1633
2714 14.4729 1.17128
2715 14.4784 1.17623
2716 14.4838 1.17951
2717 14.4893 1.18195
2718 14.4947 1.18454
2719 14.5001 1.18776
2720 14.5056 1.19191
2721 14.511 1.19699
2722 14.5165 1.20251
2723 14.5219 1.20781
2724 14.5273 1.21161
2725 14.5328 1.21254
2726 14.5383 1.20984
2727 14.5437 1.20217
2728 14.5492 1.18941
2729 14.5547 1.17047
2730 14.5602 1.1455
2731 14.5657 1.11399
2732 14.5712 1.07487
2733 14.5768 1.02737
2734 14.5824 0.970684
2735 14.588 0.903923
2736 14.5936 0.826595
2737 14.5992 0.738891
2738 14.6048 0.640928
2739 14.6105 0.5334
2740 14.6161 0.417876
2741 14.6218 0.295969
2742 14.6275 0.169812
2743 14.6331 0.0405529
2744 14.6388 -0.0898395
2745 14.6445 -0.218837
2746 14.6503 -0.345042
2747 14.656 -0.46669
2748 14.6617 -0.581507
2749 14.6674 -0.687942
2750 14.6732 -0.785233
2751 14.6789 -0.872566
2752 14.6847 -0.948153
2753 14.6904 -1.0115
2754 14.6962 -1.06245
2755 14.7018 -1.10142
2756 14.7075 -1.12969
2757 14.7131 -1.14879
2758 14.7187 -1.16055
2759 14.7242 -1.16643
2760 14.7297 -1.16811
2761 14.7353 -1.16707
2762 14.7408 -1.16459
2763 14.7463 -1.16157
2764 14.7518 -1.15887
2765 14.7573 -1.15729
2766 14.7628 -1.1572
2767 14.7683 -1.1589
2768 14.7738 -1.1622
2769 14.7793 -1.16638
2770 14.7849 -1.1706
2771 14.7904 -1.17305
2772 14.7959 -1.17246
2773 14.8015 -1.1671
2774 14.807 -1.15613
2775 14.8126 -1.13851
2776 14.8182 -1.1141
2777 14.8237 -1.08255
2778 14.8293 -1.04331
2779 14.8349 -0.996218
2780 14.8405 -0.940596
2781 14.8461 -0.876094
2782 14.8518 -0.802241
2783 14.8574 -0.718983
2784 14.863 -0.626262
2785 14.8687 -0.525036
2786 14.8743 -0.416152
2787 14.88 -0.300743
2788 14.8856 -0.180492
2789 14.8913 -0.0563448
2790 14.897 0.069139
2791 14.9027 0.19392
2792 14.9083 0.317089
2793 14.914 0.435851
2794 14.9197 0.549814
2795 14.9255 0.656646
2796 14.9312 0.754941
2797 14.9369 0.843743
2798 14.9426 0.921391
2799 14.9483 0.986944
2800 14.954 1.04047
2801 14.9596 1.0828
2802 14.9652 1.11472
2803 14.9707 1.13802
2804 14.9762 1.15432
2805 14.9817 1.16525
2806 14.9872 1.17236
2807 14.9926 1.17686
2808 14.9981 1.17995
2809 15.0035 1.18254
