0 0 0
1 0.00113636 0.000158575
2 0.00378053 -0.000256335
3 0.00703572 -8.32337e-05
4 0.0108848 -9.57843e-05
5 0.0152676 -6.16467e-05
6 0.0201326 -5.28223e-05
7 0.0254352 -1.36857e-05
8 0.0311329 7.51041e-06
9 0.0371945 2.88367e-05
10 0.0435901 4.82626e-05
11 0.050292 5.73886e-05
12 0.0572783 6.59706e-05
13 0.0645291 6.29791e-05
14 0.0720261 5.93717e-05
15 0.0797524 5.18488e-05
16 0.0876885 4.87145e-05
17 0.0958158 4.84054e-05
18 0.104117 5.04251e-05
19 0.112578 3.0343e-05
20 0.121185 4.821e-05
21 0.129925 5.11564e-05
22 0.138788 2.32156e-05
23 0.147763 4.99713e-05
24 0.156843 4.65519e-05
25 0.166018 3.74248e-05
26 0.175282 6.10441e-05
27 0.184629 6.25373e-05
28 0.194055 6.6714e-05
29 0.203555 4.90837e-05
30 0.213124 6.72759e-05
31 0.222759 7.64427e-05
32 0.232455 6.32845e-05
33 0.24221 7.56193e-05
34 0.252019 9.5482e-05
35 0.261879 8.56993e-05
36 0.271788 8.73222e-05
37 0.281744 8.64054e-05
38 0.291746 9.80833e-05
39 0.301791 0.000104632
40 0.311881 0.000119744
41 0.322015 0.000116883
42 0.33219 0.000126079
43 0.342402 0.000119036
44 0.352647 0.000125588
45 0.362919 0.000134523
46 0.373215 0.00014472
47 0.383532 0.000148282
48 0.393868 0.00015392
49 0.404221 0.000161044
50 0.414589 0.000165751
51 0.424971 0.000168915
52 0.435366 0.000177128
53 0.445772 0.00018258
54 0.456191 0.000184917
55 0.466621 0.000201822
56 0.477064 0.000164556
57 0.487519 0.000186044
58 0.497985 0.000196171
59 0.508465 0.000206695
60 0.518958 0.000205253
61 0.529467 0.000220406
62 0.539989 0.000223542
63 0.55052 0.000235309
64 0.561059 0.000208473
65 0.571603 0.000175471
66 0.58215 0.000205785
67 0.5927 0.000241741
68 0.60325 0.000256558
69 0.613801 0.000272764
70 0.624344 0.00027726
71 0.634879 0.000280412
72 0.645407 0.000286215
73 0.655931 0.000289042
74 0.666453 0.000294386
75 0.676975 0.000292517
76 0.687496 0.000293901
77 0.698011 0.000290412
78 0.708527 0.00028594
79 0.719042 0.000292029
80 0.729558 0.00029072
81 0.740074 0.000280313
82 0.75059 0.000275339
83 0.761108 0.000267088
84 0.771628 0.000262343
85 0.782152 0.000255073
86 0.792678 0.000237407
87 0.803208 0.000220012
88 0.813743 0.00020397
89 0.824282 0.000192654
90 0.834826 0.000178125
91 0.845375 0.000159411
92 0.855926 0.000138358
93 0.866479 0.000128392
94 0.877033 8.78355e-05
95 0.887581 5.28072e-05
96 0.898118 2.49203e-05
97 0.908645 1.76234e-06
98 0.919164 -3.28787e-05
99 0.929673 -6.69712e-05
100 0.94017 -8.39808e-05
101 0.950653 -0.000139578
102 0.961126 -0.000197236
103 0.971586 -0.000221449
104 0.982038 -0.00024449
105 0.992485 -0.000272269
106 1.00293 -0.000315024
107 1.01338 -0.000351114
108 1.02382 -0.000383296
109 1.03426 -0.000417121
110 1.04471 -0.000441658
111 1.05515 -0.000473934
112 1.0656 -0.000516315
113 1.07604 -0.000546776
114 1.08648 -0.000583455
115 1.09692 -0.000623778
116 1.10735 -0.00064905
117 1.11778 -0.000665392
118 1.12822 -0.000675657
119 1.13866 -0.00068859
120 1.1491 -0.000698774
121 1.15954 -0.000854648
122 1.16998 -0.000920477
123 1.18043 -0.000992319
124 1.19088 -0.00108538
125 1.20133 -0.00112587
126 1.21179 -0.00121961
127 1.22225 -0.00132044
128 1.23272 -0.00138819
129 1.24319 -0.00152261
130 1.25367 -0.00163616
131 1.26415 -0.00175437
132 1.27464 -0.00197418
133 1.28514 -0.00202889
134 1.29563 -0.00211625
135 1.30612 -0.00221762
136 1.3166 -0.00268526
137 1.32707 -0.00263777
138 1.33752 -0.00277219
139 1.34796 -0.00260452
140 1.3584 -0.00270255
141 1.36882 -0.00277161
142 1.37925 -0.00288053
143 1.38968 -0.00298554
144 1.4001 -0.00306523
145 1.41053 -0.0031265
146 1.42096 -0.00329029
147 1.43139 -0.00336708
148 1.44181 -0.00346797
149 1.45224 -0.00354115
150 1.46267 -0.00362476
151 1.4731 -0.00369938
152 1.48354 -0.00433669
153 1.49397 -0.0045158
154 1.50441 -0.00411259
155 1.51486 -0.00431433
156 1.5253 -0.00453245
157 1.53575 -0.00475227
158 1.54621 -0.00501186
159 1.55666 -0.00525475
160 1.56713 -0.00544927
161 1.5776 -0.0057207
162 1.58808 -0.00595744
163 1.59856 -0.00643917
164 1.60906 -0.00638367
165 1.61956 -0.00656376
166 1.63006 -0.00672833
167 1.64057 -0.00692934
168 1.65108 -0.00712451
169 1.66159 -0.00730252
170 1.67211 -0.00832213
171 1.68262 -0.00861493
172 1.69313 -0.00886655
173 1.70363 -0.00903865
174 1.71412 -0.00919066
175 1.7246 -0.00926383
176 1.73507 -0.00931253
177 1.74553 -0.00929037
178 1.75598 -0.00940144
179 1.76641 -0.0090028
180 1.77682 -0.00893876
181 1.78723 -0.00885071
182 1.79762 -0.00873366
183 1.808 -0.00842942
184 1.81837 -0.0081377
185 1.82874 -0.00784582
186 1.8391 -0.00745085
187 1.84946 -0.0073462
188 1.85981 -0.00670315
189 1.87017 -0.00594251
190 1.88052 -0.00518329
191 1.89086 -0.00455287
192 1.90121 -0.00378834
193 1.91156 -0.00295768
194 1.9219 -0.00197387
195 1.93225 -0.000889537
196 1.9426 0.000132435
197 1.95294 0.00141164
198 1.96329 0.00265164
199 1.97364 0.00391721
200 1.98399 0.0051385
201 1.99433 0.00640401
202 2.00467 0.00767409
203 2.015 0.00904695
204 2.02531 0.0102273
205 2.03563 0.0115017
206 2.04593 0.0127899
207 2.05622 0.0141277
208 2.06651 0.015363
209 2.07679 0.0167613
210 2.08707 0.0181612
211 2.09734 0.0195521
212 2.10761 0.0208769
213 2.11788 0.0222723
214 2.12814 0.0238068
215 2.1384 0.0253957
216 2.14866 0.0270683
217 2.15892 0.028738
218 2.16918 0.0303548
219 2.17944 0.0319297
220 2.1897 0.0331862
221 2.19996 0.0345571
222 2.21022 0.0359668
223 2.22049 0.0372346
224 2.23075 0.0383436
225 2.24102 0.0394017
226 2.25128 0.0404296
227 2.26155 0.0414245
228 2.27183 0.0422468
229 2.2821 0.0430559
230 2.29238 0.0437862
231 2.30266 0.0444679
232 2.31295 0.0449982
233 2.32324 0.045465
234 2.33354 0.0458913
235 2.34384 0.0461499
236 2.35415 0.046301
237 2.36446 0.0464022
238 2.37478 0.0465931
239 2.3851 0.0466299
240 2.39542 0.0466062
241 2.40575 0.0464853
242 2.41608 0.0462546
243 2.42642 0.0457855
244 2.43676 0.0454271
245 2.4471 0.0450141
246 2.45745 0.0445023
247 2.46781 0.0436172
248 2.47817 0.0427002
249 2.48854 0.0415474
250 2.49891 0.0401955
251 2.50929 0.0385987
252 2.51968 0.0367484
253 2.53007 0.0346942
254 2.54047 0.032534
255 2.55086 0.0304088
256 2.56123 0.0276404
257 2.57158 0.0244611
258 2.5819 0.0212751
259 2.59221 0.0178632
260 2.60249 0.0140923
261 2.61275 0.0100995
262 2.623 0.00592196
263 2.63323 0.00167966
264 2.64344 -0.00262266
265 2.65363 -0.0071319
266 2.66381 -0.0117485
267 2.67397 -0.0162734
268 2.68411 -0.0208347
269 2.69424 -0.0254099
270 2.70436 -0.0299714
271 2.71446 -0.0344987
272 2.72454 -0.0390153
273 2.73462 -0.0434411
274 2.74468 -0.0478485
275 2.75474 -0.0520233
276 2.76478 -0.0563645
277 2.77482 -0.0605108
278 2.78485 -0.0646023
279 2.79487 -0.0685103
280 2.80489 -0.0723192
281 2.8149 -0.0762691
282 2.8249 -0.0802726
283 2.83491 -0.0841482
284 2.84491 -0.088178
285 2.85491 -0.0922519
286 2.86491 -0.0962122
287 2.8749 -0.100092
288 2.88487 -0.103867
289 2.89484 -0.107909
290 2.90479 -0.111958
291 2.91473 -0.115769
292 2.92466 -0.119553
293 2.93458 -0.123381
294 2.94449 -0.127212
295 2.95439 -0.130904
296 2.96429 -0.13465
297 2.97419 -0.138315
298 2.98409 -0.142131
299 2.99397 -0.145656
300 3.00386 -0.148888
301 3.01375 -0.152434
302 3.02363 -0.155984
303 3.03351 -0.159309
304 3.04339 -0.162602
305 3.05327 -0.165809
306 3.06315 -0.168883
307 3.07303 -0.171756
308 3.08292 -0.174447
309 3.0928 -0.177132
310 3.10269 -0.17942
311 3.11257 -0.18146
312 3.12246 -0.183359
313 3.13235 -0.184788
314 3.14224 -0.186299
315 3.15214 -0.187061
316 3.16203 -0.187622
317 3.17191 -0.187705
318 3.1818 -0.187153
319 3.19168 -0.185978
320 3.20157 -0.184111
321 3.21146 -0.181535
322 3.22134 -0.178241
323 3.23123 -0.174153
324 3.24112 -0.169023
325 3.25101 -0.163
326 3.26089 -0.155626
327 3.27079 -0.147615
328 3.28068 -0.138755
329 3.29057 -0.128293
330 3.30047 -0.116845
331 3.31037 -0.104295
332 3.32027 -0.0905914
333 3.33018 -0.0760787
334 3.34009 -0.0606283
335 3.35 -0.044228
336 3.35991 -0.0267245
337 3.36983 -0.00856835
338 3.37974 0.0104401
339 3.38964 0.029408
340 3.39954 0.0492953
341 3.40942 0.0697873
342 3.41929 0.0901237
343 3.42915 0.114493
344 3.43901 0.136675
345 3.44887 0.158133
346 3.45872 0.17851
347 3.46855 0.198256
348 3.47838 0.216406
349 3.48819 0.2333
350 3.49799 0.248498
351 3.50779 0.26197
352 3.51757 0.273911
353 3.52735 0.28385
354 3.53713 0.292905
355 3.5469 0.30074
356 3.55667 0.307837
357 3.56644 0.314357
358 3.57618 0.320556
359 3.58592 0.326798
360 3.59564 0.333096
361 3.60535 0.339152
362 3.61505 0.345181
363 3.62475 0.351603
364 3.63445 0.357351
365 3.64415 0.363384
366 3.65385 0.369001
367 3.66354 0.374651
368 3.67322 0.379981
369 3.6829 0.385342
370 3.69256 0.390324
371 3.70222 0.394978
372 3.71187 0.399597
373 3.72152 0.403741
374 3.73117 0.407268
375 3.74083 0.410348
376 3.75049 0.413162
377 3.76015 0.41556
378 3.76981 0.416485
379 3.77948 0.417014
380 3.78916 0.41698
381 3.79883 0.416388
382 3.80852 0.415219
383 3.8182 0.413154
384 3.82788 0.411065
385 3.83757 0.405925
386 3.84726 0.402111
387 3.85696 0.395334
388 3.86665 0.387462
389 3.87635 0.380028
390 3.88605 0.370097
391 3.89576 0.362961
392 3.90546 0.351171
393 3.91518 0.337085
394 3.9249 0.319945
395 3.93462 0.300184
396 3.94435 0.277936
397 3.95408 0.25371
398 3.96382 0.226611
399 3.97356 0.197145
400 3.98331 0.165756
401 3.99306 0.132038
402 4.00281 0.0970398
403 4.01257 0.0606441
404 4.02233 0.0234771
405 4.0321 -0.0149622
406 4.04187 -0.053585
407 4.05164 -0.0921632
408 4.06142 -0.130946
409 4.0712 -0.168751
410 4.08098 -0.205547
411 4.09077 -0.242342
412 4.10057 -0.277461
413 4.11037 -0.311309
414 4.12018 -0.343558
415 4.13 -0.374405
416 4.13982 -0.403317
417 4.14966 -0.430248
418 4.1595 -0.454731
419 4.16935 -0.477017
420 4.17921 -0.496531
421 4.18908 -0.512916
422 4.19896 -0.526667
423 4.20884 -0.537536
424 4.21873 -0.546112
425 4.22862 -0.552108
426 4.23852 -0.556858
427 4.24843 -0.560527
428 4.25835 -0.563308
429 4.26827 -0.566217
430 4.27819 -0.569515
431 4.28813 -0.57292
432 4.29806 -0.576995
433 4.30801 -0.580603
434 4.31796 -0.584071
435 4.32792 -0.585958
436 4.33788 -0.58807
437 4.34785 -0.588873
438 4.35782 -0.589569
439 4.3678 -0.589414
440 4.37778 -0.584579
441 4.38777 -0.582461
442 4.39774 -0.577312
443 4.4077 -0.569745
444 4.41765 -0.560832
445 4.42758 -0.547268
446 4.43749 -0.528276
447 4.44739 -0.503658
448 4.45726 -0.472219
449 4.46714 -0.433457
450 4.47699 -0.390877
451 4.48683 -0.342811
452 4.49665 -0.29183
453 4.50646 -0.237867
454 4.51626 -0.185365
455 4.52604 -0.131347
456 4.5358 -0.0796727
457 4.54555 -0.0283593
458 4.5553 0.0226591
459 4.56502 0.0730354
460 4.57474 0.123498
461 4.58445 0.171367
462 4.59414 0.218235
463 4.60382 0.26439
464 4.61349 0.310819
465 4.62316 0.355213
466 4.63281 0.397113
467 4.64245 0.435898
468 4.65208 0.470253
469 4.66171 0.501159
470 4.67132 0.526706
471 4.68092 0.547392
472 4.69051 0.563458
473 4.70009 0.573995
474 4.70966 0.580781
475 4.71922 0.584614
476 4.72877 0.584956
477 4.73831 0.583826
478 4.74784 0.580802
479 4.75736 0.577177
480 4.76688 0.57353
481 4.77639 0.570243
482 4.78589 0.567572
483 4.79539 0.565354
484 4.80488 0.563113
485 4.81437 0.561997
486 4.82385 0.559466
487 4.83333 0.557544
488 4.8428 0.555276
489 4.85227 0.552851
490 4.86174 0.549994
491 4.8712 0.54172
492 4.88067 0.535302
493 4.89013 0.533748
494 4.89959 0.526214
495 4.90905 0.5163
496 4.9185 0.502374
497 4.92795 0.481357
498 4.93739 0.453957
499 4.94683 0.419391
500 4.95626 0.378497
501 4.96569 0.332757
502 4.97511 0.282585
503 4.98453 0.229003
504 4.99395 0.173374
505 5.00337 0.116842
506 5.01278 0.0595935
507 5.02219 0.00183308
508 5.03159 -0.0535756
509 5.041 -0.107433
510 5.0504 -0.159769
511 5.0598 -0.209459
512 5.0692 -0.255199
513 5.0786 -0.298072
514 5.088 -0.335777
515 5.0974 -0.367467
516 5.10679 -0.392917
517 5.11619 -0.413329
518 5.12557 -0.428558
519 5.13496 -0.439369
520 5.14434 -0.445051
521 5.15372 -0.448075
522 5.1631 -0.447838
523 5.17247 -0.445293
524 5.18184 -0.441793
525 5.19121 -0.436791
526 5.20058 -0.431697
527 5.20995 -0.42655
528 5.21931 -0.421814
529 5.22868 -0.41774
530 5.23804 -0.414013
531 5.24741 -0.411587
532 5.25677 -0.409525
533 5.26614 -0.408024
534 5.2755 -0.406939
535 5.28486 -0.405674
536 5.29423 -0.404441
537 5.30359 -0.403692
538 5.31296 -0.402613
539 5.32232 -0.401679
540 5.33168 -0.399699
541 5.34104 -0.397257
542 5.35039 -0.393735
543 5.35975 -0.388782
544 5.3691 -0.382598
545 5.37846 -0.375912
546 5.38781 -0.367114
547 5.39716 -0.356799
548 5.40652 -0.342641
549 5.41587 -0.32951
550 5.42523 -0.31359
551 5.43458 -0.29523
552 5.44394 -0.273245
553 5.45329 -0.248474
554 5.46265 -0.220656
555 5.47201 -0.189457
556 5.48137 -0.155518
557 5.49072 -0.119279
558 5.50009 -0.0822253
559 5.50945 -0.0425087
560 5.51881 -0.00225608
561 5.52817 0.0376499
562 5.53754 0.078171
563 5.5469 0.117145
564 5.55627 0.15594
565 5.56563 0.192649
566 5.575 0.227301
567 5.58437 0.259928
568 5.59373 0.290494
569 5.6031 0.31895
570 5.61247 0.344898
571 5.62184 0.368261
572 5.63121 0.389979
573 5.64058 0.408517
574 5.64995 0.424746
575 5.65932 0.438452
576 5.66869 0.449283
577 5.67806 0.458098
578 5.68743 0.464077
579 5.69681 0.46793
580 5.70618 0.471186
581 5.71556 0.471983
582 5.72494 0.472293
583 5.73431 0.472231
584 5.74369 0.471778
585 5.75307 0.471458
586 5.76245 0.471504
587 5.77183 0.471643
588 5.78121 0.471776
589 5.79059 0.47285
590 5.79997 0.473039
591 5.80936 0.472892
592 5.81874 0.472704
593 5.82812 0.470973
594 5.83751 0.468427
595 5.84689 0.465237
596 5.85628 0.459202
597 5.86567 0.454168
598 5.87506 0.446902
599 5.88445 0.437371
600 5.89384 0.424487
601 5.90323 0.41022
602 5.91262 0.393281
603 5.92201 0.373878
604 5.9314 0.350968
605 5.9408 0.335565
606 5.95019 0.306749
607 5.95959 0.273602
608 5.96898 0.236373
609 5.97837 0.196002
610 5.98777 0.152334
611 5.99716 0.107812
612 6.00655 0.0613622
613 6.01594 0.0149742
614 6.02533 -0.0309623
615 6.03472 -0.0767672
616 6.04411 -0.120774
617 6.05349 -0.163057
618 6.06288 -0.203337
619 6.07226 -0.241687
620 6.08164 -0.276899
621 6.09102 -0.309224
622 6.1004 -0.339211
623 6.10978 -0.366649
624 6.11916 -0.391543
625 6.12853 -0.413993
626 6.13791 -0.433577
627 6.14729 -0.450755
628 6.15666 -0.4657
629 6.16603 -0.477821
630 6.17541 -0.487295
631 6.18478 -0.494835
632 6.19416 -0.499263
633 6.20353 -0.50256
634 6.21291 -0.504205
635 6.22228 -0.504562
636 6.23166 -0.503959
637 6.24103 -0.503555
638 6.25041 -0.502406
639 6.25979 -0.502462
640 6.26916 -0.501688
641 6.27854 -0.501322
642 6.28792 -0.500132
643 6.2973 -0.497826
644 6.30667 -0.496421
645 6.31605 -0.494299
646 6.32543 -0.48971
647 6.33481 -0.486266
648 6.34419 -0.480529
649 6.35356 -0.474015
650 6.36294 -0.46658
651 6.37232 -0.456099
652 6.3817 -0.443356
653 6.39108 -0.426306
654 6.40046 -0.404317
655 6.40984 -0.37764
656 6.41922 -0.346037
657 6.4286 -0.30995
658 6.43798 -0.269553
659 6.44736 -0.226249
660 6.45675 -0.179449
661 6.46613 -0.13091
662 6.47551 -0.0815642
663 6.4849 -0.0309831
664 6.49428 0.0193631
665 6.50367 0.0690388
666 6.51305 0.117
667 6.52244 0.163454
668 6.53183 0.207292
669 6.54121 0.248589
670 6.5506 0.286097
671 6.55999 0.321112
672 6.56937 0.352577
673 6.57876 0.381265
674 6.58815 0.40696
675 6.59753 0.429691
676 6.60692 0.449201
677 6.6163 0.46614
678 6.62569 0.480351
679 6.63507 0.492025
680 6.64446 0.500742
681 6.65384 0.507258
682 6.66322 0.511148
683 6.6726 0.513796
684 6.68198 0.514689
685 6.69136 0.514497
686 6.70074 0.513624
687 6.71012 0.512465
688 6.7195 0.511382
689 6.72887 0.510006
690 6.73824 0.508834
691 6.74762 0.507665
692 6.75699 0.505219
693 6.76635 0.502402
694 6.77572 0.499765
695 6.78509 0.496716
696 6.79445 0.492794
697 6.80382 0.484914
698 6.81318 0.476977
699 6.82254 0.466929
700 6.8319 0.46088
701 6.84125 0.448959
702 6.85061 0.433569
703 6.85997 0.413915
704 6.86933 0.390372
705 6.87868 0.361694
706 6.88804 0.327998
707 6.89739 0.290407
708 6.90675 0.249221
709 6.9161 0.205135
710 6.92545 0.158252
711 6.9348 0.110193
712 6.94416 0.0609184
713 6.95351 0.0113372
714 6.96286 -0.0378519
715 6.97221 -0.0861312
716 6.98156 -0.13293
717 6.99091 -0.177361
718 7.00025 -0.219237
719 7.0096 -0.258491
720 7.01894 -0.294511
721 7.02829 -0.327731
722 7.03764 -0.358471
723 7.04698 -0.385651
724 7.05633 -0.409721
725 7.06567 -0.431103
726 7.07502 -0.449299
727 7.08437 -0.464703
728 7.09371 -0.47766
729 7.10306 -0.488028
730 7.11241 -0.495292
731 7.12176 -0.500809
732 7.1311 -0.503662
733 7.14045 -0.505342
734 7.1498 -0.505612
735 7.15915 -0.504923
736 7.1685 -0.503602
737 7.17785 -0.502027
738 7.1872 -0.500972
739 7.19655 -0.499622
740 7.2059 -0.497946
741 7.21526 -0.49718
742 7.22461 -0.495411
743 7.23396 -0.492784
744 7.24332 -0.490944
745 7.25267 -0.486943
746 7.26203 -0.484209
747 7.27139 -0.479536
748 7.28074 -0.473494
749 7.2901 -0.46649
750 7.29946 -0.458757
751 7.30882 -0.44721
752 7.31819 -0.433294
753 7.32755 -0.414854
754 7.33691 -0.391619
755 7.34628 -0.363609
756 7.35564 -0.330964
757 7.36501 -0.29396
758 7.37438 -0.253443
759 7.38374 -0.209183
760 7.39311 -0.163209
761 7.40248 -0.114638
762 7.41186 -0.0655895
763 7.42123 -0.0157189
764 7.4306 0.0338359
765 7.43997 0.0827374
766 7.44935 0.129609
767 7.45872 0.174829
768 7.4681 0.217384
769 7.47748 0.257067
770 7.48685 0.293252
771 7.49623 0.326685
772 7.50561 0.356919
773 7.51499 0.384366
774 7.52437 0.408664
775 7.53376 0.430224
776 7.54314 0.44908
777 7.55252 0.46524
778 7.56191 0.479179
779 7.57129 0.490089
780 7.58068 0.498899
781 7.59007 0.505324
782 7.59945 0.509422
783 7.60884 0.512283
784 7.61823 0.513703
785 7.62762 0.513579
786 7.63702 0.513319
787 7.64641 0.512273
788 7.65581 0.511803
789 7.6652 0.511526
790 7.6746 0.510175
791 7.684 0.508739
792 7.6934 0.506932
793 7.7028 0.503952
794 7.7122 0.501424
795 7.72161 0.496423
796 7.73101 0.492859
797 7.74042 0.486958
798 7.74983 0.475756
799 7.75924 0.46676
800 7.76865 0.461779
801 7.77806 0.44848
802 7.78748 0.431247
803 7.79689 0.409117
804 7.80631 0.38232
805 7.81573 0.350666
806 7.82515 0.314598
807 7.83457 0.274602
808 7.84399 0.231279
809 7.85341 0.185146
810 7.86283 0.136965
811 7.87226 0.0874866
812 7.88168 0.0372939
813 7.89111 -0.013306
814 7.90054 -0.0628814
815 7.90996 -0.111382
816 7.91939 -0.158165
817 7.92882 -0.201876
818 7.93825 -0.243162
819 7.94768 -0.281386
820 7.95712 -0.316174
821 7.96655 -0.347863
822 7.97598 -0.376672
823 7.98542 -0.402353
824 7.99485 -0.424817
825 8.00429 -0.444356
826 8.01372 -0.461275
827 8.02316 -0.475402
828 8.0326 -0.487092
829 8.04204 -0.495885
830 8.05147 -0.502623
831 8.06091 -0.506679
832 8.07036 -0.509394
833 8.0798 -0.510603
834 8.08924 -0.510119
835 8.09868 -0.509429
836 8.10813 -0.508242
837 8.11757 -0.507234
838 8.12702 -0.5058
839 8.13647 -0.505154
840 8.14592 -0.503361
841 8.15537 -0.50157
842 8.16482 -0.498675
843 8.17427 -0.496917
844 8.18373 -0.492709
845 8.19318 -0.489783
846 8.20264 -0.485041
847 8.21209 -0.47876
848 8.22155 -0.471553
849 8.23101 -0.463132
850 8.24047 -0.451393
851 8.24993 -0.435987
852 8.2594 -0.416177
853 8.26886 -0.391176
854 8.27832 -0.361476
855 8.28779 -0.326992
856 8.29726 -0.288092
857 8.30673 -0.245511
858 8.31619 -0.199876
859 8.32566 -0.152255
860 8.33513 -0.102178
861 8.34461 -0.0516449
862 8.35408 -0.000603036
863 8.36355 0.0499418
864 8.37302 0.0995296
865 8.3825 0.147005
866 8.39197 0.192227
867 8.40145 0.235034
868 8.41093 0.273932
869 8.4204 0.310092
870 8.42988 0.342502
871 8.43936 0.372429
872 8.44884 0.398689
873 8.45832 0.422092
874 8.4678 0.442551
875 8.47728 0.459879
876 8.48676 0.475049
877 8.49624 0.487525
878 8.50572 0.49714
879 8.5152 0.504403
880 8.52468 0.509341
881 8.53417 0.512729
882 8.54365 0.514578
883 8.55314 0.514825
884 8.56262 0.514399
885 8.57211 0.513639
886 8.5816 0.512863
887 8.59109 0.511612
888 8.60058 0.51111
889 8.61007 0.509187
890 8.61956 0.507302
891 8.62905 0.50411
892 8.63855 0.501895
893 8.64804 0.496422
894 8.65754 0.492868
895 8.66704 0.487164
896 8.67654 0.476037
897 8.68604 0.467042
898 8.69554 0.462078
899 8.70504 0.448721
900 8.71455 0.431633
901 8.72405 0.409542
902 8.73356 0.382651
903 8.74307 0.350816
904 8.75258 0.314647
905 8.76209 0.27441
906 8.7716 0.230902
907 8.78111 0.184421
908 8.79062 0.135922
909 8.80014 0.0861072
910 8.80965 0.0355994
911 8.81917 -0.01533
912 8.82868 -0.06515
913 8.8382 -0.113948
914 8.84772 -0.160823
915 8.85724 -0.204355
916 8.86676 -0.245645
917 8.87628 -0.284092
918 8.8858 -0.318783
919 8.89532 -0.350308
920 8.90485 -0.37894
921 8.91437 -0.404328
922 8.9239 -0.426474
923 8.93342 -0.445889
924 8.94295 -0.462359
925 8.95248 -0.47617
926 8.962 -0.487422
927 8.97153 -0.495875
928 8.98106 -0.502313
929 8.99059 -0.505999
930 9.00013 -0.508449
931 9.00966 -0.509312
932 9.01919 -0.50891
933 9.02873 -0.507845
934 9.03827 -0.50655
935 9.0478 -0.505529
936 9.05734 -0.50412
937 9.06688 -0.503521
938 9.07642 -0.501736
939 9.08597 -0.499827
940 9.09551 -0.496803
941 9.10506 -0.49469
942 9.1146 -0.490037
943 9.12415 -0.486725
944 9.1337 -0.481317
945 9.14325 -0.47518
946 9.15281 -0.467397
947 9.16236 -0.456436
948 9.17192 -0.443386
949 9.18147 -0.426017
950 9.19103 -0.404226
951 9.2006 -0.37731
952 9.21016 -0.345412
953 9.21972 -0.308924
954 9.22929 -0.268557
955 9.23886 -0.224127
956 9.24842 -0.177662
957 9.25799 -0.128318
958 9.26757 -0.0782242
959 9.27714 -0.0269971
960 9.28672 0.0241396
961 9.29629 0.0746387
962 9.30587 0.123635
963 9.31545 0.169858
964 9.32503 0.214443
965 9.33461 0.255573
966 9.3442 0.293276
967 9.35378 0.327687
968 9.36337 0.359229
969 9.37296 0.387299
970 9.38255 0.41203
971 9.39214 0.434212
972 9.40173 0.453056
973 9.41133 0.469319
974 9.42093 0.482948
975 9.43052 0.493703
976 9.44012 0.502587
977 9.44973 0.508284
978 9.45933 0.512341
979 9.46894 0.514862
980 9.47854 0.515703
981 9.48815 0.515456
982 9.49776 0.514898
983 9.50738 0.514441
984 9.51699 0.513352
985 9.52661 0.51291
986 9.53623 0.511793
987 9.54585 0.510656
988 9.55548 0.50657
989 9.5651 0.504516
990 9.57473 0.500095
991 9.58437 0.4961
992 9.594 0.490648
993 9.60364 0.479752
994 9.61328 0.470784
995 9.62292 0.466676
996 9.63256 0.453101
997 9.64221 0.435382
998 9.65186 0.412469
999 9.66151 0.384689
1000 9.67116 0.351682
1001 9.68082 0.314349
1002 9.69047 0.272917
1003 9.70013 0.228121
1004 9.7098 0.180228
1005 9.71946 0.130475
1006 9.72913 0.0793347
1007 9.7388 0.0274794
1008 9.74847 -0.0244108
1009 9.75814 -0.0755629
1010 9.76782 -0.124919
1011 9.77749 -0.172298
1012 9.78717 -0.216242
1013 9.79685 -0.257656
1014 9.80654 -0.29594
1015 9.81622 -0.330291
1016 9.82591 -0.361446
1017 9.8356 -0.389395
1018 9.84529 -0.413808
1019 9.85499 -0.435495
1020 9.86468 -0.453905
1021 9.87438 -0.469613
1022 9.88408 -0.482249
1023 9.89378 -0.492698
1024 9.90349 -0.500239
1025 9.9132 -0.505525
1026 9.92291 -0.50845
1027 9.93262 -0.510238
1028 9.94233 -0.510242
1029 9.95205 -0.509475
1030 9.96177 -0.508282
1031 9.97149 -0.507237
1032 9.98122 -0.505658
1033 9.99095 -0.504517
1034 10.0007 -0.503178
1035 10.0104 -0.501214
1036 10.0201 -0.498132
1037 10.0299 -0.49607
1038 10.0396 -0.491636
1039 10.0494 -0.48847
1040 10.0591 -0.483251
1041 10.0689 -0.476383
1042 10.0786 -0.468414
1043 10.0884 -0.459036
1044 10.0982 -0.446123
1045 10.1079 -0.429203
1046 10.1177 -0.407611
1047 10.1275 -0.380421
1048 10.1372 -0.348246
1049 10.147 -0.311074
1050 10.1568 -0.269769
1051 10.1666 -0.224485
1052 10.1764 -0.17674
1053 10.1862 -0.126061
1054 10.1959 -0.0745969
1055 10.2057 -0.0220506
1056 10.2155 0.0301915
1057 10.2253 0.081747
1058 10.2351 0.131568
1059 10.245 0.178757
1060 10.2548 0.223328
1061 10.2646 0.264548
1062 10.2744 0.302551
1063 10.2842 0.336909
1064 10.294 0.367804
1065 10.3039 0.395742
1066 10.3137 0.420031
1067 10.3235 0.441403
1068 10.3333 0.459569
1069 10.3432 0.47532
1070 10.353 0.488021
1071 10.3629 0.49814
1072 10.3727 0.505462
1073 10.3825 0.51032
1074 10.3924 0.513425
1075 10.4023 0.515274
1076 10.4121 0.515488
1077 10.422 0.514841
1078 10.4318 0.513748
1079 10.4417 0.513289
1080 10.4516 0.512781
1081 10.4615 0.511123
1082 10.4713 0.509354
1083 10.4812 0.507181
1084 10.4911 0.503562
1085 10.501 0.498661
1086 10.5109 0.495405
1087 10.5208 0.48988
1088 10.5307 0.480774
1089 10.5406 0.469701
1090 10.5505 0.464405
1091 10.5604 0.450594
1092 10.5703 0.432766
1093 10.5802 0.409581
1094 10.59 0.381268
1095 10.5999 0.347746
1096 10.6098 0.309475
1097 10.6197 0.266966
1098 10.6296 0.22094
1099 10.6395 0.17182
1100 10.6494 0.12081
1101 10.6593 0.068351
1102 10.6692 0.0151914
1103 10.6791 -0.0375107
1104 10.689 -0.0894538
1105 10.699 -0.139376
1106 10.7089 -0.186607
1107 10.7188 -0.231046
1108 10.7288 -0.2725
1109 10.7387 -0.309726
1110 10.7487 -0.343923
1111 10.7587 -0.374222
1112 10.7686 -0.401285
1113 10.7786 -0.425099
1114 10.7886 -0.445667
1115 10.7986 -0.462969
1116 10.8086 -0.477597
1117 10.8186 -0.489325
1118 10.8286 -0.497991
1119 10.8386 -0.504571
1120 10.8486 -0.508152
1121 10.8586 -0.510013
1122 10.8686 -0.51075
1123 10.8786 -0.510152
1124 10.8886 -0.508869
1125 10.8986 -0.507732
1126 10.9087 -0.506149
1127 10.9187 -0.504853
1128 10.9287 -0.503506
1129 10.9388 -0.501585
1130 10.9488 -0.498543
1131 10.9589 -0.496534
1132 10.9689 -0.492152
1133 10.9789 -0.488784
1134 10.9888 -0.48308
1135 10.9988 -0.477009
1136 11.0087 -0.469184
1137 11.0186 -0.458074
1138 11.0285 -0.444261
1139 11.0384 -0.425995
1140 11.0483 -0.402752
1141 11.0582 -0.374046
1142 11.0681 -0.339977
1143 11.078 -0.30126
1144 11.0879 -0.258017
1145 11.0978 -0.211176
1146 11.1077 -0.162084
1147 11.1176 -0.110119
1148 11.1275 -0.0574243
1149 11.1375 -0.00405729
1150 11.1474 0.0489314
1151 11.1574 0.101013
1152 11.1673 0.151039
1153 11.1773 0.19839
1154 11.1872 0.242271
1155 11.1972 0.283058
1156 11.2072 0.320066
1157 11.2172 0.353413
1158 11.2272 0.383144
1159 11.2373 0.409852
1160 11.2473 0.43287
1161 11.2574 0.452813
1162 11.2674 0.470009
1163 11.2775 0.484404
1164 11.2876 0.495482
1165 11.2977 0.504222
1166 11.3078 0.51008
1167 11.318 0.513786
1168 11.3281 0.516108
1169 11.3382 0.516671
1170 11.3484 0.516099
1171 11.3586 0.515279
1172 11.3687 0.514603
1173 11.3788 0.514132
1174 11.3889 0.512442
1175 11.399 0.510643
1176 11.409 0.508442
1177 11.4191 0.504709
1178 11.4291 0.499736
1179 11.4391 0.496459
1180 11.4491 0.490843
1181 11.459 0.48178
1182 11.4689 0.470839
1183 11.4788 0.465266
1184 11.4887 0.451808
1185 11.4986 0.433918
1186 11.5085 0.410867
1187 11.5184 0.382752
1188 11.5282 0.349406
1189 11.5381 0.311247
1190 11.548 0.26892
1191 11.5579 0.223008
1192 11.5678 0.17409
1193 11.5777 0.123153
1194 11.5876 0.0707714
1195 11.5975 0.0178979
1196 11.6074 -0.0349997
1197 11.6173 -0.0867248
1198 11.6273 -0.13694
1199 11.6372 -0.184432
1200 11.6471 -0.228986
1201 11.6571 -0.270585
1202 11.6671 -0.308207
1203 11.6771 -0.342549
1204 11.6871 -0.373211
1205 11.6971 -0.400551
1206 11.7071 -0.424533
1207 11.7171 -0.445174
1208 11.7272 -0.462784
1209 11.7372 -0.477632
1210 11.7473 -0.489422
1211 11.7574 -0.498146
1212 11.7675 -0.504682
1213 11.7776 -0.508213
1214 11.7877 -0.510348
1215 11.7979 -0.510705
1216 11.808 -0.509946
1217 11.8182 -0.50861
1218 11.8283 -0.50725
1219 11.8385 -0.505579
1220 11.8487 -0.504227
1221 11.8588 -0.502686
1222 11.8689 -0.500755
1223 11.879 -0.497557
1224 11.889 -0.49546
1225 11.8991 -0.490937
1226 11.909 -0.487527
1227 11.919 -0.481952
1228 11.9289 -0.475676
1229 11.9389 -0.467583
1230 11.9488 -0.456302
1231 11.9587 -0.442448
1232 11.9686 -0.424239
1233 11.9785 -0.40082
1234 11.9884 -0.372001
1235 11.9983 -0.338316
1236 12.0082 -0.299598
1237 12.018 -0.256478
1238 12.0279 -0.209786
1239 12.0378 -0.160743
1240 12.0478 -0.108837
1241 12.0577 -0.0563045
1242 12.0676 -0.00303035
1243 12.0775 0.0497194
1244 12.0875 0.101623
1245 12.0974 0.150939
1246 12.1074 0.198063
1247 12.1174 0.241716
1248 12.1273 0.28229
1249 12.1373 0.319143
1250 12.1473 0.352465
1251 12.1573 0.382173
1252 12.1674 0.408751
1253 12.1774 0.432284
1254 12.1875 0.45243
1255 12.1975 0.469654
1256 12.2076 0.484297
1257 12.2177 0.495524
1258 12.2278 0.504461
1259 12.2379 0.510481
1260 12.248 0.514299
1261 12.2582 0.516717
1262 12.2683 0.517299
1263 12.2785 0.51684
1264 12.2886 0.516005
1265 12.2988 0.515363
1266 12.3089 0.514763
1267 12.319 0.513183
1268 12.3291 0.511482
1269 12.3391 0.509157
1270 12.3491 0.505544
1271 12.3591 0.500682
1272 12.3691 0.497465
1273 12.3791 0.491961
1274 12.3891 0.484649
1275 12.399 0.471174
1276 12.4089 0.466503
1277 12.4188 0.453285
1278 12.4287 0.435821
1279 12.4385 0.413217
1280 12.4484 0.385588
1281 12.4583 0.35254
1282 12.4682 0.314662
1283 12.4781 0.272627
1284 12.4879 0.226902
1285 12.4978 0.17822
1286 12.5077 0.12733
1287 12.5176 0.0750981
1288 12.5275 0.0223201
1289 12.5374 -0.0305769
1290 12.5474 -0.0824134
1291 12.5573 -0.13283
1292 12.5672 -0.180495
1293 12.5772 -0.225371
1294 12.5871 -0.267263
1295 12.5971 -0.305373
1296 12.6071 -0.339781
1297 12.6171 -0.371094
1298 12.6271 -0.398876
1299 12.6371 -0.423035
1300 12.6471 -0.444366
1301 12.6572 -0.462384
1302 12.6673 -0.47741
1303 12.6773 -0.489542
1304 12.6874 -0.498552
1305 12.6975 -0.505522
1306 12.7076 -0.509211
1307 12.7177 -0.511515
1308 12.7279 -0.512096
1309 12.738 -0.511479
1310 12.7482 -0.510125
1311 12.7583 -0.508865
1312 12.7685 -0.507158
1313 12.7786 -0.505761
1314 12.7888 -0.504288
1315 12.7989 -0.502295
1316 12.809 -0.499219
1317 12.8191 -0.497166
1318 12.8291 -0.492767
1319 12.8391 -0.48944
1320 12.849 -0.483957
1321 12.859 -0.476764
1322 12.8689 -0.468425
1323 12.8788 -0.458517
1324 12.8887 -0.44485
1325 12.8986 -0.426967
1326 12.9085 -0.403966
1327 12.9184 -0.375589
1328 12.9283 -0.341923
1329 12.9382 -0.303342
1330 12.9481 -0.260271
1331 12.958 -0.213597
1332 12.9679 -0.164503
1333 12.9778 -0.112557
1334 12.9877 -0.0599637
1335 12.9977 -0.00645914
1336 13.0076 0.0465178
1337 13.0176 0.0984611
1338 13.0275 0.148327
1339 13.0375 0.195814
1340 13.0474 0.239848
1341 13.0574 0.280837
1342 13.0674 0.318085
1343 13.0774 0.351771
1344 13.0874 0.381848
1345 13.0974 0.40867
1346 13.1075 0.43243
1347 13.1175 0.452757
1348 13.1276 0.470122
1349 13.1377 0.484949
1350 13.1478 0.49633
1351 13.1579 0.505329
1352 13.168 0.511525
1353 13.1781 0.515353
1354 13.1882 0.517835
1355 13.1984 0.5185
1356 13.2085 0.518051
1357 13.2187 0.517225
1358 13.2289 0.516618
1359 13.239 0.516018
1360 13.2491 0.514545
1361 13.2592 0.512843
1362 13.2692 0.510572
1363 13.2793 0.506954
1364 13.2893 0.502122
1365 13.2993 0.499024
1366 13.3092 0.493609
1367 13.3192 0.484729
1368 13.3291 0.473936
1369 13.339 0.468701
1370 13.3489 0.455415
1371 13.3588 0.437822
1372 13.3687 0.41496
1373 13.3786 0.387099
1374 13.3885 0.353886
1375 13.3983 0.315813
1376 13.4082 0.273592
1377 13.4181 0.227656
1378 13.428 0.178728
1379 13.4379 0.127608
1380 13.4478 0.0750266
1381 13.4577 0.0219613
1382 13.4676 -0.0313087
1383 13.4775 -0.0834148
1384 13.4875 -0.134084
1385 13.4974 -0.181997
1386 13.5074 -0.226951
1387 13.5173 -0.268972
1388 13.5273 -0.306974
1389 13.5373 -0.341432
1390 13.5473 -0.372608
1391 13.5573 -0.400276
1392 13.5673 -0.424245
1393 13.5774 -0.445417
1394 13.5874 -0.463277
1395 13.5975 -0.478015
1396 13.6075 -0.490097
1397 13.6176 -0.498983
1398 13.6277 -0.505839
1399 13.6378 -0.509459
1400 13.648 -0.51173
1401 13.6581 -0.512249
1402 13.6682 -0.511628
1403 13.6784 -0.510217
1404 13.6885 -0.509075
1405 13.6987 -0.507385
1406 13.7089 -0.506015
1407 13.719 -0.504513
1408 13.7291 -0.502484
1409 13.7392 -0.499376
1410 13.7493 -0.497257
1411 13.7593 -0.492827
1412 13.7693 -0.489484
1413 13.7793 -0.483964
1414 13.7892 -0.476713
1415 13.7991 -0.468381
1416 13.8091 -0.458475
1417 13.819 -0.444822
1418 13.8289 -0.426975
1419 13.8388 -0.40401
1420 13.8487 -0.37579
1421 13.8586 -0.342271
1422 13.8684 -0.303777
1423 13.8783 -0.260793
1424 13.8882 -0.214177
1425 13.8982 -0.165191
1426 13.9081 -0.113263
1427 13.918 -0.0607033
1428 13.9279 -0.00726594
1429 13.9378 0.0456815
1430 13.9478 0.0976547
1431 13.9577 0.147526
1432 13.9677 0.194989
1433 13.9777 0.239085
1434 13.9877 0.280076
1435 13.9976 0.317365
1436 14.0077 0.351083
1437 14.0177 0.381185
1438 14.0277 0.408037
1439 14.0377 0.431854
1440 14.0478 0.452043
1441 14.0578 0.469572
1442 14.0679 0.484452
1443 14.078 0.495799
1444 14.0881 0.504802
1445 14.0982 0.51104
1446 14.1084 0.514903
1447 14.1185 0.516948
1448 14.1286 0.517876
1449 14.1388 0.517593
1450 14.1489 0.516662
1451 14.1591 0.515929
1452 14.1692 0.515317
1453 14.1794 0.513946
1454 14.1894 0.512265
1455 14.1995 0.510072
1456 14.2095 0.506472
1457 14.2195 0.501676
1458 14.2295 0.498611
1459 14.2395 0.493214
1460 14.2494 0.486059
1461 14.2594 0.472624
1462 14.2693 0.468215
1463 14.2792 0.455223
1464 14.2891 0.437964
1465 14.2989 0.415526
1466 14.3088 0.388042
1467 14.3187 0.355095
1468 14.3286 0.317354
1469 14.3385 0.275095
1470 14.3483 0.229287
1471 14.3582 0.18049
1472 14.3681 0.129457
1473 14.378 0.0769971
1474 14.3879 0.0239074
1475 14.3978 -0.0293729
1476 14.4078 -0.0814496
1477 14.4177 -0.132128
1478 14.4276 -0.17999
1479 14.4376 -0.225034
1480 14.4476 -0.26709
1481 14.4575 -0.305241
1482 14.4675 -0.339653
1483 14.4775 -0.370932
1484 14.4875 -0.398682
1485 14.4975 -0.422791
1486 14.5076 -0.444107
1487 14.5176 -0.462132
1488 14.5277 -0.477105
1489 14.5377 -0.489292
1490 14.5478 -0.498288
1491 14.5579 -0.505293
1492 14.568 -0.509142
1493 14.5782 -0.511343
1494 14.5883 -0.511986
1495 14.5984 -0.51139
1496 14.6086 -0.510009
1497 14.6187 -0.508854
1498 14.6289 -0.507163
1499 14.6391 -0.505858
1500 14.6492 -0.504269
1501 14.6593 -0.502288
1502 14.6694 -0.499191
1503 14.6795 -0.497088
1504 14.6895 -0.492666
1505 14.6995 -0.489381
1506 14.7095 -0.483965
1507 14.7194 -0.476869
1508 14.7293 -0.468649
1509 14.7393 -0.458946
1510 14.7492 -0.445513
1511 14.7591 -0.427955
1512 14.769 -0.405333
1513 14.7789 -0.377377
1514 14.7888 -0.344038
1515 14.7986 -0.305982
1516 14.8085 -0.263283
1517 14.8184 -0.217259
1518 14.8284 -0.16832
1519 14.8383 -0.116533
1520 14.8482 -0.0641679
1521 14.8581 -0.0107259
1522 14.868 0.0421776
1523 14.878 0.0942155
1524 14.8879 0.144202
1525 14.8979 0.191843
1526 14.9079 0.236374
1527 14.9178 0.277401
1528 14.9278 0.314893
1529 14.9378 0.348869
1530 14.9478 0.379184
1531 14.9579 0.40629
1532 14.9679 0.430336
1533 14.978 0.450753
1534 14.988 0.468487
1535 14.9981 0.48358
1536 15.0082 0.495087
