t ke gpe 
0 0.494979 0
0.000568182 0.49478 0
0.00191558 0.494334 0
0.00353247 0.493826 0
0.00568831 0.493189 0
0.00784416 0.49259 0
0.01 0.492024 0
0.0125 0.491402 0
0.015 0.490811 0
0.0175 0.490249 0
0.02 0.489711 0
0.0233333 0.489029 0
0.0266667 0.488371 0
0.03 0.487746 0
0.0333333 0.487151 0
0.0366667 0.486578 0
0.04 0.486025 0
0.045 0.485233 0
0.05 0.484478 0
0.055 0.483754 0
0.06 0.483057 0
0.065 0.482386 0
0.07 0.481737 0
0.075 0.481109 0
0.08 0.480498 0
0.085 0.479907 0
0.09 0.479327 0
0.095 0.478764 0
0.1 0.478212 0
0.105 0.477675 0
0.11 0.477149 0
0.115 0.476633 0
0.12 0.476129 0
0.125 0.475636 0
0.13 0.475151 0
0.135 0.474676 0
0.14 0.474209 0
0.145 0.473751 0
0.15 0.4733 0
0.155 0.472856 0
0.16 0.47242 0
0.165 0.471991 0
0.17 0.471568 0
0.175 0.471149 0
0.18 0.470737 0
0.185 0.470331 0
0.19 0.469931 0
0.195 0.469536 0
0.2 0.469146 0
0.205 0.46876 0
0.21 0.468379 0
0.215 0.468003 0
0.22 0.467632 0
0.225 0.467264 0
0.23 0.466902 0
0.235 0.466542 0
0.24 0.466187 0
0.245 0.465835 0
0.25 0.465488 0
0.255 0.465143 0
0.26 0.464802 0
0.265 0.464465 0
0.27 0.46413 0
0.275 0.463798 0
0.28 0.46347 0
0.285 0.463144 0
0.29 0.462821 0
0.295 0.462501 0
0.3 0.462184 0
0.305 0.46187 0
0.31 0.461558 0
0.315 0.461248 0
0.32 0.460941 0
0.325 0.460636 0
0.33 0.460334 0
0.335 0.460034 0
0.34 0.459733 0
0.345 0.459436 0
0.35 0.459142 0
0.355 0.45885 0
0.36 0.458561 0
0.365 0.458272 0
0.37 0.457986 0
0.375 0.457702 0
0.38 0.45742 0
0.385 0.457139 0
0.39 0.45686 0
0.395 0.456582 0
0.4 0.456307 0
0.405 0.456033 0
0.41 0.45576 0
0.415 0.455489 0
0.42 0.45522 0
0.425 0.454953 0
0.43 0.454686 0
0.435 0.45442 0
0.44 0.454157 0
0.445 0.453894 0
0.4475 0.453763 0
0.45 0.453633 0
0.453333 0.45346 0
0.456667 0.453287 0
0.46 0.453115 0
0.463333 0.452943 0
0.466667 0.452772 0
0.47 0.4526 0
0.473333 0.45243 0
0.476667 0.45226 0
0.48 0.452091 0
0.483333 0.451922 0
0.486667 0.451754 0
0.49 0.451586 0
0.493333 0.451418 0
0.496667 0.451251 0
0.5 0.451085 0
0.503333 0.450919 0
0.506667 0.450754 0
0.51 0.450589 0
0.513333 0.450424 0
0.516667 0.45026 0
0.52 0.450095 0
0.523333 0.449931 0
0.526667 0.449768 0
0.53 0.449605 0
0.533333 0.449442 0
0.536667 0.44928 0
0.54 0.449119 0
0.543333 0.448957 0
0.546667 0.448796 0
0.55 0.448636 0
0.553333 0.448475 0
0.556667 0.448315 0
0.56 0.448155 0
0.563333 0.447996 0
0.566667 0.447837 0
0.57 0.447678 0
0.573333 0.447519 0
0.576667 0.447361 0
0.58 0.447202 0
0.583333 0.447043 0
0.586667 0.446886 0
0.59 0.446728 0
0.593333 0.446571 0
0.596667 0.446413 0
0.6 0.446257 0
0.603333 0.4461 0
0.606667 0.445945 0
0.61 0.445789 0
0.613333 0.445634 0
0.616667 0.445478 0
0.62 0.445322 0
0.623333 0.445166 0
0.626667 0.445011 0
0.63 0.444855 0
0.633333 0.444701 0
0.636667 0.444546 0
0.64 0.444392 0
0.643333 0.444237 0
0.646667 0.444083 0
0.65 0.443929 0
0.653333 0.443775 0
0.656667 0.44362 0
0.66 0.443466 0
0.663333 0.443312 0
0.666667 0.443159 0
0.67 0.443005 0
0.673333 0.442853 0
0.676667 0.4427 0
0.68 0.442547 0
0.683333 0.442394 0
0.686667 0.442241 0
0.69 0.442088 0
0.693333 0.441935 0
0.696667 0.441783 0
0.7 0.44163 0
0.703333 0.441478 0
0.706667 0.441326 0
0.71 0.441174 0
0.713333 0.441022 0
0.716667 0.44087 0
0.72 0.440718 0
0.723333 0.440566 0
0.726667 0.440415 0
0.73 0.440264 0
0.733333 0.440113 0
0.736667 0.439962 0
0.74 0.439811 0
0.743333 0.43966 0
0.746667 0.439509 0
0.75 0.439359 0
0.753333 0.439209 0
0.756667 0.439058 0
0.76 0.438908 0
0.763333 0.438758 0
0.766667 0.438608 0
0.77 0.438458 0
0.773333 0.438308 0
0.776667 0.438159 0
0.78 0.43801 0
0.783333 0.43786 0
0.786667 0.43771 0
0.79 0.43756 0
0.793333 0.437411 0
0.796667 0.437262 0
0.8 0.437113 0
0.803333 0.436965 0
0.806667 0.436815 0
0.81 0.436667 0
0.813333 0.436518 0
0.816667 0.43637 0
0.82 0.436223 0
0.823333 0.436075 0
0.826667 0.435927 0
0.83 0.43578 0
0.833333 0.435633 0
0.836667 0.435487 0
0.84 0.435342 0
0.843333 0.435196 0
0.846667 0.43505 0
0.85 0.434905 0
0.853333 0.43476 0
0.856667 0.434615 0
0.86 0.43447 0
0.863333 0.434325 0
0.866667 0.434181 0
0.87 0.434036 0
0.873333 0.433892 0
0.876667 0.433749 0
0.88 0.433606 0
0.883333 0.433463 0
0.886667 0.43332 0
0.89 0.433177 0
0.893333 0.433034 0
0.896667 0.432892 0
0.9 0.43275 0
0.903333 0.432608 0
0.906667 0.432467 0
0.91 0.432326 0
0.913333 0.432186 0
0.916667 0.432046 0
0.92 0.431905 0
0.923333 0.431766 0
0.926667 0.431627 0
0.93 0.431488 0
0.933333 0.43135 0
0.936667 0.431211 0
0.94 0.431073 0
0.943333 0.430936 0
0.946667 0.430799 0
0.95 0.430662 0
0.953333 0.430525 0
0.956667 0.43039 0
0.96 0.430255 0
0.963333 0.430119 0
0.966667 0.429984 0
0.97 0.42985 0
0.973333 0.429715 0
0.976667 0.429581 0
0.98 0.429448 0
0.983333 0.429315 0
0.986667 0.429183 0
0.99 0.429052 0
0.993333 0.428919 0
0.996667 0.428787 0
1 0.428655 0
1.00333 0.428525 0
1.00667 0.428395 0
1.01 0.428266 0
1.01333 0.428137 0
1.01667 0.428009 0
1.02 0.427881 0
1.02333 0.427753 0
1.02667 0.427626 0
1.03 0.427499 0
1.03333 0.427372 0
1.03667 0.427247 0
1.04 0.427121 0
1.04333 0.426995 0
1.04667 0.42687 0
1.05 0.426745 0
1.05333 0.426622 0
1.05667 0.426498 0
1.06 0.426374 0
1.06333 0.42625 0
1.06667 0.426127 0
1.07 0.426005 0
1.07333 0.425882 0
1.07667 0.425762 0
1.08 0.425641 0
1.08333 0.425519 0
1.08667 0.4254 0
1.09 0.42528 0
1.09333 0.425161 0
1.09667 0.425042 0
1.1 0.424924 0
1.10333 0.424805 0
1.10667 0.424687 0
1.11 0.42457 0
1.11333 0.424453 0
1.11667 0.424336 0
1.12 0.424219 0
1.12333 0.424103 0
1.12667 0.423987 0
1.13 0.423871 0
1.13333 0.423756 0
1.13667 0.423643 0
1.14 0.423527 0
1.14333 0.423412 0
1.14667 0.423298 0
1.15 0.423185 0
1.15333 0.423072 0
1.15667 0.422959 0
1.16 0.422846 0
1.16333 0.422733 0
1.16667 0.422621 0
1.17 0.42251 0
1.17333 0.422399 0
1.17667 0.422288 0
1.18 0.422177 0
1.18333 0.422068 0
1.18667 0.421956 0
1.19 0.421846 0
1.19333 0.421736 0
1.19667 0.421627 0
1.2 0.421516 0
1.20333 0.421407 0
1.20667 0.421299 0
1.21 0.421189 0
1.21333 0.42108 0
1.21667 0.420971 0
1.22 0.420864 0
1.22333 0.420756 0
1.22667 0.420648 0
1.23 0.42054 0
1.23333 0.420432 0
1.23667 0.420325 0
1.24 0.42022 0
1.24333 0.420113 0
1.24667 0.420006 0
1.25 0.4199 0
1.25333 0.419794 0
1.25667 0.419687 0
1.26 0.419582 0
1.26333 0.419477 0
1.26667 0.419372 0
1.27 0.419267 0
1.27333 0.419161 0
1.27667 0.419057 0
1.28 0.418952 0
1.28333 0.418848 0
1.28667 0.418744 0
1.29 0.418639 0
1.29333 0.418534 0
1.29667 0.418431 0
1.3 0.418326 0
1.30333 0.418222 0
1.30667 0.418118 0
1.31 0.418014 0
1.31333 0.417911 0
1.31667 0.417808 0
1.32 0.417705 0
1.32333 0.417602 0
1.32667 0.417498 0
1.33 0.417395 0
1.33333 0.417291 0
1.33667 0.417187 0
1.34 0.417083 0
1.34333 0.41698 0
1.34667 0.416877 0
1.35 0.416775 0
1.35333 0.416671 0
1.35667 0.416568 0
1.36 0.416466 0
1.36333 0.416362 0
1.36667 0.416259 0
1.37 0.416156 0
1.37333 0.416054 0
1.37667 0.415951 0
1.38 0.415849 0
1.38333 0.415746 0
1.38667 0.415643 0
1.39 0.41554 0
1.39333 0.415437 0
1.39667 0.415334 0
1.4 0.415231 0
1.40333 0.415128 0
1.40667 0.415023 0
1.41 0.41492 0
1.41333 0.414817 0
1.41667 0.414714 0
1.42 0.414611 0
1.42333 0.414507 0
1.42667 0.414404 0
1.43 0.414299 0
1.43333 0.414196 0
1.43667 0.414094 0
1.44 0.413989 0
1.44333 0.413886 0
1.44667 0.413782 0
1.45 0.413678 0
1.45333 0.413574 0
1.45667 0.413471 0
1.46 0.413367 0
1.46333 0.413263 0
1.46667 0.41316 0
1.47 0.413056 0
1.47333 0.412951 0
1.47667 0.412846 0
1.48 0.412741 0
1.48333 0.412637 0
1.48667 0.412532 0
1.49 0.412427 0
1.49333 0.412323 0
1.49667 0.412219 0
1.5 0.412114 0
1.50333 0.412008 0
1.50667 0.411903 0
1.51 0.411798 0
1.51333 0.411693 0
1.51667 0.411589 0
1.52 0.411483 0
1.52333 0.411378 0
1.52667 0.411273 0
1.53 0.411167 0
1.53333 0.411061 0
1.53667 0.410956 0
1.54 0.41085 0
1.54333 0.410744 0
1.54667 0.410638 0
1.55 0.410532 0
1.55333 0.410426 0
1.55667 0.410321 0
1.56 0.410215 0
1.56333 0.410109 0
1.56667 0.410003 0
1.57 0.409896 0
1.57333 0.409789 0
1.57667 0.409682 0
1.58 0.409575 0
1.58333 0.409469 0
1.58667 0.409363 0
1.59 0.409256 0
1.59333 0.40915 0
1.59667 0.409043 0
1.6 0.408936 0
1.60333 0.408831 0
1.60667 0.408724 0
1.61 0.408617 0
1.61333 0.408511 0
1.61667 0.408404 0
1.62 0.408297 0
1.625 0.408137 0
1.63 0.407976 0
1.635 0.407816 0
1.64 0.407656 0
1.645 0.407496 0
1.65 0.407336 0
1.655 0.407176 0
1.66 0.407017 0
1.665 0.406857 0
1.67 0.406697 0
1.675 0.406537 0
1.68 0.406377 0
1.685 0.406218 0
1.69 0.406059 0
1.695 0.405899 0
1.7 0.40574 0
1.705 0.405582 0
1.71 0.405422 0
1.715 0.405264 0
1.72 0.405105 0
1.725 0.404947 0
1.73 0.404788 0
1.735 0.40463 0
1.74 0.404472 0
1.745 0.404315 0
1.75 0.404157 0
1.755 0.404 0
1.76 0.403843 0
1.765 0.403685 0
1.77 0.403527 0
1.775 0.40337 0
1.78 0.403214 0
1.785 0.403059 0
1.79 0.402903 0
1.795 0.402748 0
1.8 0.402592 0
1.805 0.402437 0
1.81 0.402282 0
1.815 0.402127 0
1.82 0.401973 0
1.825 0.40182 0
1.83 0.401667 0
1.835 0.401514 0
1.84 0.401361 0
1.845 0.401208 0
1.85 0.401056 0
1.855 0.400905 0
1.86 0.400753 0
1.865 0.400602 0
1.87 0.400452 0
1.875 0.400302 0
1.88 0.400153 0
1.885 0.400003 0
1.89 0.399853 0
1.895 0.399704 0
1.9 0.399556 0
1.905 0.399407 0
1.91 0.399259 0
1.915 0.399113 0
1.92 0.398966 0
1.925 0.39882 0
1.93 0.398674 0
1.935 0.398529 0
1.94 0.398384 0
1.945 0.398239 0
1.95 0.398095 0
1.955 0.397951 0
1.96 0.397808 0
1.965 0.397666 0
1.97 0.397523 0
1.975 0.397382 0
1.98 0.397241 0
1.985 0.3971 0
1.99 0.39696 0
1.995 0.39682 0
2 0.39668 0
2.005 0.396541 0
2.01 0.396403 0
2.015 0.396266 0
2.02 0.396128 0
2.025 0.39599 0
2.03 0.395854 0
2.035 0.395718 0
2.04 0.395583 0
2.045 0.395447 0
2.05 0.395313 0
2.055 0.395179 0
2.06 0.395045 0
2.065 0.394913 0
2.07 0.39478 0
2.075 0.394648 0
2.08 0.394516 0
2.085 0.394383 0
2.09 0.394253 0
2.095 0.394121 0
2.1 0.393991 0
2.105 0.393862 0
2.11 0.393731 0
2.115 0.393603 0
2.12 0.393475 0
2.125 0.393346 0
2.13 0.393219 0
2.135 0.393092 0
2.14 0.392965 0
2.145 0.392837 0
2.15 0.392711 0
2.155 0.392586 0
2.16 0.39246 0
2.165 0.392335 0
2.17 0.392209 0
2.175 0.392086 0
2.18 0.391962 0
2.185 0.391839 0
2.19 0.391715 0
2.195 0.391592 0
2.2 0.391469 0
2.205 0.391345 0
2.21 0.391223 0
2.215 0.391101 0
2.22 0.390979 0
2.225 0.390858 0
2.23 0.390737 0
2.235 0.390615 0
2.24 0.390493 0
2.245 0.390372 0
2.25 0.390252 0
2.255 0.390131 0
2.26 0.39001 0
2.265 0.38989 0
2.27 0.38977 0
2.275 0.38965 0
2.28 0.38953 0
2.285 0.389411 0
2.29 0.389292 0
2.295 0.389173 0
2.3 0.389054 0
2.305 0.388934 0
2.31 0.388815 0
2.315 0.388696 0
2.32 0.388577 0
2.325 0.388458 0
2.33 0.388339 0
2.335 0.388221 0
2.34 0.388103 0
2.345 0.387985 0
2.35 0.387866 0
2.355 0.387749 0
2.36 0.38763 0
2.365 0.387511 0
2.37 0.387392 0
2.375 0.387273 0
2.38 0.387154 0
2.385 0.387036 0
2.39 0.386918 0
2.395 0.386799 0
2.4 0.386682 0
2.405 0.386564 0
2.41 0.386445 0
2.415 0.386326 0
2.42 0.386207 0
2.425 0.386087 0
2.43 0.385967 0
2.435 0.385849 0
2.44 0.38573 0
2.445 0.38561 0
2.45 0.385491 0
2.455 0.385372 0
2.46 0.385253 0
2.465 0.385134 0
2.47 0.385014 0
2.475 0.384895 0
2.48 0.384775 0
2.485 0.384655 0
2.49 0.384535 0
2.495 0.384415 0
2.5 0.384295 0
2.505 0.384175 0
2.51 0.384055 0
2.515 0.383935 0
2.52 0.383815 0
2.525 0.383695 0
2.53 0.383575 0
2.535 0.383455 0
2.54 0.383335 0
2.545 0.383214 0
2.55 0.383093 0
2.555 0.382972 0
2.56 0.38285 0
2.565 0.38273 0
2.57 0.382609 0
2.575 0.382487 0
2.58 0.382366 0
2.585 0.382245 0
2.59 0.382123 0
2.595 0.382002 0
2.6 0.38188 0
2.605 0.381758 0
2.61 0.381634 0
2.615 0.381512 0
2.62 0.38139 0
2.625 0.381269 0
2.63 0.381146 0
2.635 0.381024 0
2.64 0.380901 0
2.645 0.380779 0
2.65 0.380657 0
2.655 0.380535 0
2.66 0.380413 0
2.665 0.380291 0
2.67 0.380168 0
2.675 0.380045 0
2.68 0.379922 0
2.685 0.3798 0
2.69 0.379677 0
2.695 0.379554 0
2.7 0.379431 0
2.705 0.379309 0
2.71 0.379187 0
2.715 0.379064 0
2.72 0.378941 0
2.725 0.378819 0
2.73 0.378697 0
2.735 0.378574 0
2.74 0.378452 0
2.745 0.37833 0
2.75 0.378208 0
2.755 0.378085 0
2.76 0.377962 0
2.765 0.377841 0
2.77 0.377719 0
2.775 0.377597 0
2.78 0.377475 0
2.785 0.377353 0
2.79 0.377231 0
2.795 0.377109 0
2.8 0.376987 0
2.805 0.376866 0
2.81 0.376745 0
2.815 0.376624 0
2.82 0.376502 0
2.825 0.376381 0
2.83 0.37626 0
2.835 0.376139 0
2.84 0.376019 0
2.845 0.375898 0
2.85 0.375778 0
2.855 0.375659 0
2.86 0.375538 0
2.865 0.375419 0
2.87 0.375299 0
2.875 0.37518 0
2.88 0.375061 0
2.885 0.374942 0
2.89 0.374823 0
2.895 0.374705 0
2.9 0.374587 0
2.905 0.374469 0
2.91 0.374352 0
2.915 0.374235 0
2.92 0.374118 0
2.925 0.374001 0
2.93 0.373884 0
2.935 0.373768 0
2.94 0.373652 0
2.945 0.373536 0
2.95 0.37342 0
2.955 0.373305 0
2.96 0.373189 0
2.965 0.373075 0
2.97 0.37296 0
2.975 0.372846 0
2.98 0.372732 0
2.985 0.372619 0
2.99 0.372505 0
2.995 0.372392 0
3 0.372278 0
3.005 0.372166 0
3.01 0.372055 0
3.015 0.371943 0
3.02 0.37183 0
3.025 0.371719 0
3.03 0.371608 0
3.035 0.371497 0
3.04 0.371386 0
3.045 0.371276 0
3.05 0.371166 0
3.055 0.371056 0
3.06 0.370945 0
3.065 0.370836 0
3.07 0.370727 0
3.075 0.370618 0
3.08 0.370509 0
3.085 0.370401 0
3.09 0.370293 0
3.095 0.370185 0
3.1 0.370077 0
3.105 0.369971 0
3.11 0.369863 0
3.115 0.369757 0
3.12 0.36965 0
3.125 0.369544 0
3.13 0.369438 0
3.135 0.369332 0
3.14 0.369227 0
3.145 0.369122 0
3.15 0.369017 0
3.155 0.368912 0
3.16 0.368807 0
3.165 0.368703 0
3.17 0.368598 0
3.175 0.368494 0
3.18 0.368391 0
3.185 0.368287 0
3.19 0.368184 0
3.195 0.368081 0
3.2 0.367978 0
3.205 0.367875 0
3.21 0.367773 0
3.215 0.36767 0
3.22 0.367567 0
3.225 0.367465 0
3.23 0.367363 0
3.235 0.367261 0
3.24 0.367159 0
3.245 0.367058 0
3.25 0.366957 0
3.255 0.366855 0
3.26 0.366754 0
3.265 0.366653 0
3.27 0.366553 0
3.275 0.366451 0
3.28 0.36635 0
3.285 0.366249 0
3.29 0.366148 0
3.295 0.366048 0
3.3 0.365948 0
3.305 0.365848 0
3.31 0.365748 0
3.315 0.365647 0
3.32 0.365546 0
3.325 0.365446 0
3.33 0.365346 0
3.335 0.365248 0
3.34 0.365147 0
3.345 0.365047 0
3.35 0.364945 0
3.355 0.364845 0
3.36 0.364743 0
3.365 0.364642 0
3.37 0.364542 0
3.375 0.364441 0
3.38 0.364341 0
3.385 0.364242 0
3.39 0.364142 0
3.395 0.364042 0
3.4 0.36394 0
3.405 0.363839 0
3.41 0.363739 0
3.415 0.363639 0
3.42 0.363539 0
3.425 0.363439 0
3.43 0.363339 0
3.435 0.363238 0
3.44 0.363138 0
3.445 0.363037 0
3.45 0.362936 0
3.455 0.362835 0
3.46 0.362734 0
3.465 0.362633 0
3.47 0.362532 0
3.475 0.362431 0
3.48 0.362331 0
3.485 0.36223 0
3.49 0.362129 0
3.495 0.362028 0
3.5 0.361928 0
3.505 0.361827 0
3.51 0.361726 0
3.515 0.361625 0
3.52 0.361524 0
3.525 0.361422 0
3.53 0.361321 0
3.535 0.361219 0
3.54 0.361117 0
3.545 0.361016 0
3.55 0.360915 0
3.555 0.360813 0
3.56 0.360712 0
3.565 0.36061 0
3.57 0.360508 0
3.575 0.360407 0
3.58 0.360305 0
3.585 0.360203 0
3.59 0.360101 0
3.595 0.359999 0
3.6 0.359898 0
3.605 0.359796 0
3.61 0.359695 0
3.615 0.359593 0
3.62 0.359492 0
3.625 0.359391 0
3.63 0.359288 0
3.635 0.359186 0
3.64 0.359084 0
3.645 0.358982 0
3.65 0.35888 0
3.655 0.358779 0
3.66 0.358677 0
3.665 0.358576 0
3.67 0.358475 0
3.675 0.358373 0
3.68 0.358271 0
3.685 0.358169 0
3.69 0.358067 0
3.695 0.357966 0
3.7 0.357864 0
3.705 0.357763 0
3.71 0.357661 0
3.715 0.357559 0
3.72 0.357459 0
3.725 0.357357 0
3.73 0.357256 0
3.735 0.357155 0
3.74 0.357055 0
3.745 0.356954 0
3.75 0.356853 0
3.755 0.356752 0
3.76 0.356651 0
3.765 0.356551 0
3.77 0.35645 0
3.775 0.35635 0
3.78 0.35625 0
3.785 0.35615 0
3.79 0.35605 0
3.795 0.35595 0
3.8 0.355851 0
3.805 0.355751 0
3.81 0.355652 0
3.815 0.355553 0
3.82 0.355455 0
3.825 0.355355 0
3.83 0.355256 0
3.835 0.355158 0
3.84 0.355059 0
3.845 0.354961 0
3.85 0.354863 0
3.855 0.354765 0
3.86 0.354667 0
3.865 0.354568 0
3.87 0.35447 0
3.875 0.354372 0
3.88 0.354274 0
3.885 0.354177 0
3.89 0.354079 0
3.895 0.353981 0
3.9 0.353884 0
3.905 0.353788 0
3.91 0.353691 0
3.915 0.353594 0
3.92 0.353497 0
3.925 0.353401 0
3.93 0.353305 0
3.935 0.353208 0
3.94 0.353112 0
3.945 0.353016 0
3.95 0.35292 0
3.955 0.352824 0
3.96 0.352729 0
3.965 0.352633 0
3.97 0.352538 0
3.975 0.352442 0
3.98 0.352347 0
3.985 0.352252 0
3.99 0.352157 0
3.995 0.352063 0
4 0.351969 0
4.005 0.351875 0
4.01 0.351781 0
4.015 0.351688 0
4.02 0.351595 0
4.025 0.351501 0
4.03 0.351408 0
4.035 0.351315 0
4.04 0.351222 0
4.045 0.351129 0
4.05 0.351036 0
4.055 0.350945 0
4.06 0.350852 0
4.065 0.35076 0
4.07 0.350668 0
4.075 0.350576 0
4.08 0.350485 0
4.085 0.350393 0
4.09 0.350302 0
4.095 0.35021 0
4.1 0.350119 0
4.105 0.350028 0
4.11 0.349937 0
4.115 0.349846 0
4.12 0.349755 0
4.125 0.349665 0
4.13 0.349575 0
4.135 0.349484 0
4.14 0.349394 0
4.145 0.349304 0
4.15 0.349214 0
4.155 0.349124 0
4.16 0.349035 0
4.165 0.348945 0
4.17 0.348855 0
4.175 0.348765 0
4.18 0.348676 0
4.185 0.348587 0
4.19 0.348498 0
4.195 0.348408 0
4.2 0.348319 0
4.205 0.348231 0
4.21 0.348142 0
4.215 0.348054 0
4.22 0.347965 0
4.225 0.347877 0
4.23 0.347788 0
4.235 0.3477 0
4.24 0.347612 0
4.245 0.347524 0
4.25 0.347437 0
4.255 0.347349 0
4.26 0.347261 0
4.265 0.347174 0
4.27 0.347086 0
4.275 0.346999 0
4.28 0.346912 0
4.285 0.346824 0
4.29 0.346737 0
4.295 0.346649 0
4.3 0.346562 0
4.305 0.346475 0
4.31 0.346388 0
4.315 0.346301 0
4.32 0.346213 0
4.325 0.346126 0
4.33 0.346039 0
4.335 0.345952 0
4.34 0.345865 0
4.345 0.345778 0
4.35 0.345691 0
4.355 0.345605 0
4.36 0.345518 0
4.365 0.345432 0
4.37 0.345345 0
4.375 0.345258 0
4.38 0.345171 0
4.385 0.345084 0
4.39 0.344998 0
4.395 0.344911 0
4.4 0.344824 0
4.405 0.344738 0
4.41 0.344651 0
4.415 0.344564 0
4.42 0.344478 0
4.425 0.344391 0
4.43 0.344305 0
4.435 0.344218 0
4.44 0.344132 0
4.445 0.344045 0
4.45 0.343958 0
4.455 0.343872 0
4.46 0.343785 0
4.465 0.343698 0
4.47 0.34361 0
4.475 0.343523 0
4.48 0.343437 0
4.485 0.343349 0
4.49 0.343263 0
4.495 0.343176 0
4.5 0.34309 0
4.505 0.343002 0
4.51 0.342916 0
4.515 0.342829 0
4.52 0.342742 0
4.525 0.342655 0
4.53 0.342568 0
4.535 0.34248 0
4.54 0.342392 0
4.545 0.342305 0
4.55 0.342218 0
4.555 0.342131 0
4.56 0.342044 0
4.565 0.341957 0
4.57 0.34187 0
4.575 0.341783 0
4.58 0.341696 0
4.585 0.341608 0
4.59 0.341521 0
4.595 0.341433 0
4.6 0.341346 0
4.605 0.341259 0
4.61 0.341172 0
4.615 0.341085 0
4.62 0.340998 0
4.625 0.340911 0
4.63 0.340825 0
4.635 0.340738 0
4.64 0.340651 0
4.645 0.340565 0
4.65 0.340478 0
4.655 0.340392 0
4.66 0.340305 0
4.665 0.340219 0
4.67 0.340132 0
4.675 0.340045 0
4.68 0.339959 0
4.685 0.339872 0
4.69 0.339786 0
4.695 0.3397 0
4.7 0.339613 0
4.705 0.339527 0
4.71 0.339441 0
4.715 0.339355 0
4.72 0.339268 0
4.725 0.339182 0
4.73 0.339096 0
4.735 0.339011 0
4.74 0.338925 0
4.745 0.338839 0
4.75 0.338754 0
4.755 0.338667 0
4.76 0.338582 0
4.765 0.338496 0
4.77 0.33841 0
4.775 0.338325 0
4.78 0.33824 0
4.785 0.338155 0
4.79 0.33807 0
4.795 0.337985 0
4.8 0.337901 0
4.805 0.337816 0
4.81 0.337732 0
4.815 0.337648 0
4.82 0.337563 0
4.825 0.337479 0
4.83 0.337395 0
4.835 0.337311 0
4.84 0.337227 0
4.845 0.337143 0
4.85 0.337059 0
4.855 0.336976 0
4.86 0.336893 0
4.865 0.336809 0
4.87 0.336726 0
4.875 0.336643 0
4.88 0.33656 0
4.885 0.336478 0
4.89 0.336395 0
4.895 0.336312 0
4.9 0.33623 0
4.905 0.336147 0
4.91 0.336065 0
4.915 0.335982 0
4.92 0.3359 0
4.925 0.335818 0
4.93 0.335736 0
4.935 0.335655 0
4.94 0.335573 0
4.945 0.335491 0
4.95 0.33541 0
4.955 0.335328 0
4.96 0.335247 0
4.965 0.335166 0
4.97 0.335085 0
4.975 0.335004 0
4.98 0.334923 0
4.985 0.334842 0
4.99 0.334761 0
4.995 0.334681 0
5 0.3346 0
