t ke gpe 
0 0.0530271 0
0.00103078 0.0533232 0
0.00327309 0.0538801 0
0.00551539 0.054399 0
0.0077577 0.0548761 0
0.01 0.0553126 0
0.0133333 0.0558843 0
0.0166667 0.0563915 0
0.02 0.0568457 0
0.025 0.0574385 0
0.03 0.0579638 0
0.035 0.0584384 0
0.04 0.0588746 0
0.045 0.0592777 0
0.05 0.0596555 0
0.055 0.0600098 0
0.06 0.0603457 0
0.065 0.060666 0
0.07 0.0609725 0
0.075 0.0612672 0
0.08 0.0615506 0
0.085 0.0618247 0
0.09 0.0620898 0
0.095 0.062347 0
0.1 0.0625968 0
0.105 0.0628398 0
0.11 0.0630769 0
0.115 0.0633081 0
0.12 0.0635348 0
0.125 0.063756 0
0.13 0.0639728 0
0.135 0.0641847 0
0.14 0.0643927 0
0.145 0.0645964 0
0.15 0.0647971 0
0.155 0.0649937 0
0.16 0.065187 0
0.165 0.0653766 0
0.17 0.0655632 0
0.175 0.0657471 0
0.18 0.0659276 0
0.185 0.0661056 0
0.19 0.066281 0
0.195 0.066454 0
0.2 0.0666243 0
0.205 0.0667922 0
0.21 0.066958 0
0.215 0.0671219 0
0.22 0.0672833 0
0.225 0.0674426 0
0.23 0.0675998 0
0.235 0.0677553 0
0.24 0.0679088 0
0.245 0.0680606 0
0.25 0.0682108 0
0.255 0.0683594 0
0.26 0.0685063 0
0.265 0.0686514 0
0.27 0.0687951 0
0.275 0.0689369 0
0.28 0.0690772 0
0.285 0.0692162 0
0.29 0.0693539 0
0.295 0.0694902 0
0.3 0.0696252 0
0.305 0.0697588 0
0.31 0.0698914 0
0.315 0.0700226 0
0.32 0.0701524 0
0.325 0.0702811 0
0.33 0.0704085 0
0.335 0.0705348 0
0.34 0.0706602 0
0.345 0.0707844 0
0.35 0.0709078 0
0.355 0.07103 0
0.36 0.0711512 0
0.365 0.0712714 0
0.37 0.0713907 0
0.375 0.0715087 0
0.38 0.0716261 0
0.385 0.0717424 0
0.39 0.0718579 0
0.395 0.0719725 0
0.4 0.0720866 0
0.405 0.0721994 0
0.41 0.0723116 0
0.415 0.0724227 0
0.42 0.0725332 0
0.425 0.072643 0
0.43 0.072752 0
0.435 0.0728602 0
0.44 0.0729674 0
0.445 0.0730744 0
0.45 0.0731807 0
0.455 0.0732862 0
0.46 0.0733909 0
0.465 0.0734951 0
0.47 0.0735985 0
0.475 0.0737011 0
0.48 0.073803 0
0.485 0.0739045 0
0.49 0.0740052 0
0.495 0.0741052 0
0.5 0.0742047 0
0.505 0.0743036 0
0.51 0.0744018 0
0.515 0.0744995 0
0.52 0.0745967 0
0.525 0.0746938 0
0.53 0.0747898 0
0.535 0.0748853 0
0.54 0.0749803 0
0.545 0.0750751 0
0.55 0.0751692 0
0.555 0.0752624 0
0.56 0.0753555 0
0.565 0.075448 0
0.57 0.07554 0
0.575 0.0756313 0
0.58 0.0757222 0
0.585 0.0758128 0
0.59 0.0759029 0
0.595 0.0759926 0
0.6 0.0760818 0
0.605 0.0761704 0
0.61 0.0762588 0
0.615 0.0763465 0
0.62 0.0764342 0
0.625 0.0765212 0
0.63 0.0766079 0
0.635 0.0766943 0
0.64 0.0767801 0
0.645 0.0768655 0
0.65 0.0769506 0
0.655 0.0770352 0
0.66 0.0771197 0
0.665 0.0772036 0
0.67 0.0772869 0
0.675 0.0773703 0
0.68 0.0774533 0
0.685 0.0775357 0
0.69 0.0776177 0
0.695 0.0776997 0
0.7 0.0777813 0
0.705 0.0778624 0
0.71 0.0779431 0
0.715 0.078024 0
0.72 0.0781043 0
0.725 0.0781843 0
0.73 0.078264 0
0.735 0.0783435 0
0.74 0.0784227 0
0.745 0.0785019 0
0.75 0.0785804 0
0.755 0.0786589 0
0.76 0.078737 0
0.765 0.0788149 0
0.77 0.0788926 0
0.775 0.07897 0
0.78 0.0790471 0
0.785 0.0791241 0
0.79 0.0792008 0
0.795 0.0792777 0
0.8 0.079354 0
0.805 0.0794301 0
0.81 0.0795062 0
0.815 0.0795818 0
0.82 0.0796573 0
0.825 0.0797324 0
0.83 0.0798078 0
0.835 0.0798826 0
0.84 0.0799576 0
0.845 0.0800321 0
0.85 0.0801063 0
0.855 0.0801809 0
0.86 0.0802549 0
0.865 0.0803287 0
0.87 0.0804024 0
0.875 0.0804762 0
0.88 0.0805503 0
0.885 0.0806235 0
0.89 0.0806965 0
0.895 0.0807693 0
0.9 0.0808419 0
0.905 0.0809143 0
0.91 0.0809867 0
0.915 0.0810588 0
0.92 0.0811308 0
0.925 0.0812028 0
0.93 0.0812746 0
0.935 0.0813461 0
0.94 0.0814177 0
0.945 0.0814888 0
0.95 0.0815599 0
0.955 0.081631 0
0.96 0.0817018 0
0.965 0.0817722 0
0.97 0.0818425 0
0.975 0.0819129 0
0.98 0.0819829 0
0.985 0.0820529 0
0.99 0.0821226 0
0.995 0.0821923 0
1 0.0822618 0
1.005 0.082331 0
1.01 0.0824002 0
1.015 0.082469 0
1.02 0.0825384 0
1.025 0.082607 0
1.03 0.0826753 0
1.035 0.0827437 0
1.04 0.0828116 0
1.045 0.0828794 0
1.05 0.0829472 0
1.055 0.0830147 0
1.06 0.0830824 0
1.065 0.0831501 0
1.07 0.083217 0
1.075 0.0832839 0
1.08 0.0833513 0
1.085 0.0834179 0
1.09 0.0834843 0
1.095 0.0835506 0
1.1 0.0836168 0
1.105 0.0836827 0
1.11 0.0837484 0
1.115 0.083814 0
1.12 0.0838793 0
1.125 0.0839444 0
1.13 0.0840096 0
1.135 0.0840742 0
1.14 0.0841392 0
1.145 0.0842038 0
1.15 0.0842683 0
1.155 0.0843323 0
1.16 0.0843964 0
1.165 0.0844604 0
1.17 0.0845242 0
1.175 0.0845879 0
1.18 0.084652 0
1.185 0.0847152 0
1.19 0.0847782 0
1.195 0.0848417 0
1.2 0.0849047 0
1.205 0.0849675 0
1.21 0.0850303 0
1.215 0.0850926 0
1.22 0.085155 0
1.225 0.0852173 0
1.23 0.0852794 0
1.235 0.0853413 0
1.24 0.0854028 0
1.245 0.085464 0
1.25 0.0855254 0
1.255 0.0855868 0
1.26 0.0856474 0
1.265 0.0857086 0
1.27 0.0857692 0
1.275 0.0858295 0
1.28 0.0858901 0
1.285 0.0859501 0
1.29 0.0860103 0
1.295 0.08607 0
1.3 0.0861298 0
1.305 0.0861896 0
1.31 0.0862489 0
1.315 0.0863083 0
1.32 0.0863677 0
1.325 0.0864267 0
1.33 0.0864857 0
1.335 0.0865444 0
1.34 0.0866029 0
1.345 0.0866612 0
1.35 0.0867196 0
1.355 0.086778 0
1.36 0.0868358 0
1.365 0.0868937 0
1.37 0.0869517 0
1.375 0.0870094 0
1.38 0.0870666 0
1.385 0.0871239 0
1.39 0.0871813 0
1.395 0.0872382 0
1.4 0.0872952 0
1.405 0.0873521 0
1.41 0.0874087 0
1.415 0.0874652 0
1.42 0.0875212 0
1.425 0.0875781 0
1.43 0.087634 0
1.435 0.0876896 0
1.44 0.0877452 0
1.445 0.087801 0
1.45 0.0878561 0
1.455 0.0879114 0
1.46 0.0879662 0
1.465 0.0880212 0
1.47 0.088076 0
1.475 0.0881305 0
1.48 0.0881847 0
1.485 0.0882391 0
1.49 0.0882931 0
1.495 0.0883472 0
1.5 0.0884012 0
1.505 0.0884552 0
1.51 0.0885085 0
1.515 0.0885619 0
1.52 0.088615 0
1.525 0.0886679 0
1.53 0.0887206 0
1.535 0.0887734 0
1.54 0.0888257 0
1.545 0.0888784 0
1.55 0.0889305 0
1.555 0.0889822 0
1.56 0.0890341 0
1.565 0.0890863 0
1.57 0.0891373 0
1.575 0.0891886 0
1.58 0.0892399 0
1.585 0.0892908 0
1.59 0.0893417 0
1.595 0.0893923 0
1.6 0.0894427 0
1.605 0.0894933 0
1.61 0.0895432 0
1.615 0.0895931 0
1.62 0.0896432 0
1.625 0.0896932 0
1.63 0.0897427 0
1.635 0.089792 0
1.64 0.0898411 0
1.645 0.0898899 0
1.65 0.0899388 0
1.655 0.0899874 0
1.66 0.090036 0
1.665 0.0900844 0
1.67 0.0901327 0
1.675 0.0901803 0
1.68 0.090228 0
1.685 0.0902763 0
1.69 0.0903236 0
1.695 0.0903705 0
1.7 0.0904178 0
1.705 0.0904647 0
1.71 0.0905115 0
1.715 0.0905581 0
1.72 0.0906046 0
1.725 0.0906507 0
1.73 0.0906974 0
1.735 0.0907436 0
1.74 0.0907891 0
1.745 0.0908349 0
1.75 0.0908808 0
1.755 0.0909258 0
1.76 0.0909709 0
1.765 0.091016 0
1.77 0.0910607 0
1.775 0.0911056 0
1.78 0.0911504 0
1.785 0.0911948 0
1.79 0.0912391 0
1.795 0.0912834 0
1.8 0.0913272 0
1.805 0.0913711 0
1.81 0.0914146 0
1.815 0.0914578 0
1.82 0.0915012 0
1.825 0.0915444 0
1.83 0.0915875 0
1.835 0.0916304 0
1.84 0.091673 0
1.845 0.0917154 0
1.85 0.0917581 0
1.855 0.0918008 0
1.86 0.0918429 0
1.865 0.0918849 0
1.87 0.0919267 0
1.875 0.0919682 0
1.88 0.09201 0
1.885 0.0920516 0
1.89 0.0920928 0
1.895 0.0921344 0
1.9 0.0921757 0
1.905 0.0922167 0
1.91 0.0922576 0
1.915 0.0922986 0
1.92 0.0923395 0
1.925 0.0923803 0
1.93 0.0924206 0
1.935 0.0924612 0
1.94 0.0925016 0
1.945 0.0925417 0
1.95 0.0925817 0
1.955 0.0926217 0
1.96 0.0926616 0
1.965 0.0927012 0
1.97 0.0927409 0
1.975 0.0927806 0
1.98 0.0928201 0
1.985 0.0928597 0
1.99 0.0928989 0
1.995 0.0929381 0
2 0.0929776 0
2.005 0.0930167 0
2.01 0.0930556 0
2.015 0.0930946 0
2.02 0.0931334 0
2.025 0.0931719 0
2.03 0.0932104 0
2.035 0.093249 0
2.04 0.0932872 0
2.045 0.0933256 0
2.05 0.0933637 0
2.055 0.0934017 0
2.06 0.0934397 0
2.065 0.0934775 0
2.07 0.0935154 0
2.075 0.0935532 0
2.08 0.093591 0
2.085 0.0936287 0
2.09 0.0936663 0
2.095 0.0937037 0
2.1 0.0937414 0
2.105 0.0937786 0
2.11 0.0938159 0
2.115 0.093853 0
2.12 0.0938899 0
2.125 0.093927 0
2.13 0.0939638 0
2.135 0.0940005 0
2.14 0.0940371 0
2.145 0.0940738 0
2.15 0.0941105 0
2.155 0.0941472 0
2.16 0.0941837 0
2.165 0.09422 0
2.17 0.0942567 0
2.175 0.094293 0
2.18 0.094329 0
2.185 0.0943655 0
2.19 0.0944019 0
2.195 0.0944381 0
2.2 0.0944744 0
2.205 0.0945107 0
2.21 0.0945469 0
2.215 0.0945826 0
2.22 0.0946187 0
2.225 0.0946546 0
2.23 0.0946908 0
2.235 0.0947268 0
2.24 0.0947626 0
2.245 0.0947985 0
2.25 0.0948345 0
2.255 0.0948698 0
2.26 0.0949058 0
2.265 0.0949415 0
2.27 0.0949772 0
2.275 0.0950132 0
2.28 0.0950491 0
2.285 0.0950846 0
2.29 0.0951205 0
2.295 0.0951555 0
2.3 0.0951909 0
2.305 0.0952264 0
2.31 0.0952617 0
2.315 0.0952962 0
2.32 0.0953322 0
2.325 0.0953676 0
2.33 0.0954032 0
2.335 0.0954386 0
2.34 0.0954737 0
2.345 0.0955087 0
2.35 0.0955439 0
2.355 0.0955783 0
2.36 0.0956132 0
2.365 0.0956483 0
2.37 0.0956833 0
2.375 0.0957184 0
2.38 0.0957526 0
2.385 0.0957869 0
2.39 0.0958221 0
2.395 0.0958571 0
2.4 0.0958916 0
2.405 0.0959266 0
2.41 0.0959611 0
2.415 0.0959958 0
2.42 0.0960296 0
2.425 0.0960644 0
2.43 0.096099 0
2.435 0.0961341 0
2.44 0.0961684 0
2.445 0.0962022 0
2.45 0.0962361 0
2.455 0.0962703 0
2.46 0.0963047 0
2.465 0.096339 0
2.47 0.096373 0
2.475 0.0964072 0
2.48 0.0964412 0
2.485 0.0964742 0
2.49 0.0965082 0
2.495 0.0965425 0
2.5 0.0965763 0
2.505 0.0966101 0
2.51 0.0966428 0
2.515 0.0966765 0
2.52 0.09671 0
2.525 0.0967435 0
2.53 0.096777 0
2.535 0.0968109 0
2.54 0.0968443 0
2.545 0.0968776 0
2.55 0.0969106 0
2.555 0.0969438 0
2.56 0.0969767 0
2.565 0.0970102 0
2.57 0.0970436 0
2.575 0.0970762 0
2.58 0.0971093 0
2.585 0.0971422 0
2.59 0.0971753 0
2.595 0.0972087 0
2.6 0.0972417 0
2.605 0.0972747 0
2.61 0.0973074 0
2.615 0.0973399 0
2.62 0.0973724 0
2.625 0.0974054 0
2.63 0.0974384 0
2.635 0.097471 0
2.64 0.0975034 0
2.645 0.0975363 0
2.65 0.0975684 0
2.655 0.0976006 0
2.66 0.0976334 0
2.665 0.0976661 0
2.67 0.0976987 0
2.675 0.0977312 0
2.68 0.0977635 0
2.685 0.0977953 0
2.69 0.0978277 0
2.695 0.0978605 0
2.7 0.0978931 0
2.705 0.097925 0
2.71 0.0979568 0
2.715 0.0979886 0
2.72 0.0980207 0
2.725 0.0980532 0
2.73 0.0980856 0
2.735 0.0981178 0
2.74 0.0981502 0
2.745 0.0981818 0
2.75 0.0982135 0
2.755 0.0982451 0
2.76 0.0982774 0
2.765 0.0983094 0
2.77 0.0983411 0
2.775 0.0983727 0
2.78 0.0984046 0
2.785 0.0984365 0
2.79 0.0984686 0
2.795 0.0985005 0
2.8 0.0985325 0
2.805 0.0985638 0
2.81 0.0985951 0
2.815 0.0986271 0
2.82 0.0986586 0
2.825 0.0986906 0
2.83 0.0987218 0
2.835 0.0987535 0
2.84 0.0987849 0
2.845 0.0988169 0
2.85 0.0988486 0
2.855 0.0988805 0
2.86 0.0989126 0
2.865 0.0989443 0
2.87 0.0989754 0
2.875 0.0990072 0
2.88 0.099039 0
2.885 0.0990703 0
2.89 0.0991022 0
2.895 0.0991333 0
2.9 0.0991649 0
2.905 0.0991966 0
2.91 0.0992282 0
2.915 0.0992599 0
2.92 0.0992915 0
2.925 0.0993229 0
2.93 0.0993546 0
2.935 0.0993859 0
2.94 0.0994173 0
2.945 0.099449 0
2.95 0.0994806 0
2.955 0.0995121 0
2.96 0.0995432 0
2.965 0.0995747 0
2.97 0.0996064 0
2.975 0.0996381 0
2.98 0.0996695 0
2.985 0.0997008 0
2.99 0.0997323 0
2.995 0.0997633 0
3 0.0997948 0
3.005 0.0998261 0
3.01 0.0998577 0
3.015 0.0998889 0
3.02 0.0999198 0
3.025 0.0999512 0
3.03 0.0999828 0
3.035 0.100014 0
3.04 0.100045 0
3.045 0.100076 0
3.05 0.100108 0
3.055 0.100139 0
3.06 0.10017 0
3.065 0.100201 0
3.07 0.100232 0
3.075 0.100263 0
3.08 0.100294 0
3.085 0.100325 0
3.09 0.100356 0
3.095 0.100387 0
3.1 0.100418 0
3.105 0.100449 0
3.11 0.10048 0
3.115 0.100511 0
3.12 0.100541 0
3.125 0.100572 0
3.13 0.100603 0
3.135 0.100634 0
3.14 0.100665 0
3.145 0.100695 0
3.15 0.100726 0
3.155 0.100757 0
3.16 0.100787 0
3.165 0.100818 0
3.17 0.100849 0
3.175 0.100879 0
3.18 0.10091 0
3.185 0.100941 0
3.19 0.100971 0
3.195 0.101002 0
3.2 0.101032 0
3.205 0.101062 0
3.21 0.101093 0
3.215 0.101123 0
3.22 0.101154 0
3.225 0.101184 0
3.23 0.101214 0
3.235 0.101245 0
3.24 0.101275 0
3.245 0.101306 0
3.25 0.101335 0
3.255 0.101366 0
3.26 0.101396 0
3.265 0.101426 0
3.27 0.101456 0
3.275 0.101486 0
3.28 0.101517 0
3.285 0.101547 0
3.29 0.101577 0
3.295 0.101607 0
3.3 0.101637 0
3.305 0.101667 0
3.31 0.101697 0
3.315 0.101727 0
3.32 0.101757 0
3.325 0.101787 0
3.33 0.101817 0
3.335 0.101847 0
3.34 0.101877 0
3.345 0.101907 0
3.35 0.101937 0
3.355 0.101967 0
3.36 0.101997 0
3.365 0.102027 0
3.37 0.102057 0
3.375 0.102087 0
3.38 0.102117 0
3.385 0.102147 0
3.39 0.102176 0
3.395 0.102206 0
3.4 0.102236 0
3.405 0.102266 0
3.41 0.102296 0
3.415 0.102326 0
3.42 0.102355 0
3.425 0.102385 0
3.43 0.102414 0
3.435 0.102444 0
3.44 0.102474 0
3.445 0.102503 0
3.45 0.102533 0
3.455 0.102562 0
3.46 0.102592 0
3.465 0.102622 0
3.47 0.102651 0
3.475 0.102681 0
3.48 0.10271 0
3.485 0.10274 0
3.49 0.10277 0
3.495 0.102799 0
3.5 0.102829 0
3.505 0.102858 0
3.51 0.102887 0
3.515 0.102916 0
3.52 0.102945 0
3.525 0.102974 0
3.53 0.103004 0
3.535 0.103033 0
3.54 0.103062 0
3.545 0.103091 0
3.55 0.103121 0
3.555 0.10315 0
3.56 0.103179 0
3.565 0.103207 0
3.57 0.103237 0
3.575 0.103266 0
3.58 0.103295 0
3.585 0.103323 0
3.59 0.103352 0
3.595 0.103381 0
3.6 0.103409 0
3.605 0.103438 0
3.61 0.103467 0
3.615 0.103496 0
3.62 0.103524 0
3.625 0.103553 0
3.63 0.103582 0
3.635 0.10361 0
3.64 0.103639 0
3.645 0.103667 0
3.65 0.103696 0
3.655 0.103724 0
3.66 0.103753 0
3.665 0.103781 0
3.67 0.10381 0
3.675 0.103838 0
3.68 0.103866 0
3.685 0.103893 0
3.69 0.103923 0
3.695 0.103951 0
3.7 0.103979 0
3.705 0.104007 0
3.71 0.104035 0
3.715 0.104063 0
3.72 0.104092 0
3.725 0.104119 0
3.73 0.104147 0
3.735 0.104175 0
3.74 0.104203 0
3.745 0.104232 0
3.75 0.104259 0
3.755 0.104287 0
3.76 0.104316 0
3.765 0.104344 0
3.77 0.104371 0
3.775 0.104399 0
3.78 0.104427 0
3.785 0.104455 0
3.79 0.104483 0
3.795 0.10451 0
3.8 0.104539 0
3.805 0.104566 0
3.81 0.104594 0
3.815 0.104621 0
3.82 0.104649 0
3.825 0.104677 0
3.83 0.104705 0
3.835 0.104732 0
3.84 0.10476 0
3.845 0.104788 0
3.85 0.104815 0
3.855 0.104842 0
3.86 0.104871 0
3.865 0.104898 0
3.87 0.104925 0
3.875 0.104953 0
3.88 0.104981 0
3.885 0.105008 0
3.89 0.105036 0
3.895 0.105063 0
3.9 0.105091 0
3.905 0.105118 0
3.91 0.105145 0
3.915 0.105173 0
3.92 0.1052 0
3.925 0.105227 0
3.93 0.105255 0
3.935 0.105282 0
3.94 0.105309 0
3.945 0.105337 0
3.95 0.105365 0
3.955 0.105392 0
3.96 0.105419 0
3.965 0.105446 0
3.97 0.105473 0
3.975 0.1055 0
3.98 0.105527 0
3.985 0.105554 0
3.99 0.105581 0
3.995 0.105609 0
4 0.105636 0
4.005 0.105663 0
4.01 0.10569 0
4.015 0.105717 0
4.02 0.105744 0
4.025 0.105771 0
4.03 0.105797 0
4.035 0.105824 0
4.04 0.105851 0
4.045 0.105878 0
4.05 0.105905 0
4.055 0.105931 0
4.06 0.105959 0
4.065 0.105985 0
4.07 0.106012 0
4.075 0.106039 0
4.08 0.106066 0
4.085 0.106092 0
4.09 0.106118 0
4.095 0.106145 0
4.1 0.106171 0
4.105 0.106198 0
4.11 0.106225 0
4.115 0.106251 0
4.12 0.106277 0
4.125 0.106304 0
4.13 0.10633 0
4.135 0.106356 0
4.14 0.106383 0
4.145 0.10641 0
4.15 0.106436 0
4.155 0.106461 0
4.16 0.106488 0
4.165 0.106514 0
4.17 0.10654 0
4.175 0.106566 0
4.18 0.106592 0
4.185 0.106619 0
4.19 0.106645 0
4.195 0.106671 0
4.2 0.106697 0
4.205 0.106723 0
4.21 0.106749 0
4.215 0.106775 0
4.22 0.1068 0
4.225 0.106827 0
4.23 0.106852 0
4.235 0.106878 0
4.24 0.106904 0
4.245 0.106931 0
4.25 0.106957 0
4.255 0.106982 0
4.26 0.107008 0
4.265 0.107034 0
4.27 0.10706 0
4.275 0.107086 0
4.28 0.107111 0
4.285 0.107137 0
4.29 0.107163 0
4.295 0.107189 0
4.3 0.107215 0
4.305 0.10724 0
4.31 0.107265 0
4.315 0.10729 0
4.32 0.107317 0
4.325 0.107342 0
4.33 0.107368 0
4.335 0.107394 0
4.34 0.107419 0
4.345 0.107445 0
4.35 0.107471 0
4.355 0.107496 0
4.36 0.107522 0
4.365 0.107547 0
4.37 0.107573 0
4.375 0.107598 0
4.38 0.107623 0
4.385 0.107649 0
4.39 0.107675 0
4.395 0.1077 0
4.4 0.107725 0
4.405 0.10775 0
4.41 0.107776 0
4.415 0.107802 0
4.42 0.107828 0
4.425 0.107853 0
4.43 0.107878 0
4.435 0.107903 0
4.44 0.107928 0
4.445 0.107953 0
4.45 0.107978 0
4.455 0.108004 0
4.46 0.108029 0
4.465 0.108054 0
4.47 0.10808 0
4.475 0.108105 0
4.48 0.108131 0
4.485 0.108156 0
4.49 0.108181 0
4.495 0.108206 0
4.5 0.108231 0
4.505 0.108255 0
4.51 0.10828 0
4.515 0.108305 0
4.52 0.108331 0
4.525 0.108356 0
4.53 0.108381 0
4.535 0.108405 0
4.54 0.10843 0
4.545 0.108456 0
4.55 0.108481 0
4.555 0.108505 0
4.56 0.10853 0
4.565 0.108555 0
4.57 0.108579 0
4.575 0.108604 0
4.58 0.108629 0
4.585 0.108654 0
4.59 0.108679 0
4.595 0.108703 0
4.6 0.108728 0
4.605 0.108752 0
4.61 0.108777 0
4.615 0.108802 0
4.62 0.108826 0
4.625 0.108851 0
4.63 0.108874 0
4.635 0.108898 0
4.64 0.108923 0
4.645 0.108947 0
4.65 0.108972 0
4.655 0.108997 0
4.66 0.109021 0
4.665 0.109045 0
4.67 0.10907 0
4.675 0.109094 0
4.68 0.109119 0
4.685 0.109143 0
4.69 0.109166 0
4.695 0.10919 0
4.7 0.109215 0
4.705 0.109239 0
4.71 0.109262 0
4.715 0.109287 0
4.72 0.109311 0
4.725 0.109335 0
4.73 0.109359 0
4.735 0.109383 0
4.74 0.109407 0
4.745 0.109431 0
4.75 0.109455 0
4.755 0.10948 0
4.76 0.109504 0
4.765 0.109528 0
4.77 0.109551 0
4.775 0.109576 0
4.78 0.1096 0
4.785 0.109623 0
4.79 0.109648 0
4.795 0.109671 0
4.8 0.109695 0
4.805 0.109719 0
4.81 0.109743 0
4.815 0.109766 0
4.82 0.109791 0
4.825 0.109815 0
4.83 0.109839 0
4.835 0.109862 0
4.84 0.109886 0
4.845 0.10991 0
4.85 0.109934 0
4.855 0.109958 0
4.86 0.109982 0
4.865 0.110005 0
4.87 0.11003 0
4.875 0.110053 0
4.88 0.110077 0
4.885 0.110101 0
4.89 0.110124 0
4.895 0.110148 0
4.9 0.110171 0
4.905 0.110196 0
4.91 0.110219 0
4.915 0.110243 0
4.92 0.110267 0
4.925 0.11029 0
4.93 0.110314 0
4.935 0.110337 0
4.94 0.110361 0
4.945 0.110384 0
4.95 0.110408 0
4.955 0.110431 0
4.96 0.110455 0
4.965 0.110479 0
4.97 0.110502 0
4.975 0.110525 0
4.98 0.110549 0
4.985 0.110573 0
4.99 0.110596 0
4.995 0.110619 0
5 0.110643 0
