-0.452735 -0.443359
-0.45488 -0.439453
-0.445032 -0.455078
-0.438524 -0.462891
-0.441944 -0.458984
-0.445032 -0.455078
-0.441944 -0.458984
-0.450391 -0.447266
-0.447836 -0.451172
-0.450391 -0.447266
-0.452735 -0.443359
-0.468945 -0.400391
-0.469844 -0.396484
-0.470679 -0.392578
-0.471448 -0.388672
-0.472151 -0.384766
-0.472794 -0.380859
-0.473393 -0.376953
-0.472794 -0.380859
-0.460318 -0.427734
-0.461845 -0.423828
-0.456852 -0.435547
-0.458655 -0.431641
-0.456852 -0.435547
-0.460318 -0.427734
-0.464572 -0.416016
-0.46326 -0.419922
-0.464572 -0.416016
-0.465787 -0.412109
-0.466921 -0.408203
-0.467974 -0.404297
-0.468945 -0.400391
-0.431641 -0.46963
-0.423828 -0.475766
-0.427734 -0.47288
-0.427734 -0.47288
-0.423828 -0.475766
-0.408203 -0.484359
-0.419922 -0.478333
-0.416016 -0.480606
-0.416016 -0.480606
-0.412109 -0.48261
-0.408203 -0.484359
-0.435547 -0.465976
-0.438524 -0.462891
-0.431641 -0.46963
-0.404297 -0.485875
-0.400391 -0.487161
-0.396484 -0.488228
-0.396484 -0.488228
-0.392578 -0.48909
-0.388672 -0.489761
-0.384766 -0.490251
-0.380859 -0.490575
-0.376953 -0.490747
-0.473959 -0.373047
-0.474494 -0.369141
-0.475005 -0.365234
-0.475489 -0.361328
-0.476352 -0.353516
-0.47672 -0.349609
-0.477064 -0.345703
-0.475941 -0.357422
-0.476352 -0.353516
-0.47672 -0.349609
-0.477385 -0.341797
-0.477685 -0.337891
-0.477964 -0.333984
-0.478227 -0.330078
-0.478475 -0.326172
-0.478707 -0.322266
-0.478924 -0.318359
-0.479129 -0.314453
-0.479322 -0.310547
-0.479503 -0.306641
-0.479672 -0.302734
-0.47983 -0.298828
-0.479977 -0.294922
-0.480115 -0.291016
-0.480243 -0.287109
-0.480362 -0.283203
-0.480472 -0.279297
-0.480571 -0.275391
-0.480472 -0.279297
-0.480663 -0.271484
-0.480748 -0.267578
-0.480826 -0.263672
-0.480898 -0.259766
-0.480964 -0.255859
-0.481024 -0.251953
-0.373047 -0.490779
-0.369141 -0.490685
-0.365234 -0.490478
-0.361328 -0.490172
-0.357422 -0.489782
-0.353516 -0.489321
-0.349609 -0.488801
-0.345703 -0.488236
-0.345703 -0.488236
-0.341797 -0.48763
-0.337891 -0.486992
-0.333984 -0.48633
-0.330078 -0.485652
-0.326172 -0.484968
-0.322266 -0.484286
-0.322266 -0.484286
-0.318359 -0.483613
-0.314453 -0.482954
-0.310547 -0.482316
-0.306641 -0.481702
-0.302734 -0.481122
-0.298828 -0.480579
-0.298828 -0.480579
-0.294922 -0.480079
-0.291016 -0.479623
-0.287109 -0.479218
-0.283203 -0.47887
-0.279297 -0.478583
-0.275391 -0.478357
-0.271484 -0.478198
-0.267578 -0.478107
-0.263672 -0.478085
-0.259766 -0.478133
-0.255859 -0.478253
-0.251953 -0.478446
-0.481078 -0.248047
-0.481127 -0.244141
-0.48117 -0.240234
-0.481208 -0.236328
-0.481242 -0.232422
-0.48127 -0.228516
-0.481294 -0.224609
-0.481313 -0.220703
-0.481328 -0.216797
-0.48134 -0.212891
-0.481348 -0.208984
-0.481353 -0.205078
-0.481355 -0.201172
-0.481355 -0.197266
-0.481352 -0.193359
-0.481346 -0.189453
-0.481337 -0.185547
-0.481326 -0.181641
-0.481313 -0.177734
-0.481296 -0.173828
-0.481278 -0.169922
-0.481256 -0.166016
-0.481233 -0.162109
-0.481207 -0.158203
-0.48118 -0.154297
-0.481151 -0.150391
-0.48112 -0.146484
-0.481088 -0.142578
-0.481054 -0.138672
-0.48102 -0.134766
-0.480983 -0.130859
-0.480946 -0.126953
-0.480907 -0.123047
-0.480866 -0.119141
-0.480823 -0.115234
-0.480778 -0.111328
-0.48073 -0.107422
-0.48068 -0.103516
-0.480627 -0.0996094
-0.480571 -0.0957031
-0.480511 -0.0917969
-0.480448 -0.0878906
-0.480448 -0.0878906
-0.480384 -0.0839844
-0.480317 -0.0800781
-0.480246 -0.0761719
-0.480171 -0.0722656
-0.480092 -0.0683594
-0.480008 -0.0644531
-0.479919 -0.0605469
-0.479825 -0.0566406
-0.479726 -0.0527344
-0.479622 -0.0488281
-0.479513 -0.0449219
-0.479399 -0.0410156
-0.479281 -0.0371094
-0.479159 -0.0332031
-0.479035 -0.0292969
-0.478909 -0.0253906
-0.47878 -0.0214844
-0.478648 -0.0175781
-0.478517 -0.0136719
-0.478397 -0.00976562
-0.478273 -0.00585938
-0.478149 -0.00195312
-0.283912 -0.00195312
-0.280714 -0.00585938
-0.283912 -0.00195312
-0.255859 -0.0303884
-0.251953 -0.0340196
-0.251953 -0.0340196
-0.26966 -0.0175781
-0.267578 -0.0195898
-0.267578 -0.0195898
-0.277241 -0.00976562
-0.27354 -0.0136719
-0.277241 -0.00976562
-0.280714 -0.00585938
-0.27354 -0.0136719
-0.263672 -0.0232697
-0.259766 -0.026835
-0.259766 -0.026835
-0.263672 -0.0232697
-0.255859 -0.0303884
-0.248047 -0.478705
-0.244141 -0.479032
-0.240234 -0.479426
-0.236328 -0.47988
-0.232422 -0.480372
-0.232422 -0.480372
-0.228516 -0.480895
-0.224609 -0.481452
-0.220703 -0.482043
-0.205078 -0.484556
-0.216797 -0.482658
-0.212891 -0.483293
-0.208984 -0.483939
-0.205078 -0.484556
-0.201172 -0.485173
-0.197266 -0.485782
-0.193359 -0.486374
-0.189453 -0.486945
-0.185547 -0.487488
-0.181641 -0.488001
-0.177734 -0.488462
-0.177734 -0.488462
-0.173828 -0.488903
-0.169922 -0.489313
-0.166016 -0.489689
-0.162109 -0.490033
-0.158203 -0.490348
-0.154297 -0.490638
-0.150391 -0.490904
-0.146484 -0.491149
-0.142578 -0.491375
-0.138672 -0.491584
-0.134766 -0.49178
-0.126953 -0.492133
-0.130859 -0.491963
-0.126953 -0.492133
-0.187867 -0.259766
-0.191156 -0.251953
-0.189394 -0.255859
-0.191156 -0.251953
-0.171477 -0.314453
-0.156178 -0.337891
-0.158894 -0.333984
-0.161482 -0.330078
-0.158894 -0.333984
-0.164029 -0.326172
-0.166581 -0.322266
-0.169121 -0.318359
-0.171477 -0.314453
-0.169121 -0.318359
-0.164029 -0.326172
-0.150391 -0.344762
-0.146484 -0.347881
-0.146484 -0.347881
-0.142578 -0.350359
-0.138672 -0.352414
-0.134766 -0.353798
-0.138672 -0.352414
-0.130859 -0.354727
-0.126953 -0.355283
-0.1532 -0.341797
-0.156178 -0.337891
-0.1532 -0.341797
-0.17526 -0.306641
-0.173552 -0.310547
-0.17526 -0.306641
-0.176668 -0.302734
-0.177818 -0.298828
-0.179643 -0.291016
-0.180445 -0.287109
-0.181211 -0.283203
-0.178771 -0.294922
-0.179643 -0.291016
-0.182006 -0.279297
-0.182895 -0.275391
-0.183916 -0.271484
-0.185102 -0.267578
-0.183916 -0.271484
-0.18645 -0.263672
-0.187867 -0.259766
-0.123047 -0.492295
-0.119141 -0.49245
-0.115234 -0.492602
-0.111328 -0.492747
-0.107422 -0.492888
-0.103516 -0.493023
-0.0996094 -0.493153
-0.0957031 -0.493277
-0.0917969 -0.493396
-0.0878906 -0.493508
-0.0839844 -0.493614
-0.0800781 -0.493714
-0.0761719 -0.493808
-0.0722656 -0.493896
-0.0683594 -0.493978
-0.0644531 -0.494053
-0.0605469 -0.494121
-0.0566406 -0.494186
-0.0527344 -0.494246
-0.0488281 -0.4943
-0.0449219 -0.49435
-0.0410156 -0.494395
-0.0371094 -0.494436
-0.0332031 -0.494472
-0.0292969 -0.494505
-0.0253906 -0.494533
-0.0214844 -0.494558
-0.0175781 -0.494578
-0.0136719 -0.494595
-0.00976562 -0.494609
-0.00585938 -0.494619
-0.00195312 -0.494625
-0.123047 -0.355555
-0.119141 -0.355599
-0.119141 -0.355599
-0.115234 -0.355443
-0.115234 -0.355443
-0.111328 -0.355096
-0.107422 -0.354571
-0.103516 -0.353883
-0.0996094 -0.353045
-0.0957031 -0.352045
-0.0957031 -0.352045
-0.0917969 -0.350864
-0.0878906 -0.349529
-0.0839844 -0.348066
-0.0839844 -0.348066
-0.0800781 -0.346479
-0.0761719 -0.344838
-0.0722656 -0.343085
-0.0722656 -0.343085
-0.0683594 -0.341249
-0.0644531 -0.339195
-0.0644531 -0.339195
-0.0605469 -0.337098
-0.0566406 -0.334773
-0.0566406 -0.334773
-0.0527344 -0.331797
-0.0512206 -0.330078
-0.0512206 -0.330078
-0.0490905 -0.326172
-0.0484422 -0.322266
-0.0486253 -0.318359
-0.0493455 -0.314453
-0.051044 -0.306641
-0.0502226 -0.310547
-0.051044 -0.306641
-0.0519982 -0.302734
-0.0530397 -0.298828
-0.0546899 -0.291016
-0.0551624 -0.287109
-0.0554246 -0.283203
-0.0539803 -0.294922
-0.0546899 -0.291016
-0.0555246 -0.279297
-0.055509 -0.275391
-0.0553973 -0.271484
-0.0551791 -0.267578
-0.0548328 -0.263672
-0.0548328 -0.263672
-0.054339 -0.259766
-0.0536935 -0.255859
-0.0529263 -0.251953
-0.209392 -0.220703
-0.207031 -0.226562
-0.201794 -0.232422
-0.20444 -0.228516
-0.207046 -0.224609
-0.209392 -0.220703
-0.207046 -0.224609
-0.195312 -0.246094
-0.194956 -0.244141
-0.199324 -0.236328
-0.197044 -0.240234
-0.199324 -0.236328
-0.19298 -0.248047
-0.194956 -0.244141
-0.201794 -0.232422
-0.20444 -0.228516
-0.211304 -0.216797
-0.212559 -0.212891
-0.212918 -0.208984
-0.212414 -0.205078
-0.211304 -0.216797
-0.211216 -0.201172
-0.211216 -0.201172
-0.209581 -0.197266
-0.207725 -0.193359
-0.207725 -0.193359
-0.206043 -0.189453
-0.204573 -0.185547
-0.203417 -0.181641
-0.20281 -0.158203
-0.203417 -0.181641
-0.20258 -0.177734
-0.202083 -0.173828
-0.201906 -0.169922
-0.202013 -0.166016
-0.202339 -0.162109
-0.20281 -0.158203
-0.203366 -0.154297
-0.203939 -0.150391
-0.204476 -0.146484
-0.204968 -0.142578
-0.205418 -0.138672
-0.205834 -0.134766
-0.206231 -0.130859
-0.206625 -0.126953
-0.203366 -0.154297
-0.218169 -0.0761719
-0.220193 -0.0722656
-0.222468 -0.0683594
-0.224986 -0.0644531
-0.222468 -0.0683594
-0.207037 -0.123047
-0.207485 -0.119141
-0.207037 -0.123047
-0.207947 -0.115234
-0.20844 -0.111328
-0.211277 -0.0957031
-0.208995 -0.107422
-0.209641 -0.103516
-0.210394 -0.0996094
-0.211277 -0.0957031
-0.212292 -0.0917969
-0.213464 -0.0878906
-0.214818 -0.0839844
-0.21638 -0.0800781
-0.214818 -0.0839844
-0.218169 -0.0761719
-0.237442 -0.0488281
-0.234017 -0.0527344
-0.237442 -0.0488281
-0.248047 -0.0377758
-0.241041 -0.0449219
-0.244803 -0.0410156
-0.248047 -0.0377758
-0.241041 -0.0449219
-0.230788 -0.0566406
-0.227764 -0.0605469
-0.230788 -0.0566406
-0.234017 -0.0527344
-0.227764 -0.0605469
-0.0521172 -0.248047
-0.0513495 -0.244141
-0.0506308 -0.240234
-0.0506308 -0.240234
-0.0500615 -0.236328
-0.049612 -0.232422
-0.0493356 -0.228516
-0.0492262 -0.224609
-0.0492724 -0.220703
-0.0494361 -0.216797
-0.0496667 -0.212891
-0.0499158 -0.208984
-0.050148 -0.205078
-0.0503406 -0.201172
-0.050477 -0.197266
-0.0505434 -0.193359
-0.050534 -0.189453
-0.0504447 -0.185547
-0.0502746 -0.181641
-0.0500406 -0.177734
-0.0497619 -0.173828
-0.0494602 -0.169922
-0.0491651 -0.166016
-0.0489114 -0.162109
-0.048728 -0.158203
-0.0486382 -0.154297
-0.0486494 -0.150391
-0.0487522 -0.146484
-0.0489276 -0.142578
-0.0491402 -0.138672
-0.0493548 -0.134766
-0.0495455 -0.130859
-0.0496997 -0.126953
-0.0498123 -0.123047
-0.0498775 -0.119141
-0.0498896 -0.115234
-0.0498469 -0.111328
-0.0497527 -0.107422
-0.0496143 -0.103516
-0.0494432 -0.0996094
-0.0492524 -0.0957031
-0.049053 -0.0917969
-0.0488539 -0.0878906
-0.0486625 -0.0839844
-0.04849 -0.0800781
-0.0483453 -0.0761719
-0.0482321 -0.0722656
-0.0481491 -0.0683594
-0.0480905 -0.0644531
-0.0480466 -0.0605469
-0.0480069 -0.0566406
-0.0479623 -0.0527344
-0.047908 -0.0488281
-0.047844 -0.0449219
-0.0477745 -0.0410156
-0.0477064 -0.0371094
-0.0476456 -0.0332031
-0.0475943 -0.0292969
-0.0475493 -0.0253906
-0.0475022 -0.0214844
-0.0474426 -0.0175781
-0.0473605 -0.0136719
-0.0472488 -0.00976562
-0.0471023 -0.00585938
-0.0469198 -0.00195312
-0.0469198 -0.00195312
-0.478026 0.00195312
-0.477904 0.00585938
-0.477785 0.00976562
-0.477668 0.0136719
-0.477552 0.0175781
-0.477437 0.0214844
-0.477323 0.0253906
-0.47721 0.0292969
-0.477095 0.0332031
-0.476976 0.0371094
-0.476852 0.0410156
-0.476722 0.0449219
-0.47659 0.0488281
-0.47659 0.0488281
-0.476462 0.0527344
-0.476332 0.0566406
-0.476184 0.0605469
-0.476014 0.0644531
-0.475826 0.0683594
-0.475623 0.0722656
-0.475411 0.0761719
-0.475188 0.0800781
-0.474957 0.0839844
-0.474717 0.0878906
-0.474474 0.0917969
-0.474242 0.0957031
-0.474006 0.0996094
-0.473767 0.103516
-0.473525 0.107422
-0.473284 0.111328
-0.473051 0.115234
-0.472829 0.119141
-0.472604 0.123047
-0.472604 0.123047
-0.472385 0.126953
-0.472177 0.130859
-0.471983 0.134766
-0.471803 0.138672
-0.471633 0.142578
-0.471465 0.146484
-0.471282 0.150391
-0.471071 0.154297
-0.470833 0.158203
-0.47058 0.162109
-0.47033 0.166016
-0.47007 0.169922
-0.469804 0.173828
-0.469524 0.177734
-0.469231 0.181641
-0.468922 0.185547
-0.468922 0.185547
-0.46856 0.189453
-0.46856 0.189453
-0.468205 0.193359
-0.467846 0.197266
-0.467494 0.201172
-0.467145 0.205078
-0.466787 0.208984
-0.466425 0.212891
-0.466031 0.216797
-0.465604 0.220703
-0.465157 0.224609
-0.464645 0.228516
-0.464645 0.228516
-0.464125 0.232422
-0.46359 0.236328
-0.463058 0.240234
-0.462554 0.244141
-0.46207 0.248047
-0.311665 0.0488281
-0.313257 0.0527344
-0.316331 0.0605469
-0.314805 0.0566406
-0.316331 0.0605469
-0.328125 0.0859375
-0.326723 0.0878906
-0.328067 0.0917969
-0.32093 0.0722656
-0.322404 0.0761719
-0.317858 0.0644531
-0.319399 0.0683594
-0.32093 0.0722656
-0.323859 0.0800781
-0.325334 0.0839844
-0.323859 0.0800781
-0.326723 0.0878906
-0.328067 0.0917969
-0.329452 0.0957031
-0.330773 0.0996094
-0.332086 0.103516
-0.333383 0.107422
-0.332086 0.103516
-0.335717 0.115234
-0.336741 0.119141
-0.337648 0.123047
-0.334594 0.111328
-0.335717 0.115234
-0.296967 0.0175781
-0.299141 0.0214844
-0.301262 0.0253906
-0.303222 0.0292969
-0.301262 0.0253906
-0.289562 0.00585938
-0.292124 0.00976562
-0.294597 0.0136719
-0.292124 0.00976562
-0.286855 0.00195312
-0.289562 0.00585938
-0.296967 0.0175781
-0.305044 0.0332031
-0.306769 0.0371094
-0.308429 0.0410156
-0.310057 0.0449219
-0.308429 0.0410156
-0.305044 0.0332031
-0.311665 0.0488281
-0.313257 0.0527344
-0.338475 0.126953
-0.339239 0.130859
-0.33996 0.134766
-0.340593 0.138672
-0.33996 0.134766
-0.341157 0.142578
-0.341664 0.146484
-0.342112 0.150391
-0.342489 0.154297
-0.342797 0.158203
-0.343028 0.162109
-0.343177 0.166016
-0.343241 0.169922
-0.343212 0.173828
-0.343083 0.177734
-0.342846 0.181641
-0.342502 0.185547
-0.342057 0.189453
-0.341522 0.193359
-0.340907 0.197266
-0.340218 0.201172
-0.340218 0.201172
-0.339505 0.205078
-0.339505 0.205078
-0.33874 0.208984
-0.337929 0.212891
-0.337058 0.216797
-0.336113 0.220703
-0.336113 0.220703
-0.335156 0.224609
-0.334175 0.228516
-0.333179 0.232422
-0.332177 0.236328
-0.332177 0.236328
-0.331231 0.240234
-0.330282 0.244141
-0.329348 0.248047
-0.461604 0.251953
-0.461161 0.255859
-0.460683 0.259766
-0.461161 0.255859
-0.460683 0.259766
-0.460227 0.263672
-0.459754 0.267578
-0.45927 0.271484
-0.458768 0.275391
-0.458258 0.279297
-0.457718 0.283203
-0.457174 0.287109
-0.457174 0.287109
-0.456602 0.291016
-0.456059 0.294922
-0.455527 0.298828
-0.455035 0.302734
-0.454603 0.306641
-0.454235 0.310547
-0.453928 0.314453
-0.453676 0.318359
-0.453475 0.322266
-0.45333 0.326172
-0.453249 0.330078
-0.453245 0.333984
-0.453334 0.337891
-0.453526 0.341797
-0.453834 0.345703
-0.454267 0.349609
-0.454827 0.353516
-0.455499 0.357422
-0.457083 0.365234
-0.456261 0.361328
-0.457083 0.365234
-0.45795 0.369141
-0.458873 0.373047
-0.392578 0.373847
-0.376953 0.360753
-0.384766 0.367173
-0.388672 0.370485
-0.388672 0.370485
-0.384766 0.367173
-0.380859 0.363923
-0.380859 0.363923
-0.376953 0.360753
-0.459711 0.376953
-0.46032 0.380859
-0.460599 0.384766
-0.460491 0.388672
-0.459911 0.392578
-0.458682 0.396484
-0.458682 0.396484
-0.456373 0.400391
-0.456373 0.400391
-0.455078 0.401867
-0.453125 0.402344
-0.451172 0.404879
-0.447266 0.406553
-0.439453 0.406849
-0.447266 0.406553
-0.443359 0.407128
-0.439453 0.406849
-0.498047 0.497347
-0.494141 0.497362
-0.490234 0.497349
-0.486328 0.497334
-0.482422 0.497322
-0.478516 0.497328
-0.474609 0.497313
-0.470703 0.497303
-0.466797 0.497327
-0.462891 0.497297
-0.458984 0.497255
-0.455078 0.497232
-0.451172 0.497232
-0.447266 0.497187
-0.443359 0.497174
-0.439453 0.497139
-0.435547 0.405789
-0.431641 0.404226
-0.423828 0.399738
-0.427734 0.402178
-0.427734 0.402178
-0.423828 0.399738
-0.412109 0.390733
-0.408203 0.387433
-0.408203 0.387433
-0.419922 0.396895
-0.416016 0.393911
-0.416016 0.393911
-0.412109 0.390733
-0.435547 0.405789
-0.404297 0.384059
-0.400391 0.380654
-0.400391 0.380654
-0.404297 0.384059
-0.396484 0.377239
-0.396484 0.377239
-0.392578 0.373847
-0.435547 0.497137
-0.431641 0.497152
-0.427734 0.497146
-0.423828 0.49713
-0.419922 0.497123
-0.416016 0.497077
-0.412109 0.497072
-0.408254 0.496554
-0.405453 0.496175
-0.400391 0.496142
-0.395974 0.49606
-0.397789 0.496113
-0.392578 0.495961
-0.388672 0.495741
-0.384766 0.495537
-0.380859 0.495345
-0.376953 0.495165
-0.328421 0.251953
-0.327543 0.255859
-0.326639 0.259766
-0.325773 0.263672
-0.32495 0.267578
-0.324119 0.271484
-0.324119 0.271484
-0.323276 0.275391
-0.322427 0.279297
-0.321665 0.283203
-0.320995 0.287109
-0.320397 0.291016
-0.320397 0.291016
-0.319889 0.294922
-0.319422 0.298828
-0.319004 0.302734
-0.318705 0.306641
-0.318525 0.310547
-0.345703 0.344244
-0.373047 0.357733
-0.369141 0.354898
-0.369141 0.354898
-0.365234 0.352285
-0.361328 0.350017
-0.365234 0.352285
-0.357422 0.348029
-0.357422 0.348029
-0.353516 0.346433
-0.349609 0.345162
-0.345703 0.344244
-0.341797 0.343648
-0.337891 0.343334
-0.333984 0.343194
-0.330078 0.343009
-0.318364 0.314453
-0.318214 0.318359
-0.318168 0.322266
-0.318293 0.326172
-0.326172 0.342347
-0.319948 0.337891
-0.322266 0.340469
-0.318506 0.330078
-0.318789 0.333984
-0.319948 0.337891
-0.341797 0.343648
-0.373047 0.494994
-0.369141 0.494828
-0.365234 0.494663
-0.361328 0.494499
-0.357422 0.494337
-0.353516 0.494177
-0.349609 0.494021
-0.345703 0.493868
-0.341797 0.493718
-0.337891 0.493566
-0.333984 0.49341
-0.330078 0.493245
-0.326172 0.493067
-0.322266 0.492869
-0.318359 0.492648
-0.314453 0.492396
-0.310547 0.492112
-0.306641 0.491794
-0.310547 0.492112
-0.302734 0.491441
-0.298828 0.49105
-0.294922 0.49062
-0.291016 0.490153
-0.287109 0.489651
-0.283203 0.489122
-0.279297 0.488573
-0.279297 0.488573
-0.275391 0.488013
-0.275391 0.488013
-0.271484 0.487449
-0.267578 0.486892
-0.263672 0.486354
-0.259766 0.48585
-0.255859 0.485388
-0.251953 0.484979
-0.0467207 0.00195312
-0.0465388 0.00585938
-0.0463591 0.00976562
-0.0461573 0.0136719
-0.0459202 0.0175781
-0.045644 0.0214844
-0.0453284 0.0253906
-0.044978 0.0292969
-0.0445972 0.0332031
-0.0441983 0.0371094
-0.0437716 0.0410156
-0.0433098 0.0449219
-0.0428101 0.0488281
-0.0428101 0.0488281
-0.0423238 0.0527344
-0.041814 0.0566406
-0.0412703 0.0605469
-0.0407078 0.0644531
-0.0401473 0.0683594
-0.0395848 0.0722656
-0.0390032 0.0761719
-0.0390032 0.0761719
-0.0384329 0.0800781
-0.0378612 0.0839844
-0.0372593 0.0878906
-0.0366456 0.0917969
-0.0360468 0.0957031
-0.0354693 0.0996094
-0.0349021 0.103516
-0.0349021 0.103516
-0.0343956 0.107422
-0.0338904 0.111328
-0.0333808 0.115234
-0.0328621 0.119141
-0.032341 0.123047
-0.0318262 0.126953
-0.0313281 0.130859
-0.0313281 0.130859
-0.030871 0.134766
-0.0304626 0.138672
-0.030062 0.142578
-0.0296694 0.146484
-0.0292832 0.150391
-0.0289036 0.154297
-0.0285473 0.158203
-0.028215 0.162109
-0.0278932 0.166016
-0.027568 0.169922
-0.0272332 0.173828
-0.0272332 0.173828
-0.0269324 0.177734
-0.0266612 0.181641
-0.0264059 0.185547
-0.0261623 0.189453
-0.0259295 0.193359
-0.0257063 0.197266
-0.0254942 0.201172
-0.0252849 0.205078
-0.0250818 0.208984
-0.024887 0.212891
-0.0247011 0.216797
-0.0245249 0.220703
-0.0243588 0.224609
-0.0242025 0.228516
-0.024055 0.232422
-0.0239152 0.236328
-0.0237818 0.240234
-0.0236539 0.244141
-0.0235306 0.248047
-0.244141 0.484348
-0.240234 0.484131
-0.236328 0.483983
-0.248047 0.484631
-0.244141 0.484348
-0.232422 0.483909
-0.228516 0.48391
-0.224609 0.483988
-0.220703 0.484142
-0.216797 0.484368
-0.216797 0.484368
-0.212891 0.484665
-0.208984 0.485028
-0.205078 0.485453
-0.201172 0.485934
-0.197266 0.486465
-0.193359 0.487036
-0.189453 0.487634
-0.185547 0.488249
-0.185547 0.488249
-0.181641 0.488868
-0.177734 0.48949
-0.173828 0.490085
-0.169922 0.490634
-0.166016 0.491113
-0.162109 0.491505
-0.158203 0.491793
-0.154297 0.491969
-0.150391 0.492031
-0.146484 0.491976
-0.142578 0.491808
-0.138672 0.49153
-0.134766 0.491147
-0.130859 0.490667
-0.126953 0.490093
-0.0234084 0.251953
-0.0234084 0.251953
-0.0232887 0.255859
-0.0231733 0.259766
-0.0230635 0.263672
-0.0229589 0.267578
-0.0228606 0.271484
-0.022769 0.275391
-0.0226851 0.279297
-0.0226102 0.283203
-0.0225453 0.287109
-0.0224914 0.291016
-0.0224491 0.294922
-0.0224185 0.298828
-0.0223991 0.302734
-0.02239 0.306641
-0.0223902 0.310547
-0.0223993 0.314453
-0.022417 0.318359
-0.0224438 0.322266
-0.0224803 0.326172
-0.0225272 0.330078
-0.0225841 0.333984
-0.0226501 0.337891
-0.0227238 0.341797
-0.0228046 0.345703
-0.0228928 0.349609
-0.0229894 0.353516
-0.0230962 0.357422
-0.0234946 0.369141
-0.0236587 0.373047
-0.023215 0.361328
-0.0233471 0.365234
-0.0234946 0.369141
-0.123047 0.489432
-0.119141 0.488686
-0.119141 0.488686
-0.115234 0.487858
-0.115234 0.487858
-0.111328 0.48696
-0.103516 0.484884
-0.0996094 0.483691
-0.0957031 0.482407
-0.107422 0.485972
-0.103516 0.484884
-0.0683594 0.469657
-0.0644531 0.46717
-0.0917969 0.480998
-0.0917969 0.480998
-0.0878906 0.479461
-0.0800781 0.476017
-0.0839844 0.477814
-0.0800781 0.476017
-0.0761719 0.474077
-0.0722656 0.471955
-0.0722656 0.471955
-0.0683594 0.469657
-0.0309765 0.431641
-0.0325922 0.435547
-0.0238405 0.376953
-0.0240415 0.380859
-0.0242638 0.384766
-0.0245096 0.388672
-0.0247804 0.392578
-0.0250783 0.396484
-0.0254128 0.400391
-0.0257856 0.404297
-0.0262038 0.408203
-0.0266843 0.412109
-0.0272627 0.416016
-0.027959 0.419922
-0.0272627 0.416016
-0.0287797 0.423828
-0.0297528 0.427734
-0.0309765 0.431641
-0.0566406 0.461693
-0.0605469 0.464519
-0.0605469 0.464519
-0.0566406 0.461693
-0.0527344 0.458661
-0.0488281 0.455379
-0.0488281 0.455379
-0.0449219 0.451784
-0.0405398 0.447266
-0.0442945 0.451172
-0.034698 0.439453
-0.0373339 0.443359
-0.034698 0.439453
-0.0405398 0.447266
-0.0449219 0.451784
0.00195312 -0.494627
0.00585938 -0.494626
0.00976562 -0.494621
0.0136719 -0.494612
0.0175781 -0.494599
0.0214844 -0.494583
0.0253906 -0.494562
0.0292969 -0.494537
0.0332031 -0.494507
0.0371094 -0.494473
0.0410156 -0.494435
0.0449219 -0.494392
0.0488281 -0.494344
0.0527344 -0.494291
0.0566406 -0.494232
0.0605469 -0.494167
0.0644531 -0.4941
0.0683594 -0.494027
0.0722656 -0.493946
0.0761719 -0.493858
0.0800781 -0.493764
0.0839844 -0.493664
0.0878906 -0.493557
0.0917969 -0.493444
0.0957031 -0.493325
0.0996094 -0.4932
0.103516 -0.493069
0.107422 -0.492933
0.111328 -0.492791
0.115234 -0.492644
0.119141 -0.492492
0.123047 -0.492337
0.0527344 -0.326449
0.0566406 -0.329585
0.0605469 -0.332167
0.0605469 -0.332167
0.0524528 -0.326172
0.0494246 -0.322266
0.0527344 -0.326449
0.0494246 -0.322266
0.0482863 -0.318359
0.0480793 -0.314453
0.0485792 -0.310547
0.0494873 -0.306641
0.0504528 -0.302734
0.0504528 -0.302734
0.0513651 -0.298828
0.052362 -0.294922
0.0533672 -0.291016
0.0542367 -0.287109
0.0548757 -0.283203
0.0548757 -0.283203
0.0552941 -0.279297
0.0555076 -0.275391
0.0555597 -0.271484
0.0554861 -0.267578
0.0545144 -0.255859
0.053895 -0.251953
0.0552966 -0.263672
0.0549792 -0.259766
0.0545144 -0.255859
0.0839844 -0.344522
0.0878906 -0.346103
0.0917969 -0.347573
0.0917969 -0.347573
0.0683594 -0.336898
0.0644531 -0.334636
0.0683594 -0.336898
0.0722656 -0.338988
0.0722656 -0.338988
0.0761719 -0.340966
0.0800781 -0.342793
0.0839844 -0.344522
0.0957031 -0.348871
0.0996094 -0.350006
0.107422 -0.351889
0.103516 -0.351011
0.107422 -0.351889
0.111328 -0.352616
0.115234 -0.353205
0.119141 -0.353647
0.123047 -0.35392
0.126953 -0.492172
0.126953 -0.492172
0.130859 -0.492002
0.134766 -0.49182
0.138672 -0.491625
0.142578 -0.491416
0.146484 -0.491191
0.150391 -0.490947
0.154297 -0.490681
0.158203 -0.490393
0.162109 -0.490079
0.166016 -0.489736
0.169922 -0.48936
0.173828 -0.488951
0.177734 -0.488514
0.177734 -0.488514
0.181641 -0.488047
0.185547 -0.487537
0.189453 -0.486993
0.193359 -0.486421
0.197266 -0.485829
0.201172 -0.485219
0.205078 -0.484599
0.205078 -0.484599
0.208984 -0.483979
0.212891 -0.483332
0.216797 -0.482694
0.220703 -0.482074
0.224609 -0.48148
0.228516 -0.480918
0.232422 -0.480391
0.232422 -0.480391
0.236328 -0.479896
0.240234 -0.479436
0.244141 -0.479036
0.248047 -0.478704
0.126953 -0.353973
0.130859 -0.35375
0.134766 -0.353213
0.138672 -0.352335
0.142578 -0.351042
0.142578 -0.351042
0.146484 -0.349321
0.150391 -0.346841
0.150391 -0.346841
0.154297 -0.343701
0.154297 -0.343701
0.156297 -0.341797
0.159929 -0.337891
0.159929 -0.337891
0.163385 -0.333984
0.163385 -0.333984
0.166738 -0.330078
0.166738 -0.330078
0.169956 -0.326172
0.17277 -0.322266
0.17277 -0.322266
0.174815 -0.318359
0.17635 -0.314453
0.17635 -0.314453
0.177439 -0.310547
0.178273 -0.306641
0.178974 -0.302734
0.179633 -0.298828
0.179633 -0.298828
0.180286 -0.294922
0.180932 -0.291016
0.181586 -0.287109
0.182257 -0.283203
0.183001 -0.279297
0.183867 -0.275391
0.183867 -0.275391
0.18484 -0.271484
0.185962 -0.267578
0.187261 -0.263672
0.187261 -0.263672
0.188691 -0.259766
0.190292 -0.255859
0.191908 -0.251953
0.191908 -0.251953
0.0531296 -0.248047
0.0522889 -0.244141
0.0506534 -0.236328
0.0514543 -0.240234
0.0506534 -0.236328
0.049993 -0.232422
0.0494666 -0.228516
0.0491358 -0.224609
0.0489945 -0.220703
0.0490289 -0.216797
0.0491966 -0.212891
0.0494417 -0.208984
0.0497112 -0.205078
0.0499636 -0.201172
0.050171 -0.197266
0.0503164 -0.193359
0.05039 -0.189453
0.0503802 -0.185547
0.0502776 -0.181641
0.0500904 -0.177734
0.0498397 -0.173828
0.0495478 -0.169922
0.0492416 -0.166016
0.0489548 -0.162109
0.0487228 -0.158203
0.0485767 -0.154297
0.0485336 -0.150391
0.0485922 -0.146484
0.0487341 -0.142578
0.048931 -0.138672
0.0491432 -0.134766
0.0493431 -0.130859
0.0495148 -0.126953
0.0496481 -0.123047
0.0497334 -0.119141
0.0497643 -0.115234
0.0497399 -0.111328
0.0496628 -0.107422
0.0495387 -0.103516
0.0493768 -0.0996094
0.0491891 -0.0957031
0.0489874 -0.0917969
0.0487805 -0.0878906
0.0485791 -0.0839844
0.0483961 -0.0800781
0.0482407 -0.0761719
0.0481181 -0.0722656
0.0480289 -0.0683594
0.0479683 -0.0644531
0.0479268 -0.0605469
0.0478931 -0.0566406
0.0478566 -0.0527344
0.0478105 -0.0488281
0.0477531 -0.0449219
0.0476877 -0.0410156
0.0476209 -0.0371094
0.0475599 -0.0332031
0.0468494 -0.00195312
0.0475086 -0.0292969
0.0474653 -0.0253906
0.0474226 -0.0214844
0.0473694 -0.0175781
0.0472939 -0.0136719
0.0471861 -0.00976562
0.0470386 -0.00585938
0.0468494 -0.00195312
0.193712 -0.248047
0.19558 -0.244141
0.19558 -0.244141
0.19763 -0.240234
0.199804 -0.236328
0.199804 -0.236328
0.202063 -0.232422
0.202063 -0.232422
0.204397 -0.228516
0.206634 -0.224609
0.206634 -0.224609
0.208681 -0.220703
0.210319 -0.216797
0.210319 -0.216797
0.211536 -0.212891
0.212096 -0.208984
0.212005 -0.205078
0.211316 -0.201172
0.210214 -0.197266
0.207021 -0.189453
0.208658 -0.193359
0.207021 -0.189453
0.211316 -0.201172
0.203183 -0.177734
0.202572 -0.173828
0.202336 -0.169922
0.202427 -0.166016
0.202784 -0.162109
0.203339 -0.158203
0.205478 -0.185547
0.204156 -0.181641
0.203183 -0.177734
0.202784 -0.162109
0.203339 -0.158203
0.204018 -0.154297
0.204729 -0.150391
0.205433 -0.146484
0.206123 -0.142578
0.206806 -0.138672
0.206806 -0.138672
0.207474 -0.134766
0.208073 -0.130859
0.208639 -0.126953
0.209204 -0.123047
0.209768 -0.119141
0.210333 -0.115234
0.210923 -0.111328
0.210923 -0.111328
0.211561 -0.107422
0.212225 -0.103516
0.212925 -0.0996094
0.213677 -0.0957031
0.214513 -0.0917969
0.214513 -0.0917969
0.215467 -0.0878906
0.216558 -0.0839844
0.217826 -0.0800781
0.219294 -0.0761719
0.219294 -0.0761719
0.220986 -0.0722656
0.222919 -0.0683594
0.222919 -0.0683594
0.225118 -0.0644531
0.227575 -0.0605469
0.227575 -0.0605469
0.230288 -0.0566406
0.230288 -0.0566406
0.233218 -0.0527344
0.236406 -0.0488281
0.239875 -0.0449219
0.239875 -0.0449219
0.243557 -0.0410156
0.243557 -0.0410156
0.247439 -0.0371094
0.248047 -0.0365113
0.248047 -0.0365113
0.251953 -0.478439
0.255859 -0.47824
0.259766 -0.478114
0.263672 -0.478061
0.267578 -0.478077
0.271484 -0.478164
0.275391 -0.478319
0.279297 -0.478541
0.283203 -0.478825
0.287109 -0.47917
0.291016 -0.479572
0.294922 -0.480026
0.298828 -0.480525
0.298828 -0.480525
0.302734 -0.481068
0.306641 -0.481646
0.310547 -0.482258
0.322266 -0.484231
0.326172 -0.484915
0.314453 -0.482897
0.318359 -0.483557
0.322266 -0.484231
0.330078 -0.4856
0.333984 -0.48628
0.337891 -0.486945
0.341797 -0.487586
0.345703 -0.488194
0.345703 -0.488194
0.349609 -0.488761
0.353516 -0.489284
0.357422 -0.489746
0.361328 -0.490138
0.365234 -0.490445
0.369141 -0.490654
0.373047 -0.490749
0.376953 -0.490717
0.380859 -0.490545
0.384766 -0.49022
0.388672 -0.48973
0.392578 -0.489058
0.396484 -0.488194
0.396484 -0.488194
0.400391 -0.487127
0.404297 -0.485839
0.408203 -0.484321
0.408203 -0.484321
0.412109 -0.482568
0.416016 -0.480559
0.416016 -0.480559
0.419922 -0.478283
0.423828 -0.475712
0.423828 -0.475712
0.427734 -0.472821
0.427734 -0.472821
0.431641 -0.469567
0.431641 -0.469567
0.435547 -0.465905
0.438453 -0.462891
0.438453 -0.462891
0.441873 -0.458984
0.441873 -0.458984
0.44496 -0.455078
0.44496 -0.455078
0.447761 -0.451172
0.450315 -0.447266
0.450315 -0.447266
0.452658 -0.443359
0.452658 -0.443359
0.454802 -0.439453
0.456773 -0.435547
0.456773 -0.435547
0.458576 -0.431641
0.460239 -0.427734
0.460239 -0.427734
0.461765 -0.423828
0.463179 -0.419922
0.464489 -0.416016
0.464489 -0.416016
0.465701 -0.412109
0.466832 -0.408203
0.467884 -0.404297
0.468854 -0.400391
0.468854 -0.400391
0.469751 -0.396484
0.470586 -0.392578
0.471355 -0.388672
0.472059 -0.384766
0.472702 -0.380859
0.472702 -0.380859
0.473299 -0.376953
0.473861 -0.373047
0.474393 -0.369141
0.4749 -0.365234
0.475381 -0.361328
0.475833 -0.357422
0.476248 -0.353516
0.476619 -0.349609
0.476619 -0.349609
0.47696 -0.345703
0.47728 -0.341797
0.477578 -0.337891
0.477857 -0.333984
0.478118 -0.330078
0.478364 -0.326172
0.478595 -0.322266
0.478811 -0.318359
0.479015 -0.314453
0.479206 -0.310547
0.479385 -0.306641
0.479553 -0.302734
0.47971 -0.298828
0.479856 -0.294922
0.479992 -0.291016
0.480118 -0.287109
0.480236 -0.283203
0.480345 -0.279297
0.480445 -0.275391
0.480445 -0.275391
0.480537 -0.271484
0.480621 -0.267578
0.480699 -0.263672
0.48077 -0.259766
0.480836 -0.255859
0.480895 -0.251953
0.251953 -0.032802
0.251953 -0.032802
0.255859 -0.0292435
0.259766 -0.0257868
0.259766 -0.0257868
0.263672 -0.02235
0.263672 -0.02235
0.267578 -0.018828
0.267578 -0.018828
0.271484 -0.0151018
0.271484 -0.0151018
0.272938 -0.0136719
0.276599 -0.00976562
0.276599 -0.00976562
0.279918 -0.00585938
0.279918 -0.00585938
0.282923 -0.00195312
0.285251 -0.000136814
0.480949 -0.248047
0.480998 -0.244141
0.48104 -0.240234
0.481078 -0.236328
0.481111 -0.232422
0.481139 -0.228516
0.481162 -0.224609
0.481181 -0.220703
0.481196 -0.216797
0.481207 -0.212891
0.481215 -0.208984
0.48122 -0.205078
0.481222 -0.201172
0.481222 -0.197266
0.481219 -0.193359
0.481213 -0.189453
0.481205 -0.185547
0.481194 -0.181641
0.48118 -0.177734
0.481164 -0.173828
0.481146 -0.169922
0.481125 -0.166016
0.481102 -0.162109
0.481078 -0.158203
0.481051 -0.154297
0.481024 -0.150391
0.480994 -0.146484
0.480964 -0.142578
0.480932 -0.138672
0.4809 -0.134766
0.480866 -0.130859
0.480831 -0.126953
0.480795 -0.123047
0.480758 -0.119141
0.480719 -0.115234
0.480677 -0.111328
0.480634 -0.107422
0.480588 -0.103516
0.480489 -0.0957031
0.48054 -0.0996094
0.480489 -0.0957031
0.480435 -0.0917969
0.480379 -0.0878906
0.480321 -0.0839844
0.48026 -0.0800781
0.480196 -0.0761719
0.480129 -0.0722656
0.480059 -0.0683594
0.479984 -0.0644531
0.479905 -0.0605469
0.479821 -0.0566406
0.479733 -0.0527344
0.47964 -0.0488281
0.479543 -0.0449219
0.479442 -0.0410156
0.479337 -0.0371094
0.47923 -0.0332031
0.479121 -0.0292969
0.479011 -0.0253906
0.4789 -0.0214844
0.478789 -0.0175781
0.478679 -0.0136719
0.478573 -0.00976562
0.478475 -0.00585938
0.478377 -0.00195312
0.0466544 0.00195312
0.0464812 0.00585938
0.0463084 0.00976562
0.0461134 0.0136719
0.0458835 0.0175781
0.0456135 0.0214844
0.045302 0.0253906
0.0449539 0.0292969
0.0445758 0.0332031
0.0441814 0.0371094
0.0437619 0.0410156
0.0433087 0.0449219
0.0428174 0.0488281
0.0423379 0.0527344
0.0428174 0.0488281
0.0418346 0.0566406
0.0412955 0.0605469
0.0390425 0.0761719
0.0407342 0.0644531
0.0401751 0.0683594
0.039617 0.0722656
0.0390425 0.0761719
0.038474 0.0800781
0.0379098 0.0839844
0.0373138 0.0878906
0.0367017 0.0917969
0.0361031 0.0957031
0.0355254 0.0996094
0.0349583 0.103516
0.0344482 0.107422
0.0349583 0.103516
0.0339469 0.111328
0.0334426 0.115234
0.0329308 0.119141
0.0324164 0.123047
0.031405 0.130859
0.0309411 0.134766
0.0305323 0.138672
0.0301353 0.142578
0.0297464 0.146484
0.0293662 0.150391
0.0289894 0.154297
0.0286318 0.158203
0.0283005 0.162109
0.0279863 0.166016
0.0276738 0.169922
0.0273509 0.173828
0.0270421 0.177734
0.0273509 0.173828
0.0267707 0.181641
0.0265167 0.185547
0.0319041 0.126953
0.031405 0.130859
0.0309411 0.134766
0.0262761 0.189453
0.026047 0.193359
0.0258281 0.197266
0.0256179 0.201172
0.0254178 0.205078
0.0252203 0.208984
0.0250286 0.212891
0.0248455 0.216797
0.0246721 0.220703
0.0245086 0.224609
0.0243549 0.228516
0.0242105 0.232422
0.0240742 0.236328
0.0239446 0.240234
0.0238209 0.244141
0.0237021 0.248047
0.0234775 0.255859
0.0233679 0.259766
0.0232627 0.263672
0.023588 0.251953
0.0234775 0.255859
0.0231626 0.267578
0.0230686 0.271484
0.0229807 0.275391
0.0229005 0.279297
0.0228289 0.283203
0.0227671 0.287109
0.0227162 0.291016
0.0226766 0.294922
0.0226486 0.298828
0.0226318 0.302734
0.0226259 0.306641
0.0226298 0.310547
0.0226428 0.314453
0.0226641 0.318359
0.022694 0.322266
0.0227332 0.326172
0.0227823 0.330078
0.0228417 0.333984
0.0229112 0.337891
0.0229893 0.341797
0.0230749 0.345703
0.0231673 0.349609
0.0232669 0.353516
0.0233757 0.357422
0.0234961 0.361328
0.0234961 0.361328
0.0236296 0.365234
0.0237765 0.369141
0.023938 0.373047
0.0241157 0.376953
0.0243117 0.380859
0.0245279 0.384766
0.0247656 0.388672
0.0250292 0.392578
0.0253204 0.396484
0.0256468 0.400391
0.0260081 0.404297
0.0264154 0.408203
0.0268882 0.412109
0.0274621 0.416016
0.0274621 0.416016
0.0281367 0.419922
0.0289263 0.423828
0.0298659 0.427734
0.0310606 0.431641
0.0310606 0.431641
0.0326497 0.435547
0.0347207 0.439453
0.0347207 0.439453
0.0373247 0.443359
0.0405036 0.447266
0.0405036 0.447266
0.0442328 0.451172
0.0449219 0.451846
0.0449219 0.451846
0.0488281 0.455439
0.0488281 0.455439
0.0527344 0.458724
0.0566406 0.461753
0.0566406 0.461753
0.0605469 0.464577
0.0605469 0.464577
0.0644531 0.467224
0.0683594 0.469705
0.0683594 0.469705
0.0722656 0.471998
0.0722656 0.471998
0.0761719 0.474116
0.0800781 0.476055
0.0800781 0.476055
0.0839844 0.477851
0.0878906 0.479498
0.0917969 0.481035
0.0917969 0.481035
0.0957031 0.482443
0.0996094 0.483726
0.103516 0.484916
0.103516 0.484916
0.107422 0.486003
0.111328 0.486987
0.115234 0.487884
0.115234 0.487884
0.119141 0.48871
0.119141 0.48871
0.123047 0.489454
0.126953 0.490114
0.130859 0.490685
0.134766 0.491164
0.138672 0.491545
0.142578 0.491822
0.146484 0.491989
0.150391 0.492042
0.154297 0.49198
0.158203 0.491804
0.162109 0.491516
0.166016 0.491125
0.169922 0.490646
0.173828 0.490099
0.177734 0.489505
0.181641 0.488885
0.185547 0.488266
0.185547 0.488266
0.189453 0.487651
0.193359 0.487053
0.197266 0.486483
0.201172 0.485951
0.216797 0.484378
0.205078 0.485469
0.208984 0.485042
0.212891 0.484677
0.216797 0.484378
0.220703 0.48415
0.224609 0.483994
0.228516 0.483913
0.232422 0.483909
0.236328 0.48398
0.240234 0.484125
0.244141 0.484339
0.244141 0.484339
0.248047 0.48462
0.285623 0.00195312
0.285623 0.00195312
0.28806 0.00585938
0.28806 0.00585938
0.290312 0.00976562
0.292386 0.0136719
0.292386 0.0136719
0.294373 0.0175781
0.296286 0.0214844
0.296286 0.0214844
0.298104 0.0253906
0.299915 0.0292969
0.301643 0.0332031
0.303335 0.0371094
0.304994 0.0410156
0.304994 0.0410156
0.306635 0.0449219
0.308267 0.0488281
0.308267 0.0488281
0.309917 0.0527344
0.311592 0.0566406
0.313286 0.0605469
0.313286 0.0605469
0.314957 0.0644531
0.316603 0.0683594
0.316603 0.0683594
0.318219 0.0722656
0.319831 0.0761719
0.319831 0.0761719
0.321475 0.0800781
0.323103 0.0839844
0.324657 0.0878906
0.324657 0.0878906
0.326137 0.0917969
0.327608 0.0957031
0.327608 0.0957031
0.329125 0.0996094
0.330556 0.103516
0.331963 0.107422
0.331963 0.107422
0.333319 0.111328
0.334587 0.115234
0.335789 0.119141
0.335789 0.119141
0.336908 0.123047
0.337933 0.126953
0.338894 0.130859
0.339804 0.134766
0.339804 0.134766
0.340619 0.138672
0.341349 0.142578
0.342011 0.146484
0.342588 0.150391
0.34309 0.154297
0.343507 0.158203
0.343842 0.162109
0.343827 0.185547
0.343842 0.162109
0.344086 0.166016
0.344235 0.169922
0.344287 0.173828
0.344238 0.177734
0.344085 0.181641
0.343827 0.185547
0.343468 0.189453
0.343006 0.193359
0.342455 0.197266
0.341828 0.201172
0.341117 0.205078
0.340326 0.208984
0.339495 0.212891
0.338604 0.216797
0.339495 0.212891
0.335559 0.228516
0.334504 0.232422
0.337645 0.220703
0.336613 0.224609
0.335559 0.228516
0.333463 0.236328
0.332445 0.240234
0.331467 0.244141
0.330478 0.248047
0.47828 0.00195312
0.478188 0.00585938
0.478099 0.00976562
0.478015 0.0136719
0.477934 0.0175781
0.477856 0.0214844
0.477781 0.0253906
0.477707 0.0292969
0.477633 0.0332031
0.477558 0.0371094
0.477478 0.0410156
0.477394 0.0449219
0.477305 0.0488281
0.477211 0.0527344
0.477109 0.0566406
0.476993 0.0605469
0.47686 0.0644531
0.476531 0.0722656
0.47635 0.0761719
0.47686 0.0644531
0.476707 0.0683594
0.476531 0.0722656
0.476164 0.0800781
0.475968 0.0839844
0.475762 0.0878906
0.47555 0.0917969
0.475334 0.0957031
0.475115 0.0996094
0.474891 0.103516
0.474662 0.107422
0.474444 0.111328
0.47423 0.115234
0.474022 0.119141
0.473817 0.123047
0.473612 0.126953
0.473408 0.130859
0.473205 0.134766
0.473007 0.138672
0.47258 0.146484
0.472806 0.142578
0.47258 0.146484
0.472362 0.150391
0.472152 0.154297
0.471944 0.158203
0.471729 0.162109
0.4715 0.166016
0.471253 0.169922
0.470981 0.173828
0.470683 0.177734
0.470381 0.181641
0.470057 0.185547
0.468957 0.197266
0.468515 0.201172
0.468079 0.205078
0.46763 0.208984
0.467176 0.212891
0.466714 0.216797
0.466257 0.220703
0.465776 0.224609
0.464752 0.232422
0.465286 0.228516
0.464752 0.232422
0.464203 0.236328
0.463641 0.240234
0.463065 0.244141
0.462503 0.248047
0.469709 0.189453
0.46934 0.193359
0.468957 0.197266
0.468515 0.201172
0.327757 0.259766
0.326938 0.263672
0.326109 0.267578
0.32525 0.271484
0.324423 0.275391
0.323743 0.279297
0.324423 0.275391
0.32952 0.251953
0.328622 0.255859
0.327757 0.259766
0.323162 0.283203
0.322672 0.287109
0.322248 0.291016
0.321857 0.294922
0.320543 0.306641
0.319983 0.310547
0.321482 0.298828
0.32106 0.302734
0.320543 0.306641
0.319455 0.314453
0.319052 0.318359
0.318783 0.322266
0.318653 0.326172
0.318601 0.330078
0.318678 0.333984
0.319688 0.337891
0.319688 0.337891
0.322266 0.34102
0.326172 0.342792
0.330078 0.343525
0.333984 0.343802
0.337891 0.343987
0.341797 0.344297
0.333984 0.343802
0.337891 0.343987
0.341797 0.344297
0.345703 0.344816
0.349609 0.345629
0.353516 0.346769
0.357422 0.34825
0.357422 0.34825
0.361328 0.350161
0.365234 0.352377
0.365234 0.352377
0.369141 0.354988
0.369141 0.354988
0.373047 0.357849
0.251953 0.484966
0.255859 0.485373
0.259766 0.485833
0.263672 0.486337
0.267578 0.486874
0.271484 0.48743
0.275391 0.487992
0.275391 0.487992
0.279297 0.488551
0.279297 0.488551
0.283203 0.4891
0.287109 0.489629
0.291016 0.490131
0.294922 0.4906
0.298828 0.49103
0.302734 0.491423
0.306641 0.491778
0.310547 0.492097
0.310547 0.492097
0.314453 0.492383
0.318359 0.492636
0.322266 0.492859
0.326172 0.493058
0.330078 0.493238
0.333984 0.493404
0.337891 0.493561
0.341797 0.493714
0.345703 0.493866
0.349609 0.49402
0.353516 0.494177
0.357422 0.494338
0.361328 0.494501
0.365234 0.494665
0.369141 0.494827
0.373047 0.49499
0.376953 0.360915
0.376953 0.360915
0.380859 0.36414
0.380859 0.36414
0.384766 0.367431
0.384766 0.367431
0.388672 0.370768
0.388672 0.370768
0.392578 0.374132
0.461411 0.255859
0.460868 0.259766
0.460336 0.263672
0.461945 0.251953
0.461411 0.255859
0.460868 0.259766
0.459813 0.267578
0.459281 0.271484
0.458737 0.275391
0.458192 0.279297
0.457055 0.287109
0.457626 0.283203
0.457055 0.287109
0.456478 0.291016
0.455919 0.294922
0.455367 0.298828
0.454842 0.302734
0.454364 0.306641
0.453942 0.310547
0.453074 0.322266
0.452928 0.326172
0.452855 0.330078
0.452856 0.333984
0.452942 0.337891
0.453128 0.341797
0.453585 0.314453
0.453296 0.318359
0.453074 0.322266
0.453128 0.341797
0.453413 0.345703
0.453822 0.349609
0.454348 0.353516
0.454984 0.357422
0.455713 0.361328
0.456496 0.365234
0.457282 0.369141
0.457282 0.369141
0.458114 0.373047
0.392578 0.374132
0.396484 0.377506
0.396484 0.377506
0.400391 0.380876
0.404297 0.384245
0.404297 0.384245
0.408203 0.387596
0.408203 0.387596
0.412109 0.390901
0.412109 0.390901
0.416016 0.394122
0.416016 0.394122
0.419922 0.397135
0.419922 0.397135
0.423828 0.399965
0.423828 0.399965
0.427734 0.402412
0.427734 0.402412
0.431641 0.404415
0.435547 0.405891
0.435547 0.405891
0.376953 0.495155
0.380859 0.49533
0.384766 0.495523
0.388672 0.495742
0.392263 0.495977
0.394371 0.496109
0.39681 0.496342
0.400391 0.496641
0.404297 0.496694
0.408203 0.496764
0.412109 0.49677
0.416016 0.496775
0.419922 0.496842
0.423828 0.496891
0.427734 0.496951
0.431641 0.496998
0.435547 0.496965
0.439453 0.406853
0.443359 0.407023
0.447266 0.406322
0.453125 0.402344
0.451172 0.404377
0.458934 0.376953
0.459602 0.380859
0.459975 0.384766
0.459946 0.388672
0.459408 0.392578
0.458142 0.396484
0.455699 0.400391
0.455078 0.401105
0.455699 0.400391
0.439453 0.406853
0.443359 0.407023
0.447266 0.406322
0.439453 0.497008
0.443359 0.497082
0.447266 0.497151
0.451172 0.497245
0.455078 0.4973
0.458984 0.49731
0.462891 0.49733
0.466797 0.497338
0.470703 0.497343
0.474609 0.497333
0.478516 0.497338
0.482422 0.497345
0.486328 0.497349
0.490234 0.497345
0.494141 0.497353
0.498047 0.497363
