-0.496736 -0.498047
-0.496536 -0.494141
-0.49611 -0.490234
-0.49611 -0.490234
-0.495477 -0.486328
-0.488281 -0.5
-0.488281 -0.5
-0.488281 -0.496094
-0.494664 -0.482422
-0.493768 -0.478516
-0.492867 -0.474609
-0.492029 -0.470703
-0.492029 -0.470703
-0.484375 -0.5
-0.476562 -0.5
-0.476562 -0.5
-0.46875 -0.5
-0.472656 -0.492188
-0.474609 -0.490234
-0.472656 -0.492188
-0.472656 -0.484375
-0.478516 -0.470703
-0.476562 -0.484375
-0.470703 -0.470703
-0.491414 -0.466797
-0.491131 -0.462891
-0.491279 -0.458984
-0.49178 -0.455078
-0.492542 -0.451172
-0.493709 -0.447266
-0.496773 -0.439453
-0.495151 -0.443359
-0.496773 -0.439453
-0.492542 -0.451172
-0.493709 -0.447266
-0.46875 -0.5
-0.460938 -0.5
-0.457031 -0.5
-0.460938 -0.492188
-0.460938 -0.488281
-0.457031 -0.492188
-0.464844 -0.480469
-0.466797 -0.470703
-0.464844 -0.476562
-0.460938 -0.484375
-0.457031 -0.480469
-0.460938 -0.476562
-0.460938 -0.472656
-0.453125 -0.496094
-0.449219 -0.5
-0.449219 -0.496094
-0.453125 -0.492188
-0.453125 -0.488281
-0.449219 -0.488281
-0.441406 -0.496094
-0.441406 -0.5
-0.441406 -0.496094
-0.441406 -0.492188
-0.441406 -0.488281
-0.453125 -0.484375
-0.453125 -0.480469
-0.449219 -0.484375
-0.445312 -0.484375
-0.441406 -0.480469
-0.445312 -0.476562
-0.445312 -0.472656
-0.46875 -0.46875
-0.464844 -0.46875
-0.443359 -0.466797
-0.439453 -0.447266
-0.498775 -0.435547
-0.501247 -0.431641
-0.476562 -0.40625
-0.474609 -0.392578
-0.470703 -0.384766
-0.439453 -0.408203
-0.457031 -0.386719
-0.439453 -0.400391
-0.4375 -0.5
-0.4375 -0.496094
-0.4375 -0.488281
-0.429688 -0.488281
-0.4375 -0.484375
-0.4375 -0.472656
-0.433594 -0.472656
-0.425781 -0.484375
-0.429688 -0.472656
-0.425781 -0.476562
-0.417969 -0.5
-0.417969 -0.496094
-0.417969 -0.488281
-0.410156 -0.496094
-0.410156 -0.5
-0.410156 -0.496094
-0.419922 -0.482422
-0.417969 -0.480469
-0.421875 -0.476562
-0.417969 -0.476562
-0.417969 -0.472656
-0.414062 -0.484375
-0.414062 -0.480469
-0.408203 -0.482422
-0.414062 -0.472656
-0.414062 -0.472656
-0.410156 -0.472656
-0.4375 -0.46875
-0.4375 -0.457031
-0.429688 -0.46875
-0.429688 -0.464844
-0.429688 -0.460938
-0.423828 -0.458984
-0.4375 -0.449219
-0.433594 -0.453125
-0.433594 -0.449219
-0.4375 -0.441406
-0.429688 -0.453125
-0.429688 -0.449219
-0.429688 -0.445312
-0.429688 -0.441406
-0.421875 -0.464844
-0.421875 -0.464844
-0.417969 -0.46875
-0.421875 -0.457031
-0.417969 -0.457031
-0.414062 -0.46875
-0.40625 -0.464844
-0.414062 -0.460938
-0.414062 -0.457031
-0.421875 -0.453125
-0.414062 -0.453125
-0.414062 -0.449219
-0.410156 -0.453125
-0.410156 -0.449219
-0.414062 -0.445312
-0.40625 -0.5
-0.40625 -0.496094
-0.402344 -0.496094
-0.394531 -0.5
-0.402344 -0.480469
-0.40625 -0.472656
-0.398438 -0.480469
-0.394531 -0.480469
-0.398438 -0.476562
-0.394531 -0.476562
-0.394531 -0.472656
-0.390625 -0.5
-0.382812 -0.496094
-0.386719 -0.484375
-0.386719 -0.484375
-0.382812 -0.5
-0.382812 -0.496094
-0.378906 -0.5
-0.376953 -0.494141
-0.380859 -0.486328
-0.378906 -0.492188
-0.386719 -0.484375
-0.386719 -0.480469
-0.390625 -0.476562
-0.390625 -0.472656
-0.386719 -0.476562
-0.382812 -0.484375
-0.382812 -0.480469
-0.376953 -0.482422
-0.378906 -0.480469
-0.382812 -0.476562
-0.382812 -0.472656
-0.378906 -0.476562
-0.40625 -0.464844
-0.402344 -0.464844
-0.40625 -0.460938
-0.40625 -0.457031
-0.402344 -0.460938
-0.398438 -0.46875
-0.398438 -0.464844
-0.394531 -0.46875
-0.394531 -0.464844
-0.398438 -0.460938
-0.394531 -0.460938
-0.394531 -0.457031
-0.400391 -0.451172
-0.402344 -0.449219
-0.40625 -0.445312
-0.402344 -0.441406
-0.398438 -0.453125
-0.398438 -0.449219
-0.394531 -0.449219
-0.398438 -0.445312
-0.394531 -0.445312
-0.394531 -0.441406
-0.390625 -0.46875
-0.390625 -0.464844
-0.386719 -0.46875
-0.386719 -0.464844
-0.390625 -0.460938
-0.390625 -0.457031
-0.382812 -0.464844
-0.378906 -0.464844
-0.382812 -0.457031
-0.390625 -0.453125
-0.386719 -0.453125
-0.386719 -0.449219
-0.390625 -0.441406
-0.386719 -0.441406
-0.382812 -0.453125
-0.378906 -0.453125
-0.382812 -0.441406
-0.378906 -0.445312
-0.378906 -0.441406
-0.4375 -0.4375
-0.429688 -0.4375
-0.431641 -0.392578
-0.408203 -0.404297
-0.419922 -0.384766
-0.404297 -0.431641
-0.400391 -0.435547
-0.402344 -0.433594
-0.402344 -0.429688
-0.398438 -0.4375
-0.398438 -0.433594
-0.394531 -0.4375
-0.394531 -0.433594
-0.394531 -0.429688
-0.390625 -0.4375
-0.390625 -0.433594
-0.386719 -0.433594
-0.386719 -0.429688
-0.382812 -0.4375
-0.382812 -0.433594
-0.380859 -0.423828
-0.400391 -0.404297
-0.392578 -0.404297
-0.470703 -0.322266
-0.466797 -0.337891
-0.498047 -0.294922
-0.404845 -0.275391
-0.40702 -0.271484
-0.408564 -0.267578
-0.409905 -0.259766
-0.409506 -0.263672
-0.409905 -0.259766
-0.409751 -0.255859
-0.409751 -0.255859
-0.40904 -0.251953
-0.400391 -0.28089
-0.392578 -0.287742
-0.396484 -0.284604
-0.396484 -0.284604
-0.392578 -0.287742
-0.376953 -0.296703
-0.388672 -0.290451
-0.384766 -0.292878
-0.384766 -0.292878
-0.380859 -0.294933
-0.376953 -0.296703
-0.401862 -0.279297
-0.404845 -0.275391
-0.401862 -0.279297
-0.40702 -0.271484
-0.375 -0.445312
-0.335938 -0.5
-0.335938 -0.5
-0.335938 -0.496094
-0.332031 -0.5
-0.332031 -0.496094
-0.328125 -0.5
-0.324219 -0.488281
-0.316406 -0.484375
-0.375 -0.4375
-0.353516 -0.423828
-0.349609 -0.419922
-0.343773 -0.410348
-0.34378 -0.410127
-0.365234 -0.384766
-0.357422 -0.384766
-0.337891 -0.419922
-0.343602 -0.41031
-0.343565 -0.410134
-0.318359 -0.431641
-0.34375 -0.402344
-0.339844 -0.40625
-0.339844 -0.402344
-0.34375 -0.398438
-0.34375 -0.394531
-0.339844 -0.394531
-0.335938 -0.40625
-0.332031 -0.40625
-0.332031 -0.402344
-0.335938 -0.398438
-0.335938 -0.394531
-0.332031 -0.398438
-0.332031 -0.394531
-0.339844 -0.390625
-0.339844 -0.386719
-0.335938 -0.386719
-0.332031 -0.390625
-0.328125 -0.402344
-0.324219 -0.402344
-0.328125 -0.394531
-0.324219 -0.398438
-0.324219 -0.394531
-0.320312 -0.40625
-0.318359 -0.400391
-0.316406 -0.40625
-0.316406 -0.394531
-0.328125 -0.390625
-0.324219 -0.390625
-0.324219 -0.386719
-0.324219 -0.382812
-0.316406 -0.390625
-0.320312 -0.378906
-0.316406 -0.382812
-0.316406 -0.378906
-0.306641 -0.486328
-0.300781 -0.480469
-0.283203 -0.490234
-0.296875 -0.484375
-0.296875 -0.480469
-0.291016 -0.478516
-0.289062 -0.480469
-0.289062 -0.472656
-0.283203 -0.474609
-0.283203 -0.470703
-0.304688 -0.441406
-0.300781 -0.441406
-0.296875 -0.464844
-0.294922 -0.458984
-0.287109 -0.462891
-0.285156 -0.46875
-0.287109 -0.458984
-0.287109 -0.439453
-0.275391 -0.494141
-0.279297 -0.482422
-0.28125 -0.480469
-0.277344 -0.480469
-0.28125 -0.476562
-0.28125 -0.472656
-0.279297 -0.455078
-0.304688 -0.4375
-0.310547 -0.412109
-0.3125 -0.410156
-0.298828 -0.416016
-0.294922 -0.435547
-0.283203 -0.419922
-0.287109 -0.412109
-0.3125 -0.394531
-0.304688 -0.398438
-0.304688 -0.394531
-0.300781 -0.398438
-0.3125 -0.386719
-0.308594 -0.386719
-0.308594 -0.378906
-0.304688 -0.390625
-0.304688 -0.386719
-0.300781 -0.386719
-0.304688 -0.382812
-0.304688 -0.378906
-0.300781 -0.378906
-0.287109 -0.404297
-0.296875 -0.390625
-0.287109 -0.380859
-0.279297 -0.435547
-0.275391 -0.423828
-0.267578 -0.416016
-0.267578 -0.400391
-0.259766 -0.388672
-0.259766 -0.376953
-0.255859 -0.376953
-0.318359 -0.369141
-0.316406 -0.375
-0.320312 -0.367188
-0.320312 -0.363281
-0.314453 -0.361328
-0.373047 -0.297959
-0.369141 -0.298772
-0.365234 -0.299
-0.361328 -0.298601
-0.357422 -0.297433
-0.357422 -0.297433
-0.353516 -0.295211
-0.349609 -0.292058
-0.348601 -0.291016
-0.348601 -0.291016
-0.345588 -0.287109
-0.343436 -0.283203
-0.344081 -0.259766
-0.349378 -0.251953
-0.346407 -0.255859
-0.349378 -0.251953
-0.343436 -0.283203
-0.342102 -0.279297
-0.341351 -0.275391
-0.341159 -0.271484
-0.34155 -0.267578
-0.342557 -0.263672
-0.344081 -0.259766
-0.3125 -0.375
-0.3125 -0.371094
-0.308594 -0.371094
-0.3125 -0.367188
-0.308594 -0.367188
-0.302734 -0.373047
-0.300781 -0.371094
-0.304688 -0.367188
-0.304688 -0.363281
-0.298828 -0.365234
-0.298828 -0.361328
-0.3125 -0.359375
-0.308594 -0.359375
-0.298828 -0.357422
-0.300781 -0.355469
-0.298828 -0.349609
-0.291016 -0.373047
-0.291016 -0.349609
-0.279297 -0.361328
-0.271484 -0.365234
-0.259766 -0.365234
-0.255859 -0.353516
-0.255859 -0.345703
-0.251953 -0.341797
-0.279297 -0.302734
-0.279297 -0.294922
-0.407791 -0.248047
-0.405883 -0.244141
-0.40625 -0.242187
-0.405883 -0.244141
-0.402861 -0.240234
-0.400391 -0.23816
-0.400391 -0.23816
-0.396484 -0.235885
-0.392578 -0.234557
-0.392578 -0.234557
-0.380859 -0.234454
-0.376953 -0.235331
-0.388672 -0.233957
-0.384766 -0.233992
-0.380859 -0.234454
-0.498047 -0.0877612
-0.494141 -0.0868436
-0.490234 -0.0858401
-0.490234 -0.0858401
-0.486328 -0.0848293
-0.496175 -0.0703772
-0.494141 -0.0718343
-0.497564 -0.0683594
-0.497055 -0.0661366
-0.493784 -0.0674006
-0.495658 -0.0663283
-0.491493 -0.0714616
-0.491761 -0.0688951
-0.482422 -0.0838689
-0.478516 -0.0830457
-0.474609 -0.0822033
-0.474609 -0.0822033
-0.470703 -0.0811036
-0.466797 -0.079506
-0.462891 -0.0769703
-0.462891 -0.0769703
-0.458984 -0.073312
-0.458109 -0.0722656
-0.458109 -0.0722656
-0.455003 -0.0683594
-0.452403 -0.0644531
-0.455003 -0.0683594
-0.452403 -0.0644531
-0.498047 -0.00535537
-0.494141 -0.0064831
-0.490234 -0.00764491
-0.486328 -0.00884647
-0.490234 -0.00764491
-0.482422 -0.00974358
-0.478516 -0.0102886
-0.474609 -0.0105153
-0.470703 -0.0104242
-0.450305 -0.0605469
-0.448829 -0.0566406
-0.450305 -0.0605469
-0.448829 -0.0566406
-0.448037 -0.0527344
-0.447755 -0.0488281
-0.447347 -0.0449219
-0.446664 -0.0410156
-0.445957 -0.0371094
-0.445621 -0.0332031
-0.466797 -0.0100175
-0.462891 -0.00952913
-0.458984 -0.0094363
-0.455078 -0.0103713
-0.446043 -0.0292969
-0.447076 -0.0253906
-0.44923 -0.0175781
-0.448223 -0.0214844
-0.44923 -0.0175781
-0.450852 -0.0136719
-0.451172 -0.0134822
-0.450852 -0.0136719
-0.400391 -0.000191077
-0.392578 -0.00722839
-0.396484 -0.00390046
-0.396484 -0.00390046
-0.392578 -0.00722839
-0.380859 -0.0150554
-0.376953 -0.0169868
-0.388672 -0.0101717
-0.384766 -0.0127688
-0.384766 -0.0127688
-0.380859 -0.0150554
-0.373047 -0.236544
-0.369141 -0.238024
-0.369141 -0.238024
-0.361328 -0.241941
-0.365234 -0.239761
-0.361328 -0.241941
-0.357422 -0.244588
-0.353516 -0.247759
-0.353516 -0.247759
-0.35321 -0.248047
-0.373047 -0.0186156
-0.369141 -0.0199449
-0.369141 -0.0199449
-0.365234 -0.0209435
-0.361328 -0.0216401
-0.357422 -0.0220117
-0.353516 -0.0220239
-0.349609 -0.0216323
-0.345703 -0.0207682
-0.341797 -0.0192982
-0.341797 -0.0192982
-0.337891 -0.0173477
-0.333984 -0.0148299
-0.333984 -0.0148299
-0.330078 -0.0117515
-0.330078 -0.0117515
-0.327908 -0.00976562
-0.324365 -0.00585938
-0.324365 -0.00585938
-0.321651 -0.00195312
-0.234891 -0.498945
-0.232422 -0.498805
-0.229973 -0.498967
-0.21875 -0.410156
-0.216797 -0.404297
-0.140625 -0.5
-0.142578 -0.452194
-0.148358 -0.443359
-0.149651 -0.439453
-0.143594 -0.451172
-0.146464 -0.447266
-0.143594 -0.451172
-0.148358 -0.443359
-0.138672 -0.455277
-0.134766 -0.457255
-0.134766 -0.457255
-0.130859 -0.458389
-0.126953 -0.45891
-0.155704 -0.392578
-0.156793 -0.388672
-0.157963 -0.384766
-0.159194 -0.380859
-0.160429 -0.376953
-0.159194 -0.380859
-0.160429 -0.376953
-0.150578 -0.435547
-0.151217 -0.431641
-0.151664 -0.427734
-0.151928 -0.423828
-0.152024 -0.419922
-0.152024 -0.419922
-0.152088 -0.416016
-0.152261 -0.412109
-0.152603 -0.408203
-0.152261 -0.412109
-0.153116 -0.404297
-0.153821 -0.400391
-0.154696 -0.396484
-0.155704 -0.392578
-0.156793 -0.388672
-0.248047 -0.361328
-0.240234 -0.365234
-0.244141 -0.333984
-0.240234 -0.330078
-0.240234 -0.322266
-0.240234 -0.310547
-0.240234 -0.306641
-0.240234 -0.298828
-0.240234 -0.294922
-0.240234 -0.283203
-0.162796 -0.369141
-0.164235 -0.361328
-0.161643 -0.373047
-0.162796 -0.369141
-0.163699 -0.365234
-0.164235 -0.361328
-0.164435 -0.357422
-0.164314 -0.353516
-0.163501 -0.349609
-0.164314 -0.353516
-0.163501 -0.349609
-0.161805 -0.345703
-0.159779 -0.341797
-0.159779 -0.341797
-0.157243 -0.337891
-0.157243 -0.337891
-0.154124 -0.333984
-0.151294 -0.330078
-0.151294 -0.330078
-0.14896 -0.326172
-0.14896 -0.326172
-0.146484 -0.32359
-0.142578 -0.321139
-0.138672 -0.320072
-0.134766 -0.319848
-0.130859 -0.320044
-0.126953 -0.320391
-0.130859 -0.320044
-0.126953 -0.320391
-0.123047 -0.458888
-0.119141 -0.458334
-0.115234 -0.457237
-0.115234 -0.457237
-0.111328 -0.455548
-0.107422 -0.453345
-0.107422 -0.453345
-0.103516 -0.450862
-0.0996094 -0.44849
-0.0996094 -0.44849
-0.0957031 -0.446281
-0.0722656 -0.498047
-0.0917969 -0.444652
-0.0878906 -0.443363
-0.0839844 -0.442618
-0.0800781 -0.442241
-0.0761719 -0.442139
-0.0722656 -0.442231
-0.0683594 -0.442468
-0.0644531 -0.442771
-0.0355251 -0.499157
-0.0332031 -0.498979
-0.0605469 -0.442964
-0.0566406 -0.442831
-0.0527344 -0.442344
-0.0488281 -0.441715
-0.0449219 -0.441276
-0.0449219 -0.441276
-0.0410156 -0.441197
-0.0410156 -0.441197
-0.0371094 -0.441456
-0.0371094 -0.441456
-0.0332031 -0.441943
-0.0118025 -0.499712
-0.00976562 -0.498092
-0.00892009 -0.495729
-0.00671093 -0.498135
-0.00675349 -0.495572
-0.000405751 -0.499479
-0.000812384 -0.495875
-0.0292969 -0.442475
-0.0253906 -0.442837
-0.0214844 -0.442855
-0.0175781 -0.44245
-0.0136719 -0.441684
-0.0136719 -0.441684
-0.00976562 -0.440591
-0.00585938 -0.439229
-0.00195312 -0.43807
-0.123047 -0.320683
-0.119141 -0.320828
-0.115234 -0.320775
-0.111328 -0.320504
-0.111328 -0.320504
-0.107422 -0.319998
-0.107422 -0.319998
-0.103516 -0.319235
-0.0996094 -0.318269
-0.0957031 -0.317102
-0.0917969 -0.315664
-0.0917969 -0.315664
-0.0878906 -0.31404
-0.0839844 -0.312149
-0.0839844 -0.312149
-0.0800781 -0.310007
-0.0761719 -0.307517
-0.0761719 -0.307517
-0.0722656 -0.30467
-0.0722656 -0.30467
-0.0683594 -0.301336
-0.0683594 -0.301336
-0.0658038 -0.298828
-0.0623198 -0.294922
-0.0623198 -0.294922
-0.0593318 -0.291016
-0.0593318 -0.291016
-0.0567174 -0.287109
-0.0543917 -0.283203
-0.0543917 -0.283203
-0.0522861 -0.279297
-0.0503474 -0.275391
-0.0503474 -0.275391
-0.0485478 -0.271484
-0.0468552 -0.267578
-0.0468552 -0.267578
-0.0452601 -0.263672
-0.0437538 -0.259766
-0.0423552 -0.255859
-0.0423552 -0.255859
-0.0410567 -0.251953
-0.0398469 -0.248047
-0.0387273 -0.244141
-0.0387273 -0.244141
-0.0376983 -0.240234
-0.0367327 -0.236328
-0.0358047 -0.232422
-0.0348854 -0.228516
-0.0348854 -0.228516
-0.0339349 -0.224609
-0.0329187 -0.220703
-0.0318333 -0.216797
-0.0306812 -0.212891
-0.0306812 -0.212891
-0.0294162 -0.208984
-0.0280519 -0.205078
-0.0266133 -0.201172
-0.0250658 -0.197266
-0.0234526 -0.193359
-0.0234526 -0.193359
-0.0218009 -0.189453
-0.0200595 -0.185547
-0.0200595 -0.185547
-0.0182973 -0.181641
-0.0164413 -0.177734
-0.0164413 -0.177734
-0.0145698 -0.173828
-0.0126168 -0.169922
-0.0126168 -0.169922
-0.0106564 -0.166016
-0.0086037 -0.162109
-0.0086037 -0.162109
-0.00655218 -0.158203
-0.0043799 -0.154297
-0.0043799 -0.154297
-0.00224208 -0.150391
4.17953e-06 -0.146484
-0.109375 -5.97248e-12
-0.0938872 -0.0175781
-0.100128 -0.00976562
-0.107195 -0.00195312
-0.10353 -0.00585938
-0.107195 -0.00195312
-0.0969388 -0.0136719
-0.100128 -0.00976562
-0.0969388 -0.0136719
-0.078125 -0.0390625
-0.082089 -0.0332031
-0.0788817 -0.0371094
-0.082089 -0.0332031
-0.0683594 -0.0473329
-0.0644531 -0.0500873
-0.0644531 -0.0500873
-0.0753406 -0.0410156
-0.0722656 -0.0440158
-0.0722656 -0.0440158
-0.0788817 -0.0371094
-0.0683594 -0.0473329
-0.0851127 -0.0292969
-0.0880234 -0.0253906
-0.0909289 -0.0214844
-0.0938872 -0.0175781
-0.0909289 -0.0214844
-0.0851127 -0.0292969
-0.0292969 -0.0626203
-0.0253906 -0.0637514
-0.0214844 -0.0649865
-0.0175781 -0.0663598
-0.0175781 -0.0663598
-0.00976562 -0.0695289
-0.0136719 -0.067867
-0.00976562 -0.0695289
-0.00585938 -0.0714026
-0.00195312 -0.073486
-0.00195312 -0.073486
-0.0585938 -0.0546875
-0.0566406 -0.0543063
-0.0605469 -0.0523998
-0.0566406 -0.0543063
-0.0527344 -0.0559105
-0.0488281 -0.0572364
-0.0449219 -0.0584379
-0.0449219 -0.0584379
-0.0410156 -0.0595107
-0.0371094 -0.0605115
-0.0332031 -0.0615315
-0.0292969 -0.0626203
-0.476554 0.0195396
-0.484375 0.0390625
-0.436453 0.0488281
-0.437366 0.0527344
-0.43804 0.0566406
-0.438548 0.0605469
-0.5 0.0664062
-0.498047 0.0722656
-0.458984 0.0917969
-0.439004 0.0644531
-0.439453 0.0683594
-0.43982 0.0722656
-0.440067 0.0761719
-0.440166 0.0800781
-0.440118 0.0839844
-0.439966 0.0878906
-0.439816 0.0917969
-0.454196 0.123047
-0.439851 0.0957031
-0.440298 0.0996094
-0.441432 0.103516
-0.443297 0.107422
-0.441432 0.103516
-0.448738 0.115234
-0.445825 0.111328
-0.448738 0.115234
-0.451662 0.119141
-0.445825 0.111328
-0.42611 0.0292969
-0.422979 0.0253906
-0.42611 0.0292969
-0.413073 0.0136719
-0.40614 0.00585938
-0.409642 0.00976562
-0.413073 0.0136719
-0.409642 0.00976562
-0.416446 0.0175781
-0.419743 0.0214844
-0.416446 0.0175781
-0.422979 0.0253906
-0.428997 0.0332031
-0.431547 0.0371094
-0.433697 0.0410156
-0.435272 0.0449219
-0.433697 0.0410156
-0.428997 0.0332031
-0.436453 0.0488281
-0.437366 0.0527344
-0.402497 0.00195312
-0.40614 0.00585938
-0.402497 0.00195312
-0.497121 0.151871
-0.496998 0.153229
-0.495596 0.151859
-0.495617 0.153336
-0.491916 0.156117
-0.484429 0.156211
-0.484822 0.158203
-0.484473 0.160276
-0.482422 0.157812
-0.482422 0.160979
-0.48017 0.158541
-0.480098 0.160677
-0.456377 0.126953
-0.457753 0.130859
-0.456377 0.126953
-0.45889 0.134766
-0.459615 0.138672
-0.461001 0.150391
-0.461343 0.154297
-0.460192 0.142578
-0.460635 0.146484
-0.461001 0.150391
-0.46171 0.158203
-0.462137 0.162109
-0.462636 0.166016
-0.463241 0.169922
-0.46461 0.177734
-0.463923 0.173828
-0.46461 0.177734
-0.465298 0.181641
-0.466007 0.185547
-0.466645 0.189453
-0.467178 0.193359
-0.467561 0.197266
-0.467703 0.201172
-0.467526 0.205078
-0.466946 0.208984
-0.4658 0.212891
-0.463982 0.216797
-0.463982 0.216797
-0.461288 0.220703
-0.461288 0.220703
-0.458172 0.224609
-0.458172 0.224609
-0.455307 0.228516
-0.453023 0.232422
-0.453023 0.232422
-0.451362 0.236328
-0.450225 0.240234
-0.449465 0.244141
-0.448987 0.248047
-0.449465 0.244141
-0.448987 0.248047
-0.319618 0.00195312
-0.319618 0.00195312
-0.318078 0.00585938
-0.316983 0.00976562
-0.316125 0.0136719
-0.316125 0.0136719
-0.315455 0.0175781
-0.314863 0.0214844
-0.314301 0.0253906
-0.313598 0.0292969
-0.312662 0.0332031
-0.312662 0.0332031
-0.311533 0.0371094
-0.310218 0.0410156
-0.308797 0.0449219
-0.308797 0.0449219
-0.307434 0.0488281
-0.306146 0.0527344
-0.305037 0.0566406
-0.305037 0.0566406
-0.30411 0.0605469
-0.303462 0.0644531
-0.302994 0.0683594
-0.30269 0.0722656
-0.302515 0.0761719
-0.302443 0.0800781
-0.302432 0.0839844
-0.302436 0.0878906
-0.302409 0.0917969
-0.302312 0.0957031
-0.302108 0.0996094
-0.301756 0.103516
-0.301217 0.107422
-0.300449 0.111328
-0.300449 0.111328
-0.299452 0.115234
-0.298223 0.119141
-0.296788 0.123047
-0.296788 0.123047
-0.29515 0.126953
-0.293323 0.130859
-0.293323 0.130859
-0.291318 0.134766
-0.289142 0.138672
-0.289142 0.138672
-0.286779 0.142578
-0.284219 0.146484
-0.284219 0.146484
-0.281468 0.150391
-0.281468 0.150391
-0.278581 0.154297
-0.278581 0.154297
-0.275477 0.158203
-0.271961 0.162109
-0.271961 0.162109
-0.271484 0.162604
-0.267578 0.166139
-0.263672 0.168791
-0.263672 0.168791
-0.259766 0.170461
-0.255859 0.171517
-0.251953 0.172098
-0.255859 0.171517
-0.251953 0.172098
-0.448742 0.251953
-0.448696 0.255859
-0.44915 0.263672
-0.448832 0.259766
-0.44915 0.263672
-0.449652 0.267578
-0.450338 0.271484
-0.451212 0.275391
-0.452277 0.279297
-0.453532 0.283203
-0.454953 0.287109
-0.456494 0.291016
-0.458107 0.294922
-0.456494 0.291016
-0.461617 0.302734
-0.465393 0.310547
-0.46345 0.306641
-0.465393 0.310547
-0.459818 0.298828
-0.461617 0.302734
-0.453532 0.283203
-0.469266 0.318359
-0.472553 0.326172
-0.471017 0.322266
-0.472553 0.326172
-0.476208 0.337891
-0.477609 0.341797
-0.473863 0.330078
-0.475026 0.333984
-0.476208 0.337891
-0.489704 0.357422
-0.486328 0.353971
-0.489704 0.357422
-0.492186 0.361328
-0.493747 0.365234
-0.495738 0.369141
-0.498114 0.373047
-0.495738 0.369141
-0.492186 0.361328
-0.479367 0.345703
-0.481971 0.349609
-0.479367 0.345703
-0.482422 0.350164
-0.467342 0.314453
-0.469266 0.318359
-0.419922 0.346215
-0.419922 0.349312
-0.417498 0.34666
-0.417529 0.348743
-0.500223 0.376953
-0.500166 0.486328
-0.499878 0.490234
-0.499696 0.494141
-0.499631 0.498047
-0.355658 0.491975
-0.353516 0.490273
-0.356961 0.494141
-0.358247 0.498047
-0.355469 0.492188
-0.352116 0.499109
-0.349341 0.489093
-0.346317 0.487548
-0.346332 0.490234
-0.347972 0.49522
-0.350661 0.498047
-0.347199 0.493173
-0.18737 0.0800781
-0.189028 0.0839844
-0.190564 0.0878906
-0.192005 0.0917969
-0.190564 0.0878906
-0.192005 0.0917969
-0.195618 0.103516
-0.196663 0.107422
-0.193297 0.0957031
-0.194482 0.0996094
-0.195618 0.103516
-0.197626 0.111328
-0.198508 0.115234
-0.199403 0.119141
-0.200281 0.123047
-0.199403 0.119141
-0.170683 0.0527344
-0.17653 0.0605469
-0.173729 0.0566406
-0.17653 0.0605469
-0.163672 0.0449219
-0.158203 0.0396486
-0.162109 0.0433552
-0.163672 0.0449219
-0.158203 0.0396486
-0.167337 0.0488281
-0.170683 0.0527344
-0.167337 0.0488281
-0.146484 0.0298475
-0.142578 0.0268581
-0.142578 0.0268581
-0.126953 0.0151521
-0.138672 0.0239123
-0.134766 0.0209849
-0.134766 0.0209849
-0.138672 0.0239123
-0.130859 0.0180895
-0.130859 0.0180895
-0.126953 0.0151521
-0.154297 0.036175
-0.154297 0.036175
-0.150391 0.0329088
-0.146484 0.0298475
-0.179085 0.0644531
-0.181426 0.0683594
-0.183588 0.0722656
-0.18555 0.0761719
-0.183588 0.0722656
-0.179085 0.0644531
-0.18737 0.0800781
-0.240234 0.172199
-0.236328 0.171792
-0.248047 0.172348
-0.244141 0.172367
-0.240234 0.172199
-0.236328 0.171792
-0.232422 0.171079
-0.228516 0.169948
-0.224609 0.168318
-0.224609 0.168318
-0.220703 0.16592
-0.202945 0.134766
-0.204009 0.138672
-0.210254 0.154297
-0.20657 0.146484
-0.205187 0.142578
-0.20657 0.146484
-0.208233 0.150391
-0.210254 0.154297
-0.201146 0.126953
-0.202025 0.130859
-0.202945 0.134766
-0.214844 0.160156
-0.21622 0.162109
-0.212805 0.158203
-0.21622 0.162109
-0.216797 0.162693
-0.119141 0.00897293
-0.123047 0.0121225
-0.123047 0.0121225
-0.119141 0.00897293
-0.115234 0.00564803
-0.115234 0.00564803
-0.111328 0.00209883
-0.111328 0.00209883
-0.107422 -0.00171938
-0.0547528 0.0253906
-0.0562373 0.0292969
-0.0508257 0.0194839
-0.0523616 0.0214844
-0.0488281 0.0177235
-0.0547528 0.0253906
-0.0449219 0.0149435
-0.0410156 0.0132499
-0.0371094 0.0121703
-0.0332031 0.0116897
-0.0332031 0.0116897
-0.0449219 0.0149435
-0.0572147 0.0332031
-0.0579352 0.0371094
-0.0585573 0.0410156
-0.0589867 0.0449219
-0.0585573 0.0410156
-0.0591138 0.0488281
-0.0588858 0.0527344
-0.0583166 0.0566406
-0.0583166 0.0566406
-0.057468 0.0605469
-0.0292969 0.0116984
-0.0292969 0.0116984
-0.0253906 0.0120407
-0.0214844 0.012772
-0.0175781 0.0139399
-0.0136719 0.0154425
-0.0136719 0.0154425
-0.00976562 0.0173715
-0.00585938 0.0197464
-0.00585938 0.0197464
-0.00195312 0.0226676
-0.00195312 0.0226676
-0.0195312 0.0351562
-0.015625 0.046875
-0.0564787 0.0644531
-0.05539 0.0683594
-0.0541927 0.0722656
-0.0541927 0.0722656
-0.0529106 0.0761719
-0.0516186 0.0800781
-0.0502223 0.0839844
-0.0502223 0.0839844
-0.0489794 0.0878906
-0.0479963 0.0917969
-0.04732 0.0957031
-0.0466289 0.0996094
-0.0453119 0.107422
-0.0454089 0.111328
-0.0466289 0.0996094
-0.0458184 0.103516
-0.0453119 0.107422
-0.0454089 0.111328
-0.043077 0.113342
-0.0410156 0.11375
-0.0410156 0.11375
-0.0371094 0.115113
-0.0332031 0.115035
-0.0292969 0.114186
-0.0292969 0.114186
-0.0253906 0.113014
-0.0253906 0.113014
-0.0214844 0.111743
-0.0175781 0.110607
-0.0136719 0.109606
-0.00976562 0.108717
-0.00585938 0.107929
-0.00195312 0.107219
-0.0136719 0.109606
-0.134766 0.499999
-0.000259609 0.367128
-0.00426355 0.370716
-0.00549435 0.373047
-0.00195312 0.369299
-0.00585063 0.376953
-0.00474388 0.379323
-0.00195312 0.37836
-0.00195312 0.37836
-0.0120122 0.499204
-0.00785149 0.496082
-0.00985403 0.497819
-0.00779937 0.49609
-0.00573814 0.497869
-0.00370076 0.499416
0.00146114 -0.497927
0.00343196 -0.495876
0.0068121 -0.496605
0.00497872 -0.495848
0.00873363 -0.498306
0.0154746 -0.495324
0.0155893 -0.492123
0.0175862 -0.498047
0.0172841 -0.493515
0.0214183 -0.498047
0.0201893 -0.494807
0.0175781 -0.490972
0.0197075 -0.491936
0.00195312 -0.437342
0.00976562 -0.437542
0.0136719 -0.438943
0.0323398 -0.455078
0.0214844 -0.444348
0.0175781 -0.441175
0.0175781 -0.441175
0.0214844 -0.444348
0.0253906 -0.447854
0.0253906 -0.447854
0.0290492 -0.451172
0.048307 -0.482422
0.0458935 -0.478516
0.0437353 -0.474609
0.0415703 -0.470703
0.0437353 -0.474609
0.0510262 -0.486328
0.0527344 -0.488307
0.0510262 -0.486328
0.0566406 -0.491643
0.0605469 -0.493982
0.0566406 -0.491643
0.048307 -0.482422
0.0458935 -0.478516
0.0368837 -0.462891
0.039294 -0.466797
0.0368837 -0.462891
0.0345722 -0.458984
0.0323398 -0.455078
0.0345722 -0.458984
0.039294 -0.466797
0.00195312 -0.437342
0.00585938 -0.437088
0.00976562 -0.437542
0.0660178 -0.496355
0.0609274 -0.494141
0.0683594 -0.497668
0.0722656 -0.498398
0.0761719 -0.498519
0.0800781 -0.498496
0.0839844 -0.498304
0.0878906 -0.497948
0.0920061 -0.498318
0.0943125 -0.490234
0.0933277 -0.486328
0.0927744 -0.482422
0.0935141 -0.478516
0.0935277 -0.473671
0.092042 -0.470703
0.0703003 -0.445325
0.0742128 -0.441412
0.07763 -0.437762
0.0933095 -0.468391
0.0940905 -0.496757
0.09597 -0.494141
0.0943125 -0.490234
0.0935141 -0.478516
0.0981951 -0.474609
0.0957031 -0.470937
0.0981951 -0.474609
0.0996094 -0.472384
0.104673 -0.476864
0.106251 -0.476925
0.103516 -0.473794
0.103774 -0.470703
0.106393 -0.474609
0.105674 -0.471259
0.115616 -0.498047
0.115517 -0.493967
0.115057 -0.490234
0.115675 -0.487737
0.117616 -0.498047
0.11758 -0.493187
0.121094 -0.5
0.11866 -0.490234
0.118178 -0.487701
0.121094 -0.488281
0.117188 -0.484375
0.113281 -0.480469
0.111328 -0.474609
0.109375 -0.472656
0.113281 -0.472656
0.117188 -0.480469
0.117188 -0.476562
0.121094 -0.46875
0.121094 -0.476562
0.0957031 -0.46765
0.0996094 -0.466004
0.100311 -0.462891
0.0998783 -0.458984
0.100098 -0.455078
0.100912 -0.466797
0.100311 -0.462891
0.101562 -0.453125
0.105469 -0.460938
0.107422 -0.455078
0.101037 -0.45141
0.101108 -0.451172
0.102492 -0.447266
0.105469 -0.449219
0.105469 -0.445312
0.103909 -0.443359
0.10491 -0.439453
0.103909 -0.443359
0.109375 -0.46875
0.113281 -0.464844
0.109375 -0.460938
0.109375 -0.457031
0.113281 -0.457031
0.121094 -0.464844
0.121094 -0.46875
0.117188 -0.457031
0.121094 -0.457031
0.109375 -0.453125
0.109375 -0.449219
0.113281 -0.453125
0.109375 -0.4375
0.113281 -0.441406
0.117188 -0.453125
0.117188 -0.449219
0.121094 -0.453125
0.121094 -0.449219
0.119141 -0.443359
0.121094 -0.445312
0.0770021 -0.435164
0.0771666 -0.431641
0.0778672 -0.429272
0.0740962 -0.410652
0.0740506 -0.409815
0.0761719 -0.411142
0.0761719 -0.409586
0.0800781 -0.435618
0.0830026 -0.434207
0.0860035 -0.431641
0.0800781 -0.426934
0.0800781 -0.426934
0.0839844 -0.426177
0.0842478 -0.42534
0.0860035 -0.431641
0.0893026 -0.427725
0.0878906 -0.424366
0.0781393 -0.410125
0.0930761 -0.400391
0.0896505 -0.392578
0.091362 -0.396484
0.0896505 -0.392578
0.0859028 -0.384766
0.0817008 -0.376953
0.083845 -0.380859
0.0817008 -0.376953
0.0878426 -0.388672
0.0859028 -0.384766
0.0898438 -0.390625
0.0898438 -0.386719
0.0859375 -0.378906
0.0898438 -0.382812
0.0898438 -0.375
0.10539 -0.43672
0.105495 -0.435547
0.105697 -0.431641
0.105573 -0.427734
0.105136 -0.423828
0.105573 -0.427734
0.105136 -0.423828
0.101845 -0.416016
0.09702 -0.408203
0.0994267 -0.412109
0.09702 -0.408203
0.103516 -0.419476
0.101845 -0.416016
0.103898 -0.419922
0.105469 -0.417969
0.101562 -0.414062
0.101562 -0.410156
0.109375 -0.433594
0.109375 -0.429688
0.113281 -0.4375
0.113281 -0.433594
0.109375 -0.429688
0.113281 -0.425781
0.113281 -0.425781
0.117188 -0.4375
0.121094 -0.4375
0.121094 -0.433594
0.117188 -0.429688
0.117188 -0.425781
0.109375 -0.421875
0.109375 -0.417969
0.113281 -0.421875
0.109375 -0.410156
0.113281 -0.410156
0.117188 -0.421875
0.117188 -0.417969
0.121094 -0.421875
0.121094 -0.417969
0.117188 -0.414062
0.117188 -0.410156
0.121094 -0.410156
0.0949331 -0.404297
0.0930761 -0.400391
0.09375 -0.398438
0.09375 -0.394531
0.0976562 -0.394531
0.101562 -0.398438
0.109375 -0.394531
0.107422 -0.392578
0.09375 -0.390625
0.09375 -0.386719
0.101562 -0.382812
0.09375 -0.378906
0.101562 -0.382812
0.101562 -0.378906
0.109375 -0.390625
0.101563 -0.382812
0.105469 -0.382812
0.105469 -0.378906
0.111328 -0.400391
0.113281 -0.40625
0.113281 -0.398438
0.113281 -0.394531
0.109375 -0.394531
0.113281 -0.394531
0.113281 -0.394531
0.117188 -0.40625
0.121094 -0.402344
0.117188 -0.398438
0.121094 -0.394531
0.109375 -0.386719
0.113281 -0.386719
0.111328 -0.380859
0.113281 -0.382812
0.113281 -0.378906
0.117188 -0.390625
0.117188 -0.386719
0.121094 -0.390625
0.123047 -0.384766
0.121094 -0.382812
0.121094 -0.378906
0.0614205 -0.345703
0.0466755 -0.322266
0.043615 -0.314453
0.0450313 -0.318359
0.043615 -0.314453
0.0559534 -0.337891
0.0508773 -0.330078
0.0533588 -0.333984
0.0508773 -0.330078
0.0586531 -0.341797
0.0559534 -0.337891
0.0586531 -0.341797
0.0533588 -0.333984
0.0585938 -0.335938
0.0486604 -0.326172
0.0466755 -0.322266
0.0450313 -0.318359
0.046875 -0.316406
0.0507812 -0.320312
0.0546875 -0.328125
0.0546875 -0.324219
0.0585938 -0.328125
0.0585938 -0.324219
0.0546875 -0.320312
0.0425931 -0.310547
0.0419527 -0.306641
0.0425931 -0.310547
0.0417239 -0.302734
0.0419637 -0.298828
0.0428003 -0.294922
0.0428003 -0.294922
0.0442683 -0.291016
0.0464349 -0.287109
0.046875 -0.3125
0.046875 -0.308594
0.0507812 -0.308594
0.046875 -0.304688
0.0507812 -0.304688
0.0546875 -0.3125
0.0546875 -0.308594
0.0546875 -0.304688
0.0507813 -0.296875
0.0464349 -0.287109
0.0493157 -0.283203
0.0493157 -0.283203
0.0526207 -0.279297
0.0557857 -0.275391
0.0557857 -0.275391
0.0583825 -0.271484
0.0583825 -0.271484
0.060354 -0.267578
0.0618541 -0.263672
0.063061 -0.259766
0.0771262 -0.369141
0.0747007 -0.365234
0.0721654 -0.361328
0.0747007 -0.365234
0.0742188 -0.363281
0.0669051 -0.353516
0.0695847 -0.357422
0.0669051 -0.353516
0.0641573 -0.349609
0.0614205 -0.345703
0.0683594 -0.349609
0.0695847 -0.357422
0.0722656 -0.349609
0.0794458 -0.373047
0.0771262 -0.369141
0.078125 -0.367188
0.078125 -0.363281
0.0820312 -0.367188
0.0839844 -0.361328
0.0859375 -0.375
0.0859375 -0.371094
0.0898438 -0.375
0.0859375 -0.367188
0.078125 -0.359375
0.0820312 -0.347656
0.0820312 -0.347656
0.0859375 -0.359375
0.0898438 -0.359375
0.0859375 -0.351562
0.09375 -0.351562
0.0683594 -0.341797
0.0625 -0.335938
0.0703125 -0.332031
0.0625 -0.324219
0.0703125 -0.328125
0.0761719 -0.326172
0.078125 -0.34375
0.078125 -0.335938
0.078125 -0.332031
0.0820312 -0.335938
0.0820312 -0.316406
0.0878906 -0.326172
0.0878906 -0.322266
0.0898438 -0.324219
0.0859375 -0.316406
0.0898438 -0.320312
0.0898438 -0.316406
0.09375 -0.367188
0.09375 -0.363281
0.0976562 -0.363281
0.101563 -0.371094
0.101562 -0.363281
0.09375 -0.351562
0.0976562 -0.351562
0.0976562 -0.347656
0.109375 -0.351562
0.101562 -0.347656
0.109375 -0.347656
0.113281 -0.375
0.113281 -0.371094
0.109375 -0.363281
0.113281 -0.363281
0.113281 -0.363281
0.117188 -0.371094
0.117188 -0.363281
0.121094 -0.363281
0.109375 -0.351562
0.113281 -0.351562
0.113281 -0.351562
0.115234 -0.349609
0.113281 -0.347656
0.117188 -0.355469
0.121094 -0.359375
0.123047 -0.353516
0.121094 -0.351562
0.09375 -0.34375
0.09375 -0.339844
0.101562 -0.335938
0.101562 -0.339844
0.101562 -0.332031
0.105469 -0.335938
0.09375 -0.320312
0.09375 -0.316406
0.0976562 -0.316406
0.101562 -0.324219
0.105469 -0.328125
0.109375 -0.316406
0.113281 -0.34375
0.109375 -0.339844
0.121094 -0.339844
0.121094 -0.339844
0.117188 -0.335938
0.117188 -0.328125
0.121094 -0.328125
0.117188 -0.324219
0.109375 -0.316406
0.117188 -0.324219
0.117188 -0.324219
0.121094 -0.324219
0.121094 -0.324219
0.117188 -0.320312
0.0625 -0.3125
0.0625 -0.308594
0.0683594 -0.310547
0.0722656 -0.310547
0.0703125 -0.308594
0.0742188 -0.300781
0.0625 -0.292969
0.0703125 -0.296875
0.0761719 -0.283203
0.0859375 -0.3125
0.0917969 -0.310547
0.0898438 -0.300781
0.0820313 -0.292969
0.0859375 -0.292969
0.0898438 -0.292969
0.0859375 -0.289062
0.0859375 -0.285156
0.0898438 -0.289062
0.0898438 -0.285156
0.0618541 -0.263672
0.063061 -0.259766
0.0640291 -0.255859
0.0649018 -0.251953
0.0761719 -0.255859
0.0742188 -0.253906
0.0820312 -0.277344
0.0820312 -0.277344
0.0839844 -0.275391
0.0820312 -0.273438
0.0820312 -0.269531
0.0898438 -0.28125
0.0898438 -0.277344
0.0859375 -0.273438
0.0859375 -0.269531
0.078125 -0.261719
0.09375 -0.261719
0.09375 -0.257813
0.09375 -0.257812
0.09375 -0.3125
0.0976562 -0.3125
0.101562 -0.304688
0.101562 -0.300781
0.09375 -0.289062
0.09375 -0.285156
0.0996094 -0.287109
0.101562 -0.285156
0.101562 -0.296875
0.105469 -0.296875
0.105469 -0.285156
0.105469 -0.285156
0.109375 -0.304688
0.113281 -0.304688
0.109375 -0.289062
0.117188 -0.289062
0.0976562 -0.277344
0.0976563 -0.277344
0.09375 -0.269531
0.0976562 -0.269531
0.101562 -0.277344
0.105469 -0.277344
0.101562 -0.273438
0.107422 -0.267578
0.09375 -0.257813
0.0996094 -0.259766
0.09375 -0.257812
0.0976562 -0.253906
0.0976562 -0.257812
0.0976562 -0.253906
0.105469 -0.253906
0.109375 -0.277344
0.113281 -0.265625
0.113281 -0.269531
0.109375 -0.265625
0.113281 -0.265625
0.125 -0.257812
0.121094 -0.253906
0.121094 -0.253906
0.128906 -0.5
0.128906 -0.496094
0.125 -0.488281
0.128906 -0.492188
0.128906 -0.488281
0.132812 -0.5
0.136719 -0.5
0.132812 -0.492188
0.132812 -0.488281
0.136719 -0.492188
0.125 -0.484375
0.128906 -0.484375
0.128906 -0.476562
0.128906 -0.472656
0.136719 -0.484375
0.132812 -0.476562
0.132812 -0.472656
0.136719 -0.476562
0.136719 -0.472656
0.140625 -0.5
0.140625 -0.496094
0.146484 -0.498047
0.148438 -0.496094
0.144531 -0.492188
0.146484 -0.486328
0.152344 -0.5
0.152344 -0.5
0.152344 -0.496094
0.142578 -0.478516
0.140625 -0.472656
0.144531 -0.472656
0.152344 -0.480469
0.152344 -0.480469
0.128906 -0.46875
0.128906 -0.464844
0.125 -0.460938
0.125 -0.457031
0.128906 -0.460938
0.128906 -0.457031
0.132812 -0.46875
0.132812 -0.460938
0.132812 -0.457031
0.136719 -0.460938
0.126953 -0.447266
0.128906 -0.449219
0.125 -0.445312
0.125 -0.441406
0.128906 -0.441406
0.132812 -0.453125
0.132812 -0.449219
0.138672 -0.451172
0.136719 -0.449219
0.132812 -0.445312
0.132812 -0.441406
0.138672 -0.439453
0.144531 -0.46875
0.144531 -0.464844
0.148438 -0.464844
0.148438 -0.460938
0.148438 -0.457031
0.152344 -0.457031
0.140625 -0.453125
0.146484 -0.447266
0.140625 -0.445312
0.144531 -0.445312
0.144531 -0.441406
0.152344 -0.453125
0.160156 -0.5
0.15625 -0.488281
0.164062 -0.5
0.164062 -0.496094
0.164062 -0.492188
0.167969 -0.492188
0.158203 -0.482422
0.15625 -0.480469
0.160156 -0.484375
0.15625 -0.472656
0.164062 -0.480469
0.171875 -0.5
0.179688 -0.492188
0.183594 -0.5
0.183594 -0.496094
0.183594 -0.5
0.179688 -0.492188
0.183594 -0.492188
0.175781 -0.480469
0.171875 -0.476562
0.179688 -0.484375
0.179688 -0.480469
0.185547 -0.482422
0.183594 -0.46875
0.160156 -0.46875
0.160156 -0.464844
0.15625 -0.460938
0.15625 -0.457031
0.160156 -0.460938
0.167969 -0.460938
0.167969 -0.457031
0.15625 -0.453125
0.15625 -0.449219
0.160156 -0.453125
0.160156 -0.449219
0.164062 -0.449219
0.167969 -0.445312
0.167969 -0.445312
0.183594 -0.46875
0.183594 -0.457031
0.183594 -0.460938
0.183594 -0.457031
0.171875 -0.449219
0.175781 -0.453125
0.175781 -0.449219
0.175781 -0.441406
0.179688 -0.453125
0.183594 -0.441406
0.125 -0.4375
0.125 -0.433594
0.128906 -0.433594
0.130859 -0.427734
0.128906 -0.425781
0.132812 -0.4375
0.125 -0.421875
0.125 -0.417969
0.128906 -0.417969
0.128906 -0.414062
0.128906 -0.410156
0.134766 -0.419922
0.136719 -0.414062
0.148438 -0.433594
0.152344 -0.433594
0.154297 -0.412109
0.125 -0.40625
0.125 -0.402344
0.128906 -0.40625
0.128906 -0.402344
0.125 -0.398438
0.125 -0.394531
0.132812 -0.402344
0.136719 -0.402344
0.125 -0.390625
0.126953 -0.376953
0.140625 -0.40625
0.144531 -0.398438
0.142578 -0.384766
0.144531 -0.390625
0.154297 -0.376953
0.160156 -0.433594
0.164062 -0.4375
0.162109 -0.423828
0.164062 -0.4375
0.167969 -0.4375
0.164062 -0.429688
0.164062 -0.421875
0.167969 -0.429688
0.167969 -0.425781
0.160156 -0.421875
0.166016 -0.419922
0.167969 -0.421875
0.171875 -0.4375
0.171875 -0.433594
0.175781 -0.4375
0.175781 -0.433594
0.171875 -0.425781
0.175781 -0.429688
0.179688 -0.4375
0.183594 -0.4375
0.183594 -0.433594
0.179688 -0.429688
0.179688 -0.425781
0.183594 -0.429688
0.183594 -0.425781
0.158203 -0.384766
0.164062 -0.386719
0.175781 -0.382812
0.175781 -0.382812
0.183594 -0.390625
0.191406 -0.496094
0.191406 -0.5
0.193359 -0.494141
0.191406 -0.492188
0.1875 -0.488281
0.191406 -0.488281
0.195312 -0.5
0.195312 -0.496094
0.199219 -0.5
0.199219 -0.496094
0.195312 -0.492188
0.195312 -0.488281
0.199219 -0.492188
0.199219 -0.488281
0.191406 -0.484375
0.191406 -0.472656
0.195312 -0.480469
0.199219 -0.484375
0.197266 -0.474609
0.199219 -0.476562
0.207031 -0.5
0.207031 -0.496094
0.203125 -0.488281
0.207031 -0.492188
0.214844 -0.496094
0.210938 -0.492188
0.214844 -0.492188
0.203125 -0.480469
0.207031 -0.484375
0.207031 -0.480469
0.203125 -0.476562
0.203125 -0.472656
0.207031 -0.476562
0.207031 -0.472656
0.210938 -0.484375
0.210938 -0.476562
0.210938 -0.472656
0.214844 -0.476562
0.1875 -0.46875
0.1875 -0.460938
0.191406 -0.46875
0.189453 -0.455078
0.193359 -0.455078
0.195312 -0.464844
0.199219 -0.464844
0.1875 -0.453125
0.191406 -0.453125
0.191406 -0.449219
0.1875 -0.445312
0.195312 -0.449219
0.197266 -0.443359
0.199219 -0.441406
0.207031 -0.464844
0.207031 -0.464844
0.207031 -0.464844
0.210938 -0.46875
0.210938 -0.464844
0.214844 -0.464844
0.214844 -0.460938
0.207031 -0.449219
0.203125 -0.441406
0.207031 -0.441406
0.210938 -0.445313
0.210938 -0.445312
0.210938 -0.441406
0.21875 -0.441406
0.21875 -0.496094
0.21875 -0.492188
0.222656 -0.488281
0.226562 -0.5
0.234375 -0.5
0.224609 -0.482422
0.21875 -0.476562
0.21875 -0.472656
0.226562 -0.472656
0.230469 -0.472656
0.234375 -0.5
0.234375 -0.496094
0.238281 -0.496094
0.238281 -0.492188
0.236328 -0.474609
0.234375 -0.472656
0.21875 -0.46875
0.21875 -0.464844
0.222656 -0.46875
0.21875 -0.460938
0.21875 -0.457031
0.226562 -0.460938
0.230469 -0.460938
0.21875 -0.453125
0.21875 -0.449219
0.222656 -0.449219
0.21875 -0.441406
0.222656 -0.441406
0.226562 -0.449219
0.226562 -0.445312
0.236328 -0.462891
0.246094 -0.460938
0.246094 -0.457031
0.234375 -0.449219
0.238281 -0.449219
0.234375 -0.445312
0.238281 -0.445312
0.242188 -0.449219
0.246094 -0.453125
0.246094 -0.445312
0.1875 -0.429688
0.207031 -0.4375
0.210938 -0.4375
0.214844 -0.433594
0.210938 -0.425781
0.214844 -0.425781
0.199219 -0.394531
0.199219 -0.394531
0.199219 -0.394531
0.195312 -0.390625
0.195312 -0.386719
0.199219 -0.386719
0.210938 -0.402344
0.203125 -0.398438
0.210938 -0.40625
0.205078 -0.384766
0.212891 -0.388672
0.216797 -0.380859
0.21875 -0.4375
0.224609 -0.435547
0.222656 -0.433594
0.21875 -0.425781
0.21875 -0.425781
0.226562 -0.425781
0.226562 -0.4375
0.230469 -0.4375
0.226562 -0.425781
0.230469 -0.425781
0.224609 -0.412109
0.226562 -0.410156
0.230469 -0.421875
0.226562 -0.414062
0.226562 -0.410156
0.230469 -0.414062
0.234375 -0.425781
0.238281 -0.425781
0.25 -0.433594
0.242188 -0.425781
0.238281 -0.421875
0.242188 -0.421875
0.242188 -0.417969
0.246094 -0.421875
0.242188 -0.414062
0.246094 -0.414062
0.246094 -0.410156
0.21875 -0.40625
0.21875 -0.402344
0.222656 -0.40625
0.222656 -0.402344
0.226562 -0.40625
0.226562 -0.402344
0.226562 -0.394531
0.226562 -0.394531
0.222656 -0.386719
0.226562 -0.386719
0.222656 -0.378906
0.226562 -0.386719
0.226562 -0.386719
0.230469 -0.390625
0.230469 -0.386719
0.226562 -0.378906
0.230469 -0.378906
0.234375 -0.40625
0.234375 -0.402344
0.238281 -0.40625
0.238281 -0.402344
0.234375 -0.398438
0.238281 -0.398438
0.238281 -0.394531
0.242188 -0.40625
0.242188 -0.402344
0.246094 -0.40625
0.246094 -0.402344
0.242188 -0.398438
0.242188 -0.394531
0.238281 -0.378906
0.246094 -0.378906
0.246094 -0.378906
0.125 -0.367188
0.128906 -0.367188
0.128906 -0.363281
0.132812 -0.371094
0.132812 -0.363281
0.136719 -0.367188
0.136719 -0.363281
0.132812 -0.359375
0.132812 -0.355469
0.138672 -0.353516
0.136719 -0.347656
0.140625 -0.363281
0.144531 -0.367188
0.144531 -0.363281
0.140625 -0.359375
0.140625 -0.347656
0.125 -0.339844
0.128906 -0.339844
0.125 -0.335938
0.125 -0.332031
0.128906 -0.335938
0.128906 -0.332031
0.136719 -0.34375
0.132812 -0.339844
0.136719 -0.339844
0.136719 -0.335938
0.125 -0.328125
0.128906 -0.328125
0.132812 -0.320312
0.125 -0.316406
0.130859 -0.318359
0.128906 -0.316406
0.136719 -0.320312
0.132812 -0.320312
0.132812 -0.316406
0.152344 -0.34375
0.150391 -0.333984
0.140625 -0.324219
0.144531 -0.324219
0.140625 -0.320312
0.144531 -0.320312
0.15625 -0.328125
0.169922 -0.369141
0.158203 -0.345703
0.167969 -0.347656
0.169922 -0.345703
0.171875 -0.347656
0.175781 -0.351562
0.175781 -0.347656
0.15625 -0.34375
0.15625 -0.339844
0.160156 -0.332031
0.160156 -0.332031
0.160156 -0.332031
0.15625 -0.324219
0.175781 -0.34375
0.179688 -0.332031
0.179688 -0.332031
0.183594 -0.335938
0.179688 -0.324219
0.171875 -0.320312
0.171875 -0.316406
0.179688 -0.328125
0.179688 -0.324219
0.183594 -0.328125
0.183594 -0.324219
0.179688 -0.320312
0.179688 -0.316406
0.183594 -0.320312
0.183594 -0.316406
0.125 -0.3125
0.125 -0.304688
0.132812 -0.304688
0.125 -0.296875
0.132812 -0.296875
0.132812 -0.289062
0.140625 -0.3125
0.15625 -0.3125
0.140625 -0.296875
0.140625 -0.289062
0.125 -0.265625
0.132812 -0.28125
0.125 -0.257812
0.125 -0.257812
0.132812 -0.257812
0.140625 -0.28125
0.152344 -0.277344
0.15625 -0.3125
0.164062 -0.304688
0.15625 -0.296875
0.160156 -0.285156
0.164062 -0.296875
0.171875 -0.304688
0.179688 -0.3125
0.179688 -0.304688
0.171875 -0.296875
0.171875 -0.289062
0.179688 -0.296875
0.179688 -0.289062
0.15625 -0.28125
0.171875 -0.28125
0.179688 -0.257812
0.201172 -0.365234
0.199219 -0.355469
0.201172 -0.349609
0.199219 -0.347656
0.207031 -0.363281
0.210938 -0.375
0.210938 -0.371094
0.214844 -0.375
0.214844 -0.371094
0.210938 -0.363281
0.216797 -0.365234
0.207031 -0.355469
0.210938 -0.347656
0.210938 -0.359375
0.210938 -0.355469
0.210938 -0.347656
0.210938 -0.347656
0.214844 -0.347656
0.193359 -0.333984
0.203125 -0.335938
0.199219 -0.332031
0.203125 -0.335938
0.1875 -0.320312
0.1875 -0.3125
0.197266 -0.326172
0.195312 -0.324219
0.199219 -0.324219
0.195312 -0.320312
0.199219 -0.320312
0.203125 -0.335938
0.210938 -0.34375
0.203125 -0.335938
0.210938 -0.332031
0.210938 -0.34375
0.210938 -0.339844
0.214844 -0.34375
0.210938 -0.332031
0.214844 -0.332031
0.214844 -0.332031
0.203125 -0.324219
0.210938 -0.328125
0.203125 -0.316406
0.207031 -0.320312
0.210938 -0.328125
0.210938 -0.320312
0.21875 -0.316406
0.21875 -0.375
0.21875 -0.363281
0.222656 -0.363281
0.222656 -0.363281
0.226562 -0.371094
0.234375 -0.375
0.228516 -0.365234
0.222656 -0.359375
0.222656 -0.359375
0.222656 -0.355469
0.21875 -0.351562
0.222656 -0.347656
0.226562 -0.355469
0.226562 -0.351562
0.228516 -0.345703
0.230469 -0.351562
0.232422 -0.345703
0.234375 -0.375
0.234375 -0.371094
0.238281 -0.375
0.238281 -0.371094
0.234375 -0.367188
0.234375 -0.363281
0.238281 -0.367188
0.238281 -0.363281
0.246094 -0.375
0.242188 -0.371094
0.246094 -0.371094
0.242188 -0.367188
0.242188 -0.363281
0.246094 -0.367188
0.246094 -0.363281
0.234375 -0.355469
0.238281 -0.359375
0.240234 -0.353516
0.234375 -0.351562
0.236328 -0.345703
0.242188 -0.359375
0.242188 -0.355469
0.246094 -0.359375
0.246094 -0.355469
0.242188 -0.347656
0.21875 -0.339844
0.222656 -0.34375
0.222656 -0.339844
0.226562 -0.34375
0.230469 -0.335938
0.21875 -0.320312
0.226562 -0.320312
0.246094 -0.339844
0.246094 -0.332031
0.238281 -0.324219
0.234375 -0.320312
0.242188 -0.320313
0.1875 -0.3125
0.1875 -0.304688
0.195312 -0.3125
0.195312 -0.304688
0.1875 -0.296875
0.1875 -0.28125
0.195312 -0.296875
0.199219 -0.285156
0.203125 -0.3125
0.203125 -0.304688
0.210938 -0.3125
0.210938 -0.304688
0.203125 -0.296875
0.203125 -0.289062
0.210938 -0.296875
0.1875 -0.28125
0.203125 -0.28125
0.21875 -0.265625
0.21875 -0.3125
0.226562 -0.3125
0.21875 -0.289062
0.226562 -0.296875
0.234375 -0.304688
0.234375 -0.296875
0.234375 -0.289062
0.242188 -0.289062
0.21875 -0.28125
0.21875 -0.265625
4.17953e-06 -0.146484
0.00221461 -0.142578
0.00446584 -0.138672
0.00446584 -0.138672
0.00667427 -0.134766
0.00875069 -0.130859
0.00875069 -0.130859
0.010781 -0.126953
0.0657108 -0.248047
0.0664329 -0.244141
0.0664329 -0.244141
0.0670896 -0.240234
0.0676714 -0.236328
0.0681951 -0.232422
0.0686512 -0.228516
0.0690645 -0.224609
0.0694539 -0.220703
0.0686512 -0.228516
0.0742188 -0.234375
0.0742188 -0.230469
0.0690645 -0.224609
0.0694539 -0.220703
0.0761719 -0.224609
0.0742188 -0.222656
0.0839844 -0.236328
0.0859375 -0.246094
0.0898438 -0.246094
0.0859375 -0.242188
0.09375 -0.242188
0.0917969 -0.236328
0.078125 -0.234375
0.078125 -0.230469
0.0800781 -0.224609
0.078125 -0.222656
0.0859375 -0.234375
0.09375 -0.234375
0.0859375 -0.226562
0.0898438 -0.226562
0.069859 -0.216797
0.0703118 -0.212891
0.0703118 -0.212891
0.0742188 -0.214844
0.0742188 -0.210938
0.0707819 -0.208984
0.0712908 -0.205078
0.0719319 -0.201172
0.0727231 -0.197266
0.073621 -0.193359
0.0746232 -0.189453
0.0746232 -0.189453
0.078125 -0.21875
0.0820312 -0.21875
0.0800781 -0.205078
0.0859375 -0.214844
0.0898438 -0.21875
0.0859375 -0.210938
0.0859375 -0.207031
0.0898438 -0.210938
0.0800781 -0.197266
0.0917969 -0.193359
0.09375 -0.25
0.09375 -0.246094
0.09375 -0.238281
0.09375 -0.238281
0.0976562 -0.238281
0.101562 -0.25
0.101562 -0.246094
0.105469 -0.25
0.105469 -0.246094
0.101562 -0.238281
0.105469 -0.238281
0.09375 -0.234375
0.0976562 -0.234375
0.09375 -0.226562
0.09375 -0.222656
0.105469 -0.234375
0.105469 -0.230469
0.101562 -0.222656
0.105469 -0.222656
0.117188 -0.242188
0.109375 -0.234375
0.121094 -0.230469
0.117188 -0.226562
0.0976562 -0.214844
0.09375 -0.210938
0.101562 -0.21875
0.103516 -0.212891
0.105469 -0.21875
0.105469 -0.214844
0.105469 -0.210938
0.107422 -0.197266
0.117188 -0.21875
0.0756309 -0.185547
0.0766053 -0.181641
0.0774644 -0.177734
0.0782424 -0.173828
0.0839844 -0.185547
0.0782424 -0.173828
0.0787878 -0.169922
0.0789841 -0.166016
0.0788625 -0.162109
0.0784224 -0.158203
0.0917969 -0.169922
0.0778744 -0.154297
0.0771385 -0.150391
0.0762168 -0.146484
0.0750631 -0.142578
0.0703041 -0.126953
0.0739236 -0.138672
0.07272 -0.134766
0.0739236 -0.138672
0.0715264 -0.130859
0.0703041 -0.126953
0.0778744 -0.154297
0.0878906 -0.130859
0.103516 -0.181641
0.0957031 -0.158203
0.0976562 -0.136719
0.119141 -0.126953
0.0125976 -0.123047
0.0143495 -0.119141
0.0157884 -0.115234
0.0157884 -0.115234
0.0168664 -0.111328
0.0176736 -0.107422
0.0180836 -0.103516
0.0179921 -0.0996094
0.0173161 -0.0957031
0.00585938 -0.0788489
0.0160167 -0.0917969
0.0139598 -0.0878906
0.0111199 -0.0839844
0.00976562 -0.0824917
0.0111199 -0.0839844
0.00195312 -0.0759279
0.00585938 -0.0788489
0.0160167 -0.0917969
0.0692668 -0.123047
0.0683143 -0.119141
0.0675491 -0.115234
0.0670163 -0.111328
0.0742188 -0.121094
0.0667537 -0.107422
0.0667847 -0.103516
0.0671362 -0.0996094
0.0678412 -0.0957031
0.0742188 -0.0976562
0.0878906 -0.123047
0.0917969 -0.115234
0.0689151 -0.0917969
0.0703142 -0.0878906
0.0703142 -0.0878906
0.071975 -0.0839844
0.0738091 -0.0800781
0.0738091 -0.0800781
0.0758371 -0.0761719
0.0779513 -0.0722656
0.0820312 -0.0898438
0.0820312 -0.0898437
0.0820312 -0.0859375
0.0859375 -0.0820312
0.0779513 -0.0722656
0.0802181 -0.0683594
0.0826341 -0.0644531
0.0826341 -0.0644531
0.0898438 -0.078125
0.111328 -0.123047
0.111328 -0.107422
0.123047 -0.0957031
0.103516 -0.0839844
0.0957031 -0.0761719
0.0996094 -0.0722656
0.0976562 -0.0664062
0.111328 -0.0917969
0.119141 -0.0644531
0.0852592 -0.0605469
0.0852592 -0.0605469
0.0881907 -0.0566406
0.0915127 -0.0527344
0.0915127 -0.0527344
0.0953687 -0.0488281
0.0957031 -0.0485136
0.101562 -0.0625
0.105469 -0.0585938
0.0957031 -0.0485136
0.0996094 -0.0451611
0.103516 -0.0422372
0.103516 -0.0422372
0.107422 -0.0396243
0.107422 -0.0396243
0.111328 -0.0371781
0.115234 -0.0347823
0.115234 -0.0347823
0.119141 -0.0323708
0.119141 -0.0323708
0.123047 -0.029823
0.125 -0.25
0.125 -0.242188
0.132812 -0.242188
0.132813 -0.226562
0.140625 -0.234375
0.140625 -0.203125
0.144531 -0.191406
0.152344 -0.191406
0.179688 -0.226562
0.15625 -0.21875
0.15625 -0.210938
0.15625 -0.203125
0.15625 -0.195312
0.164062 -0.203125
0.166016 -0.193359
0.164062 -0.191406
0.167969 -0.195312
0.171875 -0.21875
0.171875 -0.210938
0.179688 -0.21875
0.171875 -0.199219
0.179688 -0.199219
0.152344 -0.179688
0.152344 -0.175781
0.146484 -0.169922
0.150391 -0.158203
0.138672 -0.138672
0.154297 -0.154297
0.15625 -0.1875
0.164062 -0.1875
0.167969 -0.171875
0.169922 -0.158203
0.175781 -0.183594
0.175781 -0.179688
0.179688 -0.183594
0.183594 -0.1875
0.183594 -0.183594
0.179688 -0.179688
0.181641 -0.173828
0.183594 -0.171875
0.171875 -0.171875
0.175781 -0.164062
0.175781 -0.160156
0.179688 -0.171875
0.179688 -0.164062
0.158203 -0.150391
0.160156 -0.148438
0.160156 -0.144531
0.167969 -0.15625
0.164062 -0.148438
0.164062 -0.144531
0.167969 -0.144531
0.15625 -0.140625
0.160156 -0.140625
0.160156 -0.136719
0.164062 -0.140625
0.167969 -0.140625
0.164062 -0.128906
0.167969 -0.128906
0.171875 -0.15625
0.171875 -0.152344
0.175781 -0.15625
0.171875 -0.148438
0.171875 -0.144531
0.175781 -0.148438
0.179688 -0.152344
0.183594 -0.152344
0.179688 -0.148438
0.179688 -0.144531
0.171875 -0.140625
0.175781 -0.140625
0.175781 -0.136719
0.171875 -0.132812
0.171875 -0.128906
0.175781 -0.132812
0.175781 -0.128906
0.179688 -0.140625
0.179688 -0.136719
0.183594 -0.136719
0.179688 -0.132812
0.179688 -0.128906
0.185547 -0.130859
0.1875 -0.21875
0.203125 -0.25
0.203125 -0.234375
0.1875 -0.210938
0.195312 -0.21875
0.195312 -0.210938
0.1875 -0.203125
0.1875 -0.195312
0.210938 -0.210938
0.203125 -0.195312
0.210938 -0.203125
0.210938 -0.195312
0.21875 -0.234375
0.242188 -0.226562
0.21875 -0.203125
0.25 -0.203125
0.1875 -0.183594
0.1875 -0.175781
0.195312 -0.183594
0.199219 -0.183594
0.195312 -0.175781
0.195312 -0.171875
0.199219 -0.175781
0.189453 -0.169922
0.1875 -0.167969
0.191406 -0.167969
0.1875 -0.164062
0.1875 -0.160156
0.193359 -0.158203
0.195312 -0.171875
0.199219 -0.171875
0.199219 -0.167969
0.195312 -0.164062
0.199219 -0.164062
0.203125 -0.1875
0.210938 -0.1875
0.214844 -0.175781
0.203125 -0.167969
0.207031 -0.160156
0.210938 -0.167969
0.216797 -0.169922
0.214844 -0.167969
0.212891 -0.162109
0.210938 -0.160156
0.1875 -0.15625
0.1875 -0.148438
0.1875 -0.144531
0.191406 -0.148438
0.191406 -0.144531
0.199219 -0.152344
0.199219 -0.144531
0.1875 -0.140625
0.1875 -0.136719
0.191406 -0.136719
0.1875 -0.132812
0.191406 -0.132812
0.191406 -0.128906
0.203125 -0.125
0.208984 -0.154297
0.207031 -0.152344
0.203125 -0.144531
0.207031 -0.148438
0.207031 -0.144531
0.210938 -0.15625
0.214844 -0.15625
0.214844 -0.152344
0.203125 -0.140625
0.207031 -0.136719
0.203125 -0.128906
0.207031 -0.132812
0.208984 -0.126953
0.214844 -0.128906
0.21875 -0.1875
0.226562 -0.179688
0.21875 -0.164062
0.230469 -0.167969
0.226562 -0.164062
0.234375 -0.171875
0.242188 -0.171875
0.21875 -0.15625
0.230469 -0.152344
0.21875 -0.140625
0.21875 -0.132812
0.234375 -0.15625
0.242188 -0.140625
0.242188 -0.132812
0.25 -0.136719
0.25 -0.132812
0.130859 -0.119141
0.130859 -0.107422
0.138672 -0.107422
0.146484 -0.111328
0.150391 -0.119141
0.126953 -0.0878906
0.126953 -0.0761719
0.138672 -0.0722656
0.150391 -0.0878906
0.154297 -0.0761719
0.158203 -0.123047
0.164062 -0.121094
0.166016 -0.115234
0.169922 -0.115234
0.158203 -0.0996094
0.166016 -0.0957031
0.171875 -0.125
0.171875 -0.121094
0.171875 -0.117188
0.171875 -0.113281
0.181641 -0.123047
0.179688 -0.105469
0.167969 -0.0898438
0.126953 -0.0605469
0.130859 -0.0566406
0.138672 -0.0566406
0.142578 -0.0527344
0.146484 -0.0488281
0.126953 -0.0270891
0.126953 -0.0270891
0.130859 -0.0240905
0.130859 -0.0240905
0.134766 -0.0207415
0.134766 -0.0207415
0.138672 -0.0170268
0.141845 -0.0136719
0.141845 -0.0136719
0.145164 -0.00976562
0.145164 -0.00976562
0.14811 -0.00585938
0.14811 -0.00585938
0.150763 -0.00195312
0.162109 -0.0449219
0.173828 -0.0175781
0.189453 -0.111328
0.197266 -0.123047
0.199219 -0.125
0.189453 -0.103516
0.203125 -0.117188
0.210938 -0.117188
0.214844 -0.125
0.210938 -0.117188
0.21875 -0.125
0.226562 -0.125
0.222656 -0.0976562
0.226562 -0.101562
0.238281 -0.117188
0.238281 -0.113281
0.246094 -0.121094
0.242188 -0.117188
0.242188 -0.113281
0.246094 -0.117188
0.234375 -0.109375
0.234375 -0.105469
0.238281 -0.109375
0.240234 -0.0996094
0.246094 -0.109375
0.242188 -0.101562
0.244141 -0.0957031
0.246094 -0.101562
0.226562 -0.09375
0.236328 -0.0917969
0.199219 -0.0234375
0.193359 -0.0136719
0.203125 -0.0273438
0.203125 -0.0234375
0.205078 -0.0175781
0.207031 -0.0195312
0.210938 -0.0234375
0.203125 -0.015625
0.207031 -0.015625
0.207031 -0.0117188
0.240234 -0.0488281
0.248047 -0.0527344
0.224609 -0.00585938
0.240234 -0.0175781
0.25 -0.492188
0.261719 -0.5
0.265625 -0.5
0.251953 -0.474609
0.269196 -0.499126
0.271484 -0.498013
0.273438 -0.496094
0.275391 -0.497959
0.273438 -0.496094
0.277604 -0.499286
0.277344 -0.488281
0.265625 -0.484375
0.265625 -0.480469
0.265625 -0.472656
0.279297 -0.482422
0.277344 -0.476562
0.277344 -0.472656
0.25 -0.460938
0.25 -0.457031
0.253906 -0.457031
0.25 -0.453125
0.25 -0.449219
0.253906 -0.453125
0.25 -0.445312
0.253906 -0.441406
0.257812 -0.449219
0.257812 -0.441406
0.261719 -0.445312
0.261719 -0.441406
0.267578 -0.462891
0.265625 -0.460938
0.267578 -0.455078
0.279297 -0.455078
0.269531 -0.449219
0.269531 -0.453125
0.269531 -0.449219
0.265625 -0.445312
0.269531 -0.445312
0.269531 -0.441406
0.277344 -0.449219
0.277344 -0.445312
0.277344 -0.441406
0.28125 -0.5
0.28125 -0.496094
0.285156 -0.5
0.285156 -0.496094
0.285156 -0.488281
0.285156 -0.488281
0.289062 -0.5
0.289062 -0.496094
0.292969 -0.5
0.289062 -0.488281
0.289062 -0.488281
0.292969 -0.492188
0.292969 -0.488281
0.285156 -0.484375
0.285156 -0.480469
0.285156 -0.476562
0.289062 -0.484375
0.292969 -0.480469
0.300781 -0.5
0.300781 -0.496094
0.308594 -0.496094
0.308594 -0.5
0.310547 -0.494141
0.304688 -0.492188
0.306641 -0.486328
0.308594 -0.492188
0.308594 -0.484375
0.302734 -0.478516
0.304688 -0.476562
0.300781 -0.472656
0.304688 -0.480469
0.304688 -0.480469
0.308594 -0.480469
0.308594 -0.480469
0.304688 -0.476562
0.304688 -0.472656
0.308594 -0.472656
0.294922 -0.458984
0.296875 -0.455078
0.28125 -0.449219
0.287109 -0.451172
0.285156 -0.449219
0.28125 -0.445312
0.28125 -0.441406
0.285156 -0.441406
0.289062 -0.449219
0.296875 -0.449219
0.289062 -0.445312
0.300781 -0.46875
0.296875 -0.455078
0.300781 -0.455078
0.304688 -0.464844
0.308594 -0.46875
0.304688 -0.457031
0.296875 -0.453125
0.300781 -0.453125
0.300781 -0.449219
0.302734 -0.439453
0.304688 -0.453125
0.304688 -0.449219
0.304688 -0.445312
0.25 -0.433594
0.25 -0.433594
0.253906 -0.433594
0.253906 -0.433594
0.25 -0.429688
0.253906 -0.429688
0.253906 -0.425781
0.257812 -0.433594
0.261719 -0.4375
0.261719 -0.425781
0.259766 -0.423828
0.261719 -0.425781
0.25 -0.421875
0.25 -0.417969
0.253906 -0.421875
0.253906 -0.417969
0.25 -0.414062
0.25 -0.410156
0.253906 -0.414062
0.253906 -0.410156
0.257812 -0.417969
0.261719 -0.417969
0.257812 -0.410156
0.261719 -0.414062
0.265625 -0.4375
0.269531 -0.4375
0.273438 -0.429688
0.265625 -0.425781
0.273438 -0.4375
0.275391 -0.431641
0.277344 -0.4375
0.279297 -0.431641
0.273438 -0.429688
0.277344 -0.429688
0.277344 -0.425781
0.265625 -0.421875
0.265625 -0.417969
0.269531 -0.417969
0.265625 -0.40625
0.269531 -0.414062
0.269531 -0.410156
0.273438 -0.421875
0.273438 -0.417969
0.277344 -0.417969
0.273438 -0.414062
0.273438 -0.410156
0.277344 -0.414062
0.277344 -0.410156
0.25 -0.40625
0.25 -0.402344
0.253906 -0.40625
0.253906 -0.402344
0.25 -0.398438
0.253906 -0.394531
0.257812 -0.394531
0.257812 -0.40625
0.261719 -0.402344
0.261719 -0.402344
0.257812 -0.394531
0.253906 -0.386719
0.25 -0.378906
0.25 -0.378906
0.253906 -0.382812
0.253906 -0.378906
0.257812 -0.386719
0.261719 -0.390625
0.257812 -0.378906
0.265625 -0.382812
0.265625 -0.40625
0.265625 -0.402344
0.269531 -0.40625
0.265625 -0.398438
0.269531 -0.390625
0.277344 -0.40625
0.273438 -0.394531
0.277344 -0.394531
0.269531 -0.390625
0.265625 -0.382812
0.265625 -0.378906
0.269531 -0.382812
0.269531 -0.378906
0.273438 -0.390625
0.273438 -0.386719
0.273438 -0.382812
0.273438 -0.378906
0.277344 -0.382812
0.277344 -0.378906
0.285156 -0.4375
0.283203 -0.423828
0.283203 -0.419922
0.298828 -0.412109
0.306641 -0.419922
0.306641 -0.412109
0.28125 -0.390625
0.283203 -0.384766
0.294922 -0.380859
0.302734 -0.380859
0.318359 -0.5
0.316406 -0.492188
0.316406 -0.488281
0.3125 -0.480469
0.3125 -0.476562
0.3125 -0.472656
0.324219 -0.472656
0.3125 -0.46875
0.3125 -0.464844
0.3125 -0.460938
0.320312 -0.464844
0.320312 -0.460938
0.314453 -0.447266
0.320312 -0.449219
0.322266 -0.443359
0.332031 -0.460938
0.335938 -0.457031
0.339844 -0.457031
0.347656 -0.453125
0.355469 -0.441406
0.322266 -0.435547
0.322266 -0.423828
0.314453 -0.416016
0.314453 -0.408203
0.333984 -0.416016
0.318359 -0.396484
0.322266 -0.384766
0.337891 -0.392578
0.349609 -0.431641
0.359375 -0.4375
0.363281 -0.429688
0.367188 -0.421875
0.345703 -0.396484
0.369141 -0.404297
0.361328 -0.388672
0.25 -0.375
0.253906 -0.375
0.253906 -0.371094
0.25 -0.367188
0.25 -0.363281
0.253906 -0.367188
0.253906 -0.363281
0.257812 -0.375
0.257812 -0.371094
0.261719 -0.371094
0.257812 -0.367188
0.257812 -0.363281
0.261719 -0.367188
0.261719 -0.363281
0.25 -0.355469
0.25 -0.347656
0.253906 -0.347656
0.257812 -0.359375
0.261719 -0.359375
0.261719 -0.355469
0.257812 -0.351562
0.257812 -0.347656
0.263672 -0.349609
0.263672 -0.345703
0.265625 -0.375
0.269531 -0.375
0.269531 -0.371094
0.265625 -0.367188
0.265625 -0.363281
0.269531 -0.363281
0.273438 -0.375
0.273438 -0.371094
0.273438 -0.367188
0.277344 -0.367188
0.269531 -0.355469
0.267578 -0.349609
0.273438 -0.355469
0.277344 -0.355469
0.25 -0.34375
0.25 -0.339844
0.25 -0.335938
0.25 -0.332031
0.253906 -0.335938
0.257812 -0.339844
0.261719 -0.339844
0.257812 -0.335938
0.257812 -0.332031
0.261719 -0.335938
0.25 -0.328125
0.25 -0.324219
0.253906 -0.328125
0.253906 -0.316406
0.253906 -0.316406
0.259766 -0.322266
0.261719 -0.328125
0.261719 -0.324219
0.257812 -0.316406
0.261719 -0.320312
0.261719 -0.316406
0.265625 -0.34375
0.269531 -0.335938
0.273438 -0.332031
0.265625 -0.328125
0.265625 -0.324219
0.265625 -0.320312
0.265625 -0.316406
0.269531 -0.316406
0.273438 -0.324219
0.279297 -0.326172
0.273438 -0.320312
0.273438 -0.316406
0.28125 -0.371094
0.285156 -0.371094
0.285156 -0.367188
0.291016 -0.373047
0.287109 -0.357422
0.294922 -0.349609
0.302734 -0.365234
0.306641 -0.361328
0.298828 -0.357422
0.287109 -0.333984
0.285156 -0.332031
0.294922 -0.341797
0.28125 -0.328125
0.285156 -0.328125
0.285156 -0.324219
0.289062 -0.328125
0.302734 -0.341797
0.306641 -0.333984
0.296875 -0.324219
0.300781 -0.324219
0.302734 -0.314453
0.25 -0.3125
0.25 -0.300781
0.257812 -0.3125
0.257812 -0.308594
0.261719 -0.3125
0.261719 -0.308594
0.261719 -0.300781
0.25 -0.296875
0.25 -0.292969
0.25 -0.289062
0.257812 -0.292969
0.265625 -0.308594
0.269531 -0.3125
0.269531 -0.308594
0.265625 -0.304688
0.265625 -0.300781
0.269531 -0.304688
0.273438 -0.3125
0.279297 -0.310547
0.277344 -0.304688
0.265625 -0.296875
0.265625 -0.292969
0.269531 -0.296875
0.265625 -0.289062
0.273438 -0.296875
0.277344 -0.285156
0.25 -0.28125
0.25 -0.273438
0.257812 -0.28125
0.25 -0.265625
0.25 -0.257812
0.257812 -0.265625
0.265625 -0.277344
0.269531 -0.277344
0.265625 -0.269531
0.269531 -0.273438
0.271484 -0.267578
0.277344 -0.28125
0.273438 -0.269531
0.269531 -0.261719
0.265625 -0.25
0.273438 -0.265625
0.273438 -0.257812
0.28125 -0.304688
0.28125 -0.300781
0.292969 -0.308594
0.291016 -0.298828
0.292969 -0.304688
0.287109 -0.291016
0.28125 -0.285156
0.296875 -0.3125
0.296875 -0.308594
0.306641 -0.302734
0.298828 -0.287109
0.306641 -0.287109
0.28125 -0.28125
0.283203 -0.275391
0.291016 -0.271484
0.28125 -0.265625
0.306641 -0.275391
0.296875 -0.261719
0.296875 -0.257812
0.322266 -0.365234
0.326172 -0.349609
0.333984 -0.365234
0.314453 -0.341797
0.326172 -0.333984
0.314453 -0.322266
0.314453 -0.314453
0.353516 -0.365234
0.357422 -0.349609
0.361328 -0.369141
0.369141 -0.369141
0.365234 -0.357422
0.369141 -0.353516
0.369141 -0.345703
0.349609 -0.333984
0.353516 -0.330078
0.373047 -0.318359
0.314453 -0.283203
0.333984 -0.306641
0.341797 -0.298828
0.314453 -0.275391
0.314453 -0.259766
0.333984 -0.279297
0.339844 -0.261719
0.349609 -0.294922
0.369141 -0.298828
0.361328 -0.283203
0.369141 -0.287109
0.349609 -0.271484
0.355469 -0.261719
0.437366 -0.478516
0.436807 -0.474609
0.436204 -0.470703
0.435603 -0.466797
0.435055 -0.462891
0.434593 -0.458984
0.434247 -0.455078
0.434059 -0.451172
0.43412 -0.447266
0.434572 -0.443359
0.435656 -0.439453
0.437868 -0.435547
0.438946 -0.498047
0.438834 -0.494141
0.438606 -0.490234
0.438275 -0.486328
0.437856 -0.482422
0.437366 -0.478516
0.488033 -0.498011
0.487518 -0.494197
0.490538 -0.498873
0.490234 -0.492624
0.488114 -0.492067
0.48943 -0.492111
0.492236 -0.496605
0.492604 -0.49498
0.437868 -0.435547
0.439453 -0.433672
0.443359 -0.430537
0.443359 -0.430537
0.447266 -0.428179
0.451172 -0.426195
0.451172 -0.426195
0.455078 -0.424401
0.458984 -0.422831
0.462891 -0.421552
0.458984 -0.422831
0.462891 -0.421552
0.466797 -0.420612
0.463048 -0.388183
0.463086 -0.384861
0.466432 -0.38823
0.466363 -0.384845
0.470703 -0.420079
0.474609 -0.419986
0.478516 -0.420244
0.482422 -0.420788
0.486328 -0.421773
0.490234 -0.423578
0.498753 -0.431641
0.494141 -0.426437
0.494141 -0.426437
0.495464 -0.427734
0.486328 -0.421773
0.388672 -0.330078
0.400391 -0.326172
0.431641 -0.314453
0.392578 -0.291016
0.392578 -0.283203
0.376953 -0.263672
0.412109 -0.291016
0.423828 -0.267578
0.443359 -0.326172
0.451172 -0.326172
0.455078 -0.314453
0.484375 -0.359375
0.478516 -0.326172
0.482422 -0.314453
0.462891 -0.267578
0.46875 -0.296875
0.486328 -0.310547
0.490234 -0.267578
0.25 -0.25
0.25 -0.234375
0.265625 -0.25
0.25 -0.203125
0.257812 -0.195312
0.257812 -0.195312
0.265625 -0.210938
0.273438 -0.21875
0.265625 -0.195312
0.273438 -0.203125
0.28125 -0.242188
0.292969 -0.238281
0.289062 -0.234375
0.304688 -0.242188
0.296875 -0.234375
0.296875 -0.226562
0.304688 -0.226562
0.28125 -0.21875
0.289062 -0.21875
0.289062 -0.203125
0.28125 -0.199219
0.28125 -0.199219
0.289062 -0.199219
0.289062 -0.199219
0.28125 -0.1875
0.289062 -0.199219
0.289062 -0.199219
0.289062 -0.191406
0.292969 -0.191406
0.296875 -0.210938
0.304688 -0.21875
0.306641 -0.208984
0.304688 -0.207031
0.308594 -0.207031
0.296875 -0.203125
0.296875 -0.199219
0.302734 -0.201172
0.296875 -0.195312
0.296875 -0.191406
0.304688 -0.203125
0.308594 -0.203125
0.308594 -0.195312
0.308594 -0.195312
0.306641 -0.189453
0.3125 -0.195312
0.257812 -0.1875
0.25 -0.179688
0.25 -0.171875
0.257812 -0.171875
0.257812 -0.164062
0.28125 -0.1875
0.273438 -0.175781
0.277344 -0.175781
0.269531 -0.171875
0.269531 -0.167969
0.265625 -0.164062
0.277344 -0.171875
0.277344 -0.167969
0.273438 -0.164062
0.273438 -0.160156
0.277344 -0.160156
0.265625 -0.140625
0.25 -0.136719
0.251953 -0.136719
0.261719 -0.136719
0.265625 -0.136719
0.261719 -0.136719
0.257812 -0.132812
0.261719 -0.132812
0.261719 -0.128906
0.265625 -0.15625
0.269531 -0.152344
0.269531 -0.148438
0.269531 -0.140625
0.273438 -0.15625
0.273438 -0.152344
0.277344 -0.15625
0.273438 -0.148438
0.275391 -0.142578
0.277344 -0.148438
0.265625 -0.140625
0.265625 -0.136719
0.269531 -0.140625
0.269531 -0.136719
0.265625 -0.128906
0.273438 -0.136719
0.28125 -0.136719
0.277344 -0.132812
0.28125 -0.183594
0.285156 -0.183594
0.28125 -0.179688
0.285156 -0.175781
0.289062 -0.1875
0.292969 -0.183594
0.292969 -0.183594
0.292969 -0.183594
0.289062 -0.175781
0.292969 -0.179688
0.292969 -0.175781
0.28125 -0.171875
0.28125 -0.167969
0.285156 -0.171875
0.285156 -0.167969
0.28125 -0.164062
0.289062 -0.171875
0.289062 -0.167969
0.292969 -0.171875
0.292969 -0.164062
0.300781 -0.1875
0.296875 -0.179688
0.300781 -0.179688
0.300781 -0.175781
0.304688 -0.183594
0.308594 -0.1875
0.308594 -0.183594
0.306641 -0.177734
0.308594 -0.179688
0.308594 -0.175781
0.296875 -0.171875
0.296875 -0.167969
0.296875 -0.164062
0.300781 -0.160156
0.310547 -0.162109
0.283203 -0.154297
0.292969 -0.152344
0.289062 -0.148438
0.28125 -0.140625
0.28125 -0.132812
0.285156 -0.128906
0.289062 -0.140625
0.289062 -0.136719
0.289062 -0.132812
0.289062 -0.128906
0.292969 -0.132812
0.292969 -0.128906
0.300781 -0.148438
0.308594 -0.140625
0.296875 -0.140625
0.302734 -0.138672
0.296875 -0.132812
0.296875 -0.128906
0.300781 -0.132812
0.308594 -0.140625
0.304688 -0.136719
0.304688 -0.132812
0.310547 -0.126953
0.3125 -0.242188
0.3125 -0.226562
0.316406 -0.21875
0.3125 -0.207031
0.316406 -0.207031
0.324219 -0.210938
0.324219 -0.207031
0.316406 -0.203125
0.3125 -0.195312
0.3125 -0.191406
0.316406 -0.191406
0.320312 -0.195312
0.320312 -0.191406
0.324219 -0.195312
0.324219 -0.191406
0.330078 -0.205078
0.337891 -0.212891
0.328125 -0.203125
0.332031 -0.203125
0.332031 -0.199219
0.332031 -0.195312
0.332031 -0.191406
0.335938 -0.203125
0.335938 -0.199219
0.335938 -0.195312
0.335938 -0.191406
0.339844 -0.195312
0.349609 -0.216797
0.353516 -0.197266
0.3125 -0.1875
0.3125 -0.183594
0.316406 -0.1875
0.3125 -0.179688
0.3125 -0.175781
0.320312 -0.183594
0.324219 -0.1875
0.320312 -0.179688
0.320312 -0.175781
0.316406 -0.167969
0.316406 -0.164062
0.324219 -0.164062
0.328125 -0.1875
0.328125 -0.183594
0.332031 -0.1875
0.328125 -0.179688
0.328125 -0.175781
0.332031 -0.179688
0.332031 -0.175781
0.335938 -0.183594
0.339844 -0.183594
0.335938 -0.179688
0.332031 -0.171875
0.332031 -0.167969
0.328125 -0.164062
0.328125 -0.160156
0.332031 -0.160156
0.335938 -0.171875
0.335938 -0.167969
0.335938 -0.164062
0.335938 -0.160156
0.316406 -0.152344
0.3125 -0.144531
0.3125 -0.144531
0.316406 -0.148438
0.316406 -0.144531
0.320312 -0.15625
0.320312 -0.152344
0.324219 -0.15625
0.324219 -0.152344
0.320312 -0.148438
0.320312 -0.144531
0.324219 -0.148438
0.3125 -0.140625
0.3125 -0.136719
0.316406 -0.140625
0.316406 -0.136719
0.3125 -0.132812
0.3125 -0.125
0.316406 -0.132812
0.316406 -0.128906
0.320312 -0.136719
0.324219 -0.140625
0.324219 -0.136719
0.320312 -0.132812
0.324219 -0.128906
0.328125 -0.15625
0.328125 -0.152344
0.332031 -0.15625
0.328125 -0.148438
0.330078 -0.142578
0.332031 -0.148438
0.332031 -0.144531
0.335938 -0.15625
0.335938 -0.152344
0.328125 -0.136719
0.332031 -0.140625
0.328125 -0.132812
0.328125 -0.128906
0.332031 -0.128906
0.335938 -0.140625
0.335938 -0.136719
0.339844 -0.140625
0.339844 -0.136719
0.339844 -0.132812
0.34375 -0.1875
0.349609 -0.150391
0.357422 -0.130859
0.25 -0.125
0.253906 -0.125
0.253906 -0.117188
0.257812 -0.117188
0.261719 -0.121094
0.257812 -0.117188
0.257812 -0.113281
0.261719 -0.117188
0.261719 -0.113281
0.25 -0.109375
0.253906 -0.109375
0.253906 -0.105469
0.25 -0.0976562
0.253906 -0.101562
0.253906 -0.0976562
0.257812 -0.109375
0.257812 -0.105469
0.257812 -0.101562
0.257812 -0.0976562
0.261719 -0.101562
0.261719 -0.0976562
0.265625 -0.121094
0.265625 -0.117188
0.265625 -0.113281
0.269531 -0.113281
0.277344 -0.121094
0.277344 -0.125
0.279297 -0.111328
0.265625 -0.109375
0.265625 -0.105469
0.269531 -0.105469
0.265625 -0.101562
0.265625 -0.0976562
0.269531 -0.101562
0.269531 -0.0976562
0.277344 -0.105469
0.277344 -0.109375
0.273438 -0.101562
0.273438 -0.0976562
0.277344 -0.101562
0.25 -0.09375
0.253906 -0.0898438
0.251953 -0.0800781
0.253906 -0.0820312
0.261719 -0.0898438
0.263672 -0.0761719
0.263672 -0.0644531
0.265625 -0.09375
0.265625 -0.0898438
0.269531 -0.0898438
0.267578 -0.0839844
0.265625 -0.0820312
0.269531 -0.0859375
0.273438 -0.09375
0.277344 -0.09375
0.277344 -0.0898438
0.269531 -0.078125
0.285156 -0.121094
0.28125 -0.109375
0.285156 -0.117188
0.285156 -0.113281
0.289062 -0.125
0.292969 -0.125
0.292969 -0.117187
0.292969 -0.113281
0.285156 -0.109375
0.285156 -0.105469
0.285156 -0.101562
0.289062 -0.109375
0.289062 -0.105469
0.292969 -0.109375
0.292969 -0.105469
0.289062 -0.101562
0.289062 -0.0976562
0.292969 -0.101562
0.292969 -0.0976562
0.296875 -0.125
0.300781 -0.125
0.300781 -0.121094
0.300781 -0.113281
0.308594 -0.121094
0.308594 -0.125
0.308594 -0.121094
0.306641 -0.115234
0.304688 -0.113281
0.308594 -0.117188
0.308594 -0.113281
0.300781 -0.0976562
0.304688 -0.109375
0.308594 -0.109375
0.306641 -0.0996094
0.308594 -0.0976562
0.310547 -0.0996094
0.308594 -0.0976562
0.28125 -0.09375
0.28125 -0.0898438
0.287109 -0.0917969
0.28125 -0.0820312
0.289062 -0.09375
0.292969 -0.09375
0.292969 -0.0898438
0.289062 -0.0859375
0.289062 -0.0820312
0.292969 -0.0859375
0.292969 -0.0820312
0.283203 -0.0761719
0.283203 -0.0644531
0.292969 -0.078125
0.296875 -0.09375
0.296875 -0.0898438
0.300781 -0.09375
0.300781 -0.0898438
0.296875 -0.0859375
0.296875 -0.0820312
0.300781 -0.0859375
0.300781 -0.0820312
0.304688 -0.09375
0.304688 -0.0898438
0.308594 -0.0898438
0.304688 -0.0820312
0.300781 -0.0703125
0.304688 -0.0742188
0.310547 -0.0761719
0.304688 -0.0703125
0.310547 -0.0683594
0.251953 -0.0488281
0.251953 -0.0410156
0.267578 -0.0488281
0.279297 -0.00195312
0.283203 -0.0449219
0.302734 -0.0566406
0.306641 -0.0605469
0.291016 -0.0214844
0.287109 -0.00195312
0.298828 -0.0292969
0.306641 -0.0292969
0.310547 -0.0175781
0.306641 -0.00195312
0.3125 -0.125
0.3125 -0.121094
0.316406 -0.125
0.3125 -0.117188
0.3125 -0.113281
0.322266 -0.123047
0.328125 -0.113281
0.328125 -0.113281
0.3125 -0.105469
0.316406 -0.109375
0.316406 -0.105469
0.3125 -0.0976562
0.3125 -0.0976562
0.316406 -0.101562
0.316406 -0.0976562
0.320312 -0.105469
0.324219 -0.105469
0.320312 -0.101562
0.328125 -0.117188
0.332031 -0.117188
0.328125 -0.117187
0.328125 -0.113281
0.332031 -0.117188
0.328125 -0.109375
0.328125 -0.0976562
0.339844 -0.105469
0.341797 -0.0996094
0.3125 -0.0898438
0.316406 -0.0898438
0.3125 -0.0859375
0.316406 -0.0820312
0.320312 -0.09375
0.324219 -0.09375
0.314453 -0.0761719
0.314453 -0.0722656
0.330078 -0.0917969
0.337891 -0.0800781
0.328125 -0.0664062
0.335938 -0.0664062
0.341797 -0.0761719
0.335938 -0.0664062
0.339844 -0.0664062
0.353516 -0.103516
0.373047 -0.0957031
0.353516 -0.0917969
0.34375 -0.0742188
0.347656 -0.0742187
0.34375 -0.0664062
0.365234 -0.0878906
0.359375 -0.0664062
0.365234 -0.0683594
0.363281 -0.0664062
0.318359 -0.0605469
0.318359 -0.0449219
0.328125 -0.0625
0.328125 -0.0585938
0.332031 -0.0625
0.332031 -0.0585938
0.332031 -0.0546875
0.332031 -0.0507812
0.335938 -0.0625
0.335938 -0.0585938
0.335938 -0.0546875
0.322266 -0.00585938
0.326172 0.00021191
0.330078 -0.0253906
0.337891 -0.0253906
0.341797 -0.0214844
0.330078 -0.00294139
0.330078 -0.00294139
0.333984 -0.00532966
0.341797 -0.00781543
0.337891 -0.00687668
0.341797 -0.00781543
0.34375 -0.0546875
0.351562 -0.0585938
0.34375 -0.0546875
0.34375 -0.0507812
0.347656 -0.0546875
0.351562 -0.0585938
0.351562 -0.0585938
0.355469 -0.0625
0.355469 -0.0585938
0.351562 -0.0546875
0.351562 -0.0507812
0.355469 -0.0546875
0.34375 -0.046875
0.347656 -0.046875
0.347656 -0.0429688
0.34375 -0.0390625
0.345703 -0.0332031
0.347656 -0.0390625
0.351562 -0.046875
0.351562 -0.0390625
0.355469 -0.0390625
0.363281 -0.0625
0.359375 -0.0507812
0.367188 -0.0625
0.367188 -0.0585938
0.363281 -0.046875
0.361328 -0.0410156
0.363281 -0.046875
0.359375 -0.0390625
0.363281 -0.0390625
0.363281 -0.0351562
0.367188 -0.0429688
0.371094 -0.046875
0.371094 -0.0429688
0.367188 -0.0390625
0.371094 -0.0390625
0.371094 -0.0351562
0.345703 -0.0082454
0.349609 -0.00829087
0.353516 -0.00813101
0.357422 -0.00787536
0.357422 -0.00787536
0.361328 -0.0214844
0.367188 -0.03125
0.371094 -0.03125
0.361328 -0.00763316
0.365234 -0.00743573
0.369141 -0.00720866
0.373047 -0.00677156
0.392578 -0.236328
0.404297 -0.236328
0.416016 -0.228516
0.435547 -0.212891
0.384766 -0.142578
0.388672 -0.126953
0.433594 -0.167969
0.451172 -0.240234
0.443359 -0.212891
0.441406 -0.160156
0.447266 -0.150391
0.451172 -0.150391
0.457405 -0.15197
0.466797 -0.150391
0.380859 -0.115234
0.42183 -0.0800781
0.41824 -0.0722656
0.419153 -0.0761719
0.41824 -0.0722656
0.417923 -0.0683594
0.418101 -0.0644531
0.417923 -0.0683594
0.418101 -0.0644531
0.423828 -0.0813243
0.423828 -0.0813243
0.427734 -0.083085
0.427734 -0.083085
0.431641 -0.0841651
0.435547 -0.0850215
0.375 -0.0507812
0.375 -0.0507812
0.378906 -0.0507812
0.375 -0.046875
0.375 -0.0390625
0.378906 -0.0390625
0.386719 -0.0429688
0.388672 -0.0371094
0.390625 -0.046875
0.394531 -0.046875
0.394531 -0.0429688
0.394531 -0.03125
0.402344 -0.0351562
0.375 -0.03125
0.375 -0.0273438
0.378906 -0.03125
0.375 -0.0234375
0.378906 -0.0195312
0.384766 -0.0253906
0.382812 -0.0234375
0.382812 -0.0195312
0.386719 -0.0234375
0.386719 -0.0195312
0.376953 -0.00577307
0.380859 -0.00364094
0.380859 -0.00364094
0.38279 -0.00195312
0.394531 -0.03125
0.390625 -0.0273438
0.390625 -0.0234375
0.390625 -0.0195312
0.394531 -0.0234375
0.394531 -0.0195312
0.398438 -0.03125
0.402344 -0.0273438
0.402344 -0.03125
0.402344 -0.0273437
0.398438 -0.0234375
0.398438 -0.0195312
0.390625 -0.015625
0.390625 -0.0117188
0.394531 -0.015625
0.396484 -0.00976562
0.392578 -0.00195312
0.396484 -0.00195312
0.418813 -0.0605469
0.420107 -0.0566406
0.417969 -0.0546875
0.417969 -0.0507812
0.421873 -0.0527344
0.410156 -0.046875
0.40625 -0.0351562
0.416016 -0.0449219
0.414062 -0.0429688
0.419922 -0.0449219
0.414062 -0.0390625
0.414062 -0.0351562
0.417969 -0.0390625
0.421873 -0.0527344
0.42414 -0.0488281
0.426728 -0.0449219
0.425781 -0.0429688
0.426728 -0.0449219
0.429701 -0.0410156
0.427734 -0.0371094
0.427734 -0.0332031
0.429701 -0.0410156
0.432939 -0.0371094
0.431641 -0.0332031
0.432939 -0.0371094
0.436337 -0.0332031
0.40625 -0.03125
0.40625 -0.0273438
0.410156 -0.0273438
0.40625 -0.0195312
0.410156 -0.0234375
0.410156 -0.0195312
0.414062 -0.0273438
0.417969 -0.03125
0.417969 -0.0273438
0.417969 -0.0234375
0.410156 -0.015625
0.421875 -0.0273438
0.421875 -0.0234375
0.429688 -0.0273438
0.431641 -0.0175781
0.439453 -0.0857351
0.443359 -0.0863473
0.439453 -0.0857351
0.447266 -0.0869084
0.451172 -0.0874477
0.455078 -0.0879842
0.458984 -0.0885147
0.460003 -0.0790078
0.462891 -0.089012
0.466797 -0.0894604
0.462891 -0.0790157
0.464933 -0.0782307
0.459881 -0.0761719
0.464518 -0.0744613
0.462537 -0.0741542
0.465288 -0.0761719
0.465677 -0.0735228
0.470703 -0.0898291
0.470703 -0.0898291
0.474609 -0.0900604
0.478516 -0.0901527
0.482422 -0.0901153
0.47974 -0.0824708
0.47896 -0.0800781
0.482422 -0.0822098
0.483983 -0.0809672
0.479461 -0.0774735
0.482422 -0.0778022
0.486328 -0.0899589
0.490234 -0.0896317
0.484487 -0.0821066
0.48549 -0.0800781
0.494141 -0.0891453
0.498047 -0.0885252
0.484556 -0.0779925
0.492057 -0.0675845
0.492066 -0.0662504
0.494957 -0.0683594
0.494903 -0.0659759
0.498466 -0.0673751
0.498047 -0.0661751
0.436337 -0.0332031
0.439453 -0.0297908
0.443359 -0.0261991
0.443359 -0.0261991
0.447266 -0.0233606
0.447266 -0.0233606
0.451172 -0.0210892
0.443359 -0.00976562
0.455078 -0.0190179
0.455078 -0.0190179
0.458984 -0.0169481
0.462891 -0.0147756
0.458984 -0.00195312
0.462891 -0.0147756
0.466797 -0.0125105
0.466797 -0.0125105
0.470703 -0.0103473
0.474609 -0.00842131
0.474609 -0.00842131
0.478516 -0.00682802
0.482422 -0.00558968
0.486328 -0.00469065
0.490234 -0.00414716
0.494141 -0.00403297
0.494141 -0.00403297
0.498047 -0.00443597
0.00195312 0.0260012
0.00195312 0.0260012
0.00585938 0.0295828
0.00585938 0.0295828
0.00976562 0.0331779
0.0136719 0.0366338
0.0136719 0.0366338
0.0175781 0.0398574
0.0175781 0.0398574
0.0214844 0.0428762
0.0214844 0.0428762
0.0253906 0.0455433
0.0292969 0.0477117
0.0292969 0.0477117
0.0332031 0.0493844
0.0371094 0.0504929
0.0371094 0.0504929
0.0410156 0.051072
0.0449219 0.0511267
0.0488281 0.0508798
0.0488281 0.0508798
0.0527344 0.0504024
0.0566406 0.0498757
0.0605469 0.04942
0.00195312 0.106579
0.00585938 0.106029
0.00976562 0.105614
0.00976562 0.105614
0.0136719 0.105342
0.0175781 0.105304
0.0214844 0.105573
0.0214844 0.105573
0.0253906 0.106209
0.0253906 0.106209
0.0292969 0.107184
0.0292969 0.107184
0.0332031 0.108488
0.0371094 0.110087
0.0371094 0.110087
0.0410156 0.111914
0.0449219 0.113935
0.0449219 0.113935
0.0488281 0.116072
0.0527344 0.118311
0.0566406 0.120612
0.0566406 0.120612
0.0605469 0.122873
0.0605469 0.122873
0.0644531 0.0490992
0.0683594 0.048934
0.0722656 0.0489076
0.0761719 0.0490108
0.0800781 0.0492529
0.0839844 0.0496487
0.0878906 0.0502016
0.0917969 0.0508958
0.0917969 0.0508958
0.0957031 0.0517249
0.0996094 0.0527166
0.103516 0.0538978
0.107422 0.0552857
0.107422 0.0552857
0.111328 0.0569026
0.115234 0.0588498
0.115234 0.0588498
0.119141 0.0611404
0.0644531 0.125183
0.123047 0.06398
0.125374 0.0917969
0.0977985 0.123047
0.101397 0.119141
0.0977985 0.123047
0.103516 0.116881
0.107422 0.112904
0.105326 0.115234
0.101397 0.119141
0.112809 0.107422
0.116347 0.103516
0.112809 0.107422
0.119843 0.0996094
0.122876 0.0957031
0.119843 0.0996094
0.116347 0.103516
0.111328 0.109188
0.113602 0.109741
0.0644531 0.125183
0.0683594 0.127301
0.0722656 0.129366
0.0722656 0.129366
0.0761719 0.130984
0.0800781 0.132198
0.0839844 0.132529
0.0878906 0.131666
0.0941668 0.126953
0.0917969 0.129339
0.0941668 0.126953
0.153077 0.00195312
0.153077 0.00195312
0.15511 0.00585938
0.156909 0.00976562
0.15511 0.00585938
0.156909 0.00976562
0.158501 0.0136719
0.159931 0.0175781
0.159931 0.0175781
0.161263 0.0214844
0.162488 0.0253906
0.163581 0.0292969
0.163581 0.0292969
0.185547 0.0253906
0.164569 0.0332031
0.165346 0.0371094
0.165912 0.0410156
0.166225 0.0449219
0.166276 0.0488281
0.166074 0.0527344
0.165639 0.0566406
0.165 0.0605469
0.12356 0.0644531
0.127318 0.0683594
0.12967 0.0722656
0.130784 0.0761719
0.129319 0.0839844
0.130646 0.0800781
0.129319 0.0839844
0.127512 0.0878906
0.125374 0.0917969
0.16426 0.0644531
0.163557 0.0683594
0.162847 0.0722656
0.162424 0.0761719
0.16426 0.0644531
0.162479 0.0800781
0.163215 0.0839844
0.164867 0.0878906
0.164867 0.0878906
0.16737 0.0917969
0.16737 0.0917969
0.169922 0.0945352
0.173828 0.0979699
0.173828 0.0979699
0.177734 0.100798
0.177734 0.100798
0.181641 0.103279
0.185547 0.105599
0.185547 0.105599
0.1875 0.015625
0.193359 0.0175781
0.199219 0.0273438
0.222656 0.0351562
0.230469 0.0429688
0.240234 0.0566406
0.189453 0.107908
0.193359 0.110361
0.193359 0.110361
0.197266 0.113051
0.197266 0.113051
0.201172 0.116155
0.201172 0.116155
0.204371 0.119141
0.207948 0.123047
0.207948 0.123047
0.248047 0.0644531
0.210983 0.126953
0.210983 0.126953
0.213517 0.130859
0.215653 0.134766
0.215653 0.134766
0.217439 0.138672
0.219191 0.142578
0.219191 0.142578
0.221137 0.146484
0.222516 0.14857
0.224609 0.149771
0.228516 0.150884
0.232422 0.14969
0.244141 0.14158
0.248047 0.139068
0.236328 0.147281
0.240234 0.144502
0.240234 0.144502
0.236328 0.147281
0.244141 0.14158
0.0390625 0.257812
0.00195312 0.366846
0.00645397 0.366906
0.00134209 0.370671
0.00322334 0.373047
0.00585938 0.369558
0.00585938 0.372604
0.00798777 0.367144
0.00976562 0.368999
0.00997688 0.371963
0.0136719 0.370702
0.0124083 0.373047
0.0189234 0.366603
0.0214844 0.367522
0.018623 0.370644
0.0162577 0.37196
0.0214844 0.367522
0.0244805 0.366371
0.024552 0.369173
0.0250284 0.373047
0.00103232 0.375792
0.000161925 0.379048
0.0144468 0.375867
0.0175781 0.377562
0.0214844 0.377856
0.0214844 0.377856
0.0237701 0.375451
0.0388703 0.421605
0.039379 0.421713
0.0389542 0.422066
0.0394914 0.422134
0.0191979 0.440456
0.0194637 0.441915
0.020235 0.440789
0.0217703 0.445094
0.019665 0.451172
0.0221451 0.448595
0.019665 0.451172
0.0253906 0.448959
0.0292969 0.449322
0.0292969 0.449322
0.0193971 0.455078
0.0195108 0.457058
0.0193971 0.455078
0.0219435 0.458238
0.0253906 0.459743
0.0292969 0.459933
0.0146077 0.479757
0.0138139 0.481581
0.0165978 0.479048
0.0159863 0.480961
0.0332031 0.450332
0.0356667 0.451172
0.0410156 0.453247
0.0449219 0.451856
0.0332031 0.460161
0.0371094 0.453866
0.0367222 0.460717
0.0383712 0.461055
0.0410156 0.453247
0.0449219 0.461019
0.0410156 0.461488
0.0449219 0.461019
0.0473 0.452704
0.0481765 0.455078
0.0472799 0.458984
0.263672 0.0332031
0.251953 0.0488281
0.255859 0.0566406
0.263672 0.0605469
0.312134 0.0214844
0.308789 0.0292969
0.310393 0.0253906
0.308789 0.0292969
0.303913 0.0410156
0.302333 0.0449219
0.307189 0.0332031
0.305641 0.0371094
0.303913 0.0410156
0.300864 0.0488281
0.299564 0.0527344
0.300864 0.0488281
0.298527 0.0566406
0.297657 0.0605469
0.271484 0.126207
0.282493 0.115234
0.275391 0.122791
0.275391 0.122791
0.279133 0.119141
0.296896 0.0644531
0.296194 0.0683594
0.295553 0.0722656
0.294961 0.0761719
0.294374 0.0800781
0.293756 0.0839844
0.293074 0.0878906
0.292313 0.0917969
0.293074 0.0878906
0.296896 0.0644531
0.288999 0.103516
0.2873 0.107422
0.291441 0.0957031
0.29036 0.0996094
0.288999 0.103516
0.285174 0.111328
0.282493 0.115234
0.285174 0.111328
0.314453 0.00195312
0.321071 0.00585938
0.316058 0.0136719
0.318344 0.00976562
0.316058 0.0136719
0.324407 0.00195312
0.321071 0.00585938
0.326172 0.00021191
0.314047 0.0175781
0.312134 0.0214844
0.251953 0.137048
0.251953 0.137048
0.255859 0.135468
0.259766 0.13381
0.263672 0.131668
0.259766 0.13381
0.263672 0.131668
0.267578 0.129151
0.267578 0.129151
0.271484 0.126207
0.385373 0.00195312
0.387133 0.00585938
0.385373 0.00195312
0.387133 0.00585938
0.388783 0.00976562
0.390401 0.0136719
0.390401 0.0136719
0.39264 0.0175781
0.394279 0.0197349
0.396484 0.0206783
0.396484 0.0206783
0.400391 0.021117
0.404297 0.0213439
0.416016 0.00195312
0.419922 0.00585938
0.408203 0.0217816
0.412109 0.022267
0.416016 0.02234
0.419922 0.0216206
0.435547 0.00585938
0.423828 0.0203532
0.427734 0.0196612
0.431641 0.0210616
0.435547 0.023854
0.436826 0.0253906
0.437365 0.0332031
0.435733 0.0371094
0.435144 0.0410156
0.435962 0.0449219
0.437703 0.0488281
0.439453 0.00976562
0.451172 0.0136719
0.437867 0.0230152
0.436826 0.0253906
0.438202 0.0292969
0.455078 0.00585938
0.462891 0.00195312
0.464844 0.015625
0.437365 0.0332031
0.437703 0.0488281
0.439885 0.0527344
0.44178 0.0566406
0.44178 0.0566406
0.442933 0.0605469
0.451172 0.0527344
0.462891 0.0410156
0.458984 0.0488281
0.470703 0.00976562
0.476562 0.0195312
0.474609 0.0371094
0.480469 0.046875
0.480469 0.046875
0.480469 0.046875
0.443424 0.0644531
0.443639 0.0683594
0.443959 0.0722656
0.444638 0.0761719
0.445917 0.0800781
0.445917 0.0800781
0.448215 0.0839844
0.448215 0.0839844
0.451172 0.0869646
0.455078 0.089432
0.455078 0.089432
0.458984 0.0915478
0.462891 0.0939009
0.462891 0.0939009
0.466797 0.0972508
0.468836 0.0996094
0.494141 0.0878906
0.468836 0.0996094
0.470831 0.103516
0.472488 0.107422
0.472488 0.107422
0.473374 0.111328
0.473614 0.115234
0.472706 0.123047
0.473311 0.119141
0.472706 0.123047
0.490234 0.0957031
0.468725 0.142578
0.467858 0.146484
0.46691 0.150391
0.465963 0.154297
0.465005 0.158203
0.463976 0.162109
0.465005 0.158203
0.463029 0.166016
0.462229 0.169922
0.460885 0.177734
0.459965 0.181641
0.458568 0.185547
0.461575 0.173828
0.460885 0.177734
0.471977 0.126953
0.471194 0.130859
0.470389 0.134766
0.469559 0.138672
0.468725 0.142578
0.483064 0.158528
0.483089 0.162109
0.484264 0.16414
0.486328 0.158089
0.488527 0.159734
0.488669 0.162109
0.486328 0.164374
0.488557 0.164329
0.443868 0.201172
0.451172 0.194991
0.447266 0.198082
0.447266 0.198082
0.451172 0.194991
0.441325 0.205078
0.440025 0.208984
0.441325 0.205078
0.439482 0.212891
0.439251 0.216797
0.456437 0.189453
0.453031 0.193359
0.456437 0.189453
0.439077 0.220703
0.438858 0.224609
0.438646 0.228516
0.438559 0.232422
0.43871 0.236328
0.439175 0.240234
0.439987 0.244141
0.441122 0.248047
0.441122 0.248047
0.442527 0.251953
0.444158 0.255859
0.445921 0.259766
0.445921 0.259766
0.447818 0.263672
0.449808 0.267578
0.449808 0.267578
0.451847 0.271484
0.453888 0.275391
0.453888 0.275391
0.455873 0.279297
0.457837 0.283203
0.457837 0.283203
0.459729 0.287109
0.461655 0.291016
0.461655 0.291016
0.463495 0.294922
0.465322 0.298828
0.465322 0.298828
0.467047 0.302734
0.468789 0.306641
0.487524 0.264111
0.490843 0.261311
0.489234 0.262393
0.492847 0.261394
0.494762 0.263271
0.49616 0.265454
0.487733 0.266796
0.4886 0.269254
0.490593 0.270154
0.495062 0.268117
0.493064 0.270021
0.496094 0.265625
0.496094 0.269531
0.468789 0.306641
0.470429 0.310547
0.471973 0.314453
0.473334 0.318359
0.471973 0.314453
0.473334 0.318359
0.474422 0.322266
0.475261 0.326172
0.475878 0.330078
0.476488 0.333984
0.476488 0.333984
0.477243 0.337891
0.478082 0.341797
0.479039 0.345703
0.480091 0.349609
0.480091 0.349609
0.481142 0.353516
0.482119 0.357422
0.482911 0.361328
0.483418 0.365234
0.483864 0.369141
0.484453 0.373047
0.484453 0.373047
0.417459 0.499166
0.419922 0.499478
0.422373 0.499173
0.48509 0.376953
0.485727 0.380859
0.486373 0.384766
0.487166 0.388672
0.499777 0.376953
0.497932 0.380859
0.4964 0.384766
0.495132 0.388672
0.4964 0.384766
0.487955 0.391155
0.490234 0.39352
0.49174 0.39752
0.489582 0.399026
0.488316 0.405831
0.493594 0.392145
0.492421 0.396702
0.493432 0.400391
0.493194 0.404297
0.488256 0.413507
0.488465 0.409232
0.488307 0.410208
0.488014 0.416016
0.487459 0.419922
0.492526 0.408203
0.492733 0.412109
0.493107 0.416016
0.493316 0.419922
0.48693 0.423828
0.486436 0.427734
0.485989 0.431641
0.48564 0.435547
0.493502 0.423828
0.493659 0.427734
0.493784 0.431641
0.493904 0.435547
0.449108 0.496041
0.447316 0.498047
0.452709 0.495986
0.450637 0.496795
0.454249 0.495755
0.456295 0.496541
0.457048 0.496082
0.458141 0.49812
0.461011 0.492114
0.485428 0.439453
0.485391 0.443359
0.485561 0.447266
0.485941 0.451172
0.494041 0.439453
0.494236 0.443359
0.494531 0.447266
0.494947 0.451172
0.4865 0.455078
0.48717 0.458984
0.487877 0.462891
0.488594 0.466797
0.495463 0.455078
0.496045 0.458984
0.496045 0.458984
0.496663 0.462891
0.4973 0.466797
0.4762 0.494141
0.47643 0.496237
0.478516 0.49184
0.48113 0.491719
0.476815 0.494141
0.478516 0.496354
0.48171 0.494141
0.480903 0.49643
0.489295 0.470703
0.489981 0.474609
0.490643 0.478516
0.491263 0.482422
0.497924 0.470703
0.498504 0.474609
0.499017 0.478516
0.499453 0.482422
0.491822 0.486328
0.492154 0.488604
0.492333 0.490408
0.499834 0.486328
0.5 0.488281
0.492625 0.494141
0.492831 0.498047
