t ke gpe 
0 0 -0.124842
0.000118634 5.10963e-05 -0.124842
0.000353904 8.92935e-05 -0.124841
0.000637613 0.000145751 -0.12484
0.000971984 0.000230879 -0.124839
0.00134815 0.000346323 -0.124837
0.00176014 0.000489941 -0.124835
0.00219382 0.000651522 -0.124834
0.00265301 0.000832544 -0.124832
0.00314281 0.00102924 -0.12483
0.00367028 0.00124727 -0.124828
0.00419776 0.00146476 -0.124825
0.00477798 0.00170816 -0.124823
0.00535821 0.00195074 -0.12482
0.00593843 0.00219723 -0.124818
0.00651866 0.00244391 -0.124815
0.00709888 0.00269436 -0.124813
0.0076791 0.00294156 -0.12481
0.00825933 0.00319335 -0.124807
0.00883955 0.00344497 -0.124805
0.00941978 0.00370128 -0.124802
0.01 0.00395855 -0.124799
0.0106667 0.00426103 -0.124796
0.0113846 0.00458747 -0.124792
0.0121026 0.00492309 -0.124789
0.0128205 0.00526017 -0.124785
0.0135385 0.00560633 -0.124781
0.0142564 0.00594997 -0.124777
0.0149744 0.00629968 -0.124774
0.0156923 0.00665084 -0.12477
0.0164103 0.00701158 -0.124766
0.0171282 0.00737404 -0.124762
0.0178462 0.00774628 -0.124758
0.0185641 0.00812203 -0.124754
0.0192821 0.00850954 -0.124749
0.02 0.00889936 -0.124745
0.0207143 0.00929762 -0.124741
0.0214286 0.00969794 -0.124736
0.0221429 0.0101078 -0.124732
0.0228571 0.0105193 -0.124727
0.0235714 0.0109401 -0.124722
0.0242857 0.0113609 -0.124718
0.025 0.0117909 -0.124713
0.0257143 0.0122226 -0.124708
0.0264286 0.0126649 -0.124703
0.0271429 0.0131092 -0.124698
0.0278571 0.013563 -0.124693
0.0285714 0.0140214 -0.124688
0.0292857 0.0144913 -0.124683
0.03 0.0149631 -0.124677
0.0307143 0.0154452 -0.124672
0.0314286 0.0159292 -0.124666
0.0321429 0.0164238 -0.124661
0.0328571 0.0169204 -0.124655
0.0335714 0.0174257 -0.124649
0.0342857 0.0179326 -0.124643
0.035 0.0184512 -0.124637
0.0357143 0.0189719 -0.124631
0.0364286 0.0195029 -0.124625
0.0371429 0.0200372 -0.124619
0.0378571 0.0205837 -0.124613
0.0385714 0.0211321 -0.124606
0.0392857 0.0216912 -0.1246
0.04 0.0222516 -0.124593
0.0407143 0.0228237 -0.124586
0.0414286 0.0233959 -0.124579
0.0421429 0.0239799 -0.124572
0.0428571 0.0245644 -0.124565
0.0435714 0.0251621 -0.124558
0.0442857 0.0257609 -0.124551
0.045 0.0263731 -0.124544
0.0457143 0.0269872 -0.124536
0.0464286 0.027614 -0.124528
0.0471429 0.0282407 -0.124521
0.0478571 0.0288798 -0.124513
0.0485714 0.029519 -0.124505
0.0492857 0.0301712 -0.124497
0.05 0.0308232 -0.124488
0.0507143 0.0314884 -0.12448
0.0514286 0.0321529 -0.124472
0.0521429 0.0328327 -0.124463
0.0528571 0.0335131 -0.124454
0.0535714 0.0342074 -0.124445
0.0542857 0.0349015 -0.124436
0.055 0.035609 -0.124427
0.055625 0.0362278 -0.124419
0.05625 0.0368559 -0.124411
0.056875 0.0374839 -0.124402
0.0575 0.0381223 -0.124394
0.058125 0.0387601 -0.124385
0.05875 0.0394094 -0.124377
0.059375 0.0400585 -0.124368
0.06 0.0407188 -0.124359
0.0606667 0.041423 -0.124349
0.0613333 0.0421385 -0.124339
0.062 0.0428549 -0.124329
0.0626667 0.0435823 -0.124319
0.0633333 0.0443089 -0.124309
0.064 0.0450467 -0.124299
0.0646667 0.0457836 -0.124288
0.0653333 0.0465331 -0.124278
0.066 0.0472806 -0.124267
0.0666667 0.0480429 -0.124256
0.0673333 0.0488034 -0.124245
0.068 0.0495777 -0.124233
0.0686667 0.0503489 -0.124222
0.0693333 0.051135 -0.12421
0.07 0.0519166 -0.124199
0.0706667 0.0527113 -0.124187
0.0713333 0.0535037 -0.124175
0.072 0.0543094 -0.124163
0.0726667 0.055113 -0.12415
0.0733333 0.0559306 -0.124138
0.074 0.0567446 -0.124125
0.0746667 0.0575726 -0.124112
0.0753333 0.0583978 -0.124099
0.076 0.0592358 -0.124086
0.0766667 0.0600696 -0.124072
0.0772222 0.0607754 -0.124061
0.0777778 0.0614779 -0.124049
0.0783333 0.0621909 -0.124038
0.0788889 0.0629007 -0.124026
0.0794444 0.0636208 -0.124014
0.08 0.0643368 -0.124002
0.080625 0.065156 -0.123989
0.08125 0.0659684 -0.123975
0.081875 0.0667963 -0.123961
0.0825 0.0676162 -0.123947
0.083125 0.0684509 -0.123932
0.08375 0.069278 -0.123918
0.084375 0.0701189 -0.123903
0.085 0.0709546 -0.123888
0.085625 0.0718042 -0.123873
0.08625 0.0726467 -0.123858
0.086875 0.0735036 -0.123843
0.0875 0.0743521 -0.123827
0.088125 0.0752145 -0.123811
0.08875 0.07607 -0.123795
0.089375 0.0769397 -0.123779
0.09 0.0778 -0.123763
0.090625 0.0786727 -0.123746
0.09125 0.0795414 -0.123729
0.091875 0.0804196 -0.123712
0.0925 0.0812921 -0.123695
0.093125 0.0821778 -0.123678
0.0936979 0.0829816 -0.123662
0.0942708 0.0837971 -0.123645
0.0948438 0.0846061 -0.123629
0.0954167 0.0854218 -0.123612
0.0959896 0.0862345 -0.123596
0.0965625 0.0870536 -0.123579
0.0971354 0.0878692 -0.123562
0.0977083 0.0886925 -0.123544
0.0982812 0.0895112 -0.123527
0.0988542 0.0903381 -0.123509
0.0994271 0.0911571 -0.123491
0.1 0.0919881 -0.123473
0.100588 0.0928267 -0.123454
0.101176 0.0936721 -0.123436
0.101765 0.094515 -0.123417
0.102353 0.0953696 -0.123397
0.102941 0.0962129 -0.123378
0.103529 0.0970689 -0.123358
0.104118 0.0979126 -0.123338
0.104706 0.0987711 -0.123318
0.105294 0.0996155 -0.123298
0.105882 0.10047 -0.123277
0.106471 0.101304 -0.123257
0.107059 0.102159 -0.123236
0.107647 0.103002 -0.123215
0.108235 0.103855 -0.123194
0.108824 0.104699 -0.123172
0.109412 0.105551 -0.123151
0.109706 0.105965 -0.12314
0.11 0.10639 -0.123129
0.110556 0.107164 -0.123108
0.111111 0.107965 -0.123087
0.111667 0.108756 -0.123066
0.112222 0.109554 -0.123044
0.112778 0.110288 -0.123023
0.113333 0.111071 -0.123001
0.113889 0.111566 -0.122979
0.114444 0.112359 -0.122957
0.115 0.113075 -0.122935
0.115556 0.113875 -0.122912
0.116111 0.114653 -0.12289
0.116667 0.115399 -0.122867
0.117222 0.116059 -0.122844
0.117778 0.116831 -0.122821
0.118333 0.117592 -0.122798
0.118889 0.118355 -0.122774
0.119444 0.119096 -0.122751
0.12 0.119859 -0.122727
0.120556 0.120609 -0.122703
0.121111 0.121358 -0.122679
0.121667 0.122095 -0.122654
0.122222 0.12283 -0.12263
0.122778 0.123546 -0.122605
0.123333 0.12417 -0.12258
0.123889 0.124881 -0.122555
0.124444 0.125599 -0.12253
0.125 0.126319 -0.122505
0.125556 0.127034 -0.122479
0.126111 0.127655 -0.122454
0.126667 0.128327 -0.122428
0.127222 0.129007 -0.122402
0.127778 0.129612 -0.122376
0.128333 0.130263 -0.12235
0.128889 0.130876 -0.122323
0.129444 0.131527 -0.122297
0.13 0.132187 -0.12227
0.130556 0.132833 -0.122243
0.131111 0.133448 -0.122216
0.131667 0.134076 -0.122189
0.132222 0.134685 -0.122162
0.132778 0.135296 -0.122134
0.133333 0.135921 -0.122107
0.133889 0.13652 -0.122079
0.134444 0.137058 -0.122051
0.134949 0.137329 -0.122026
0.135455 0.137856 -0.122
0.13596 0.138368 -0.121975
0.136465 0.138888 -0.121949
0.13697 0.139389 -0.121924
0.137475 0.139886 -0.121898
0.13798 0.14038 -0.121872
0.138485 0.140879 -0.121846
0.13899 0.141366 -0.12182
0.139495 0.141783 -0.121793
0.14 0.142265 -0.121767
0.140526 0.142764 -0.121739
0.141053 0.143231 -0.121712
0.141579 0.143701 -0.121684
0.142105 0.144026 -0.121656
0.142632 0.144407 -0.121629
0.143158 0.144828 -0.121601
0.143684 0.145278 -0.121573
0.144211 0.145305 -0.121545
0.144737 0.145757 -0.121516
0.145263 0.146168 -0.121488
0.145789 0.146567 -0.12146
0.146316 0.146977 -0.121432
0.146842 0.147349 -0.121403
0.147368 0.147745 -0.121375
0.147895 0.148154 -0.121347
0.148421 0.148572 -0.121318
0.148947 0.148888 -0.121289
0.149474 0.149198 -0.121261
0.15 0.14959 -0.121232
0.150526 0.149932 -0.121203
0.151053 0.149858 -0.121175
0.151579 0.1502 -0.121146
0.152105 0.150555 -0.121117
0.152632 0.150862 -0.121088
0.153158 0.151224 -0.121059
0.153684 0.151549 -0.12103
0.154211 0.151923 -0.121001
0.154737 0.152223 -0.120972
0.155263 0.152533 -0.120943
0.155789 0.152578 -0.120914
0.156316 0.152882 -0.120885
0.156842 0.15318 -0.120856
0.157368 0.153448 -0.120827
0.157895 0.153725 -0.120798
0.158421 0.153991 -0.120769
0.158947 0.154264 -0.12074
0.159474 0.15454 -0.120711
0.16 0.154802 -0.120682
0.160556 0.155064 -0.120651
0.161111 0.155241 -0.120621
0.161667 0.1555 -0.12059
0.162222 0.155743 -0.120559
0.162778 0.156002 -0.120528
0.163333 0.156176 -0.120498
0.163889 0.156408 -0.120467
0.164444 0.156585 -0.120436
0.165 0.156815 -0.120406
0.165556 0.157034 -0.120375
0.166111 0.157252 -0.120344
0.166667 0.157406 -0.120314
0.167222 0.157606 -0.120283
0.167778 0.157784 -0.120253
0.168333 0.157965 -0.120222
0.168889 0.158128 -0.120191
0.169444 0.158312 -0.120161
0.17 0.158136 -0.120131
0.170556 0.158309 -0.1201
0.171111 0.158456 -0.12007
0.171667 0.158609 -0.120039
0.172222 0.158719 -0.120009
0.172778 0.158875 -0.119978
0.173333 0.158992 -0.119948
0.173889 0.158975 -0.119918
0.174444 0.159094 -0.119888
0.175 0.15922 -0.119857
0.175556 0.159321 -0.119827
0.176111 0.159452 -0.119797
0.176667 0.159544 -0.119767
0.177222 0.159658 -0.119737
0.177778 0.159761 -0.119707
0.178333 0.159871 -0.119677
0.178889 0.159966 -0.119647
0.179444 0.160073 -0.119617
0.18 0.160124 -0.119587
0.180556 0.160221 -0.119558
0.181111 0.160301 -0.119528
0.181667 0.160361 -0.119498
0.182222 0.160125 -0.119468
0.182778 0.16021 -0.119439
0.183333 0.160279 -0.119409
0.183889 0.160352 -0.11938
0.184444 0.160411 -0.11935
0.185 0.160478 -0.119321
0.185556 0.160419 -0.119291
0.186111 0.160461 -0.119262
0.186667 0.160447 -0.119232
0.187222 0.160527 -0.119203
0.187778 0.160561 -0.119174
0.188333 0.160583 -0.119144
0.188889 0.16061 -0.119115
0.189444 0.160667 -0.119086
0.19 0.16069 -0.119057
0.190588 0.160737 -0.119026
0.191176 0.160756 -0.118995
0.191765 0.16081 -0.118965
0.192353 0.160814 -0.118934
0.192941 0.160887 -0.118903
0.193529 0.160931 -0.118873
0.194118 0.160898 -0.118842
0.194706 0.160938 -0.118812
0.195294 0.160979 -0.118781
0.195882 0.161051 -0.118751
0.196471 0.161095 -0.118721
0.197059 0.16108 -0.11869
0.197647 0.161111 -0.11866
0.198235 0.161135 -0.11863
0.198824 0.161199 -0.1186
0.199412 0.16122 -0.118569
0.2 0.161234 -0.118539
0.200588 0.161255 -0.118509
0.201176 0.161298 -0.118479
0.201765 0.161307 -0.118449
0.202353 0.161352 -0.118419
0.202941 0.161317 -0.118389
0.203529 0.161058 -0.118359
0.204118 0.161113 -0.118329
0.204706 0.161157 -0.118299
0.205294 0.16116 -0.11827
0.205882 0.160916 -0.11824
0.206471 0.160942 -0.11821
0.207059 0.160985 -0.11818
0.207647 0.161016 -0.118151
0.208235 0.161067 -0.118121
0.208824 0.161099 -0.118091
0.209412 0.161147 -0.118062
0.21 0.161174 -0.118032
0.210588 0.161222 -0.118002
0.211176 0.161265 -0.117973
0.211765 0.161308 -0.117943
0.212353 0.161353 -0.117914
0.212941 0.161405 -0.117884
0.213529 0.161449 -0.117855
0.214118 0.161488 -0.117825
0.214706 0.161509 -0.117796
0.215294 0.161559 -0.117766
0.215882 0.161531 -0.117737
0.216471 0.161567 -0.117707
0.217059 0.1616 -0.117678
0.217647 0.161557 -0.117649
0.218235 0.161587 -0.117619
0.218824 0.161606 -0.11759
0.219412 0.161624 -0.117561
0.22 0.161532 -0.117531
0.220625 0.161265 -0.1175
0.22125 0.161298 -0.117469
0.221875 0.161304 -0.117438
0.2225 0.161316 -0.117407
0.223125 0.161339 -0.117376
0.22375 0.161356 -0.117345
0.224375 0.161391 -0.117314
0.225 0.161424 -0.117283
0.225625 0.161459 -0.117252
0.22625 0.161498 -0.117221
0.226875 0.161529 -0.11719
0.2275 0.161576 -0.117159
0.228125 0.161617 -0.117128
0.22875 0.161659 -0.117097
0.229375 0.16169 -0.117066
0.23 0.161743 -0.117036
0.230625 0.161739 -0.117005
0.23125 0.161785 -0.116974
0.231875 0.161866 -0.116943
0.2325 0.161957 -0.116912
0.233125 0.162034 -0.116881
0.23375 0.162136 -0.11685
0.234375 0.162238 -0.116819
0.235 0.162348 -0.116789
0.235625 0.162454 -0.116758
0.23625 0.162577 -0.116727
0.236875 0.1627 -0.116696
0.2375 0.16283 -0.116665
0.238125 0.162894 -0.116635
0.23875 0.163035 -0.116604
0.239375 0.163206 -0.116573
0.24 0.163286 -0.116543
0.240625 0.16341 -0.116512
0.24125 0.163573 -0.116481
0.241875 0.163701 -0.11645
0.2425 0.163853 -0.11642
0.243125 0.164015 -0.116389
0.24375 0.164194 -0.116358
0.244375 0.164361 -0.116328
0.245 0.164543 -0.116297
0.245625 0.164706 -0.116266
0.24625 0.164739 -0.116236
0.246875 0.164897 -0.116205
0.2475 0.165034 -0.116174
0.248125 0.165192 -0.116144
0.24875 0.165385 -0.116113
0.249375 0.165254 -0.116083
0.25 0.165444 -0.116052
0.250625 0.165613 -0.116022
0.25125 0.165804 -0.115991
0.251875 0.165969 -0.115961
0.2525 0.166163 -0.11593
0.253125 0.166352 -0.1159
0.25375 0.166553 -0.115869
0.254375 0.16674 -0.115839
0.255 0.166912 -0.115808
0.255625 0.167073 -0.115778
0.25625 0.167213 -0.115748
0.256875 0.167406 -0.115717
0.2575 0.167604 -0.115687
0.258125 0.1678 -0.115657
0.25875 0.168 -0.115626
0.259375 0.168188 -0.115596
0.26 0.168378 -0.115566
0.260625 0.168573 -0.115536
0.26125 0.168763 -0.115505
0.261875 0.168954 -0.115475
0.2625 0.16915 -0.115445
0.263125 0.169338 -0.115415
0.26375 0.169375 -0.115385
0.264375 0.169562 -0.115355
0.265 0.169767 -0.115325
0.265625 0.169946 -0.115295
0.26625 0.170174 -0.115265
0.266875 0.170361 -0.115235
0.2675 0.170556 -0.115205
0.268125 0.170694 -0.115175
0.26875 0.170893 -0.115145
0.269375 0.171073 -0.115116
0.27 0.171263 -0.115086
0.270625 0.171439 -0.115056
0.27125 0.171635 -0.115026
0.271875 0.171815 -0.114997
0.2725 0.172008 -0.114967
0.273125 0.172186 -0.114937
0.27375 0.172372 -0.114908
0.274375 0.17253 -0.114878
0.275 0.172715 -0.114849
0.275625 0.17289 -0.114819
0.27625 0.173074 -0.11479
0.276875 0.173246 -0.114761
0.2775 0.17343 -0.114731
0.278125 0.173591 -0.114702
0.27875 0.173775 -0.114673
0.279375 0.173948 -0.114644
0.28 0.174123 -0.114615
0.280625 0.174316 -0.114586
0.28125 0.174488 -0.114557
0.281875 0.174651 -0.114528
0.2825 0.174819 -0.114499
0.283125 0.174995 -0.11447
0.28375 0.175074 -0.114441
0.284375 0.174847 -0.114413
0.285 0.17501 -0.114384
0.285625 0.175158 -0.114355
0.28625 0.175314 -0.114327
0.286875 0.175428 -0.114298
0.2875 0.175581 -0.11427
0.288125 0.175702 -0.114241
0.28875 0.175844 -0.114213
0.289375 0.175979 -0.114185
0.29 0.176119 -0.114157
0.290625 0.176115 -0.114129
0.29125 0.176248 -0.1141
0.291875 0.176375 -0.114072
0.2925 0.176503 -0.114044
0.293125 0.176608 -0.114016
0.29375 0.176728 -0.113988
0.294375 0.176822 -0.113961
0.295 0.17693 -0.113933
0.295625 0.177034 -0.113905
0.29625 0.177113 -0.113878
0.296875 0.177203 -0.11385
0.2975 0.1773 -0.113823
0.298125 0.177323 -0.113796
0.29875 0.177412 -0.113768
0.299375 0.177486 -0.113741
0.3 0.177565 -0.113714
0.300625 0.177631 -0.113687
0.30125 0.177703 -0.11366
0.301875 0.177759 -0.113633
0.3025 0.177847 -0.113606
0.303125 0.177816 -0.113579
0.30375 0.177867 -0.113552
0.304375 0.177907 -0.113526
0.305 0.177946 -0.113499
0.305625 0.177948 -0.113473
0.30625 0.177954 -0.113446
0.306875 0.177966 -0.11342
0.3075 0.17797 -0.113393
0.308125 0.177987 -0.113367
0.30875 0.178011 -0.113341
0.309375 0.17801 -0.113315
0.31 0.178026 -0.113289
0.310625 0.17803 -0.113263
0.31125 0.178041 -0.113237
0.311875 0.178043 -0.113211
0.3125 0.178052 -0.113185
0.313125 0.17807 -0.113159
0.31375 0.178057 -0.113134
0.314375 0.178045 -0.113108
0.315 0.178049 -0.113083
0.315625 0.178039 -0.113057
0.31625 0.178038 -0.113032
0.316875 0.178027 -0.113007
0.3175 0.178022 -0.112981
0.318125 0.178011 -0.112956
0.31875 0.178003 -0.112931
0.319375 0.177992 -0.112906
0.32 0.177888 -0.112881
0.320667 0.17787 -0.112855
0.321333 0.177848 -0.112828
0.322 0.177819 -0.112802
0.322667 0.177817 -0.112775
0.323333 0.177757 -0.112749
0.324 0.177751 -0.112722
0.324667 0.177718 -0.112696
0.325333 0.177727 -0.11267
0.326 0.177711 -0.112644
0.326667 0.177681 -0.112618
0.327333 0.177661 -0.112592
0.328 0.177308 -0.112566
0.328667 0.177287 -0.112541
0.329333 0.177266 -0.112515
0.33 0.177243 -0.112489
0.330667 0.177234 -0.112464
0.331333 0.177213 -0.112438
0.332 0.177198 -0.112412
0.332667 0.177172 -0.112387
0.333333 0.177179 -0.112362
0.334 0.177115 -0.112336
0.334667 0.177094 -0.112311
0.335333 0.177071 -0.112286
0.336 0.177056 -0.112261
0.336667 0.177029 -0.112236
0.337333 0.177011 -0.11221
0.338 0.176981 -0.112185
0.338667 0.176957 -0.11216
0.339333 0.176922 -0.112135
0.34 0.176899 -0.11211
0.340667 0.176867 -0.112085
0.341333 0.17685 -0.112061
0.342 0.176821 -0.112036
0.342667 0.176801 -0.112011
0.343333 0.176766 -0.111986
0.344 0.176745 -0.111962
0.344667 0.1767 -0.111937
0.345333 0.176648 -0.111912
0.346 0.176621 -0.111888
0.346667 0.1766 -0.111863
0.347333 0.17657 -0.111839
0.348 0.176551 -0.111814
0.348667 0.176493 -0.11179
0.349333 0.176464 -0.111765
0.35 0.176367 -0.111741
0.350667 0.176348 -0.111717
0.351333 0.176315 -0.111692
0.352 0.176302 -0.111668
0.352667 0.176229 -0.111644
0.353333 0.176208 -0.111619
0.354 0.176186 -0.111595
0.354667 0.176173 -0.111571
0.355333 0.176151 -0.111546
0.356 0.176155 -0.111522
0.356667 0.176135 -0.111498
0.357333 0.176125 -0.111474
0.358 0.176081 -0.111449
0.358667 0.176067 -0.111425
0.359333 0.176048 -0.111401
0.36 0.175935 -0.111377
0.360667 0.17594 -0.111352
0.361333 0.175935 -0.111328
0.362 0.175917 -0.111304
0.362667 0.175914 -0.11128
0.363333 0.175905 -0.111256
0.364 0.175922 -0.111231
0.364667 0.175915 -0.111207
0.365333 0.175917 -0.111183
0.366 0.175886 -0.111159
0.366667 0.175881 -0.111135
0.367333 0.175877 -0.11111
0.368 0.175878 -0.111086
0.368667 0.175877 -0.111062
0.369333 0.175883 -0.111038
0.37 0.175879 -0.111013
0.370667 0.175877 -0.110989
0.371333 0.175876 -0.110965
0.372 0.175906 -0.11094
0.372667 0.175903 -0.110916
0.373333 0.17591 -0.110892
0.374 0.17591 -0.110867
0.374667 0.175916 -0.110843
0.375333 0.175914 -0.110819
0.376 0.175904 -0.110794
0.376667 0.175881 -0.11077
0.377333 0.17589 -0.110745
0.378 0.175899 -0.110721
0.378667 0.175901 -0.110696
0.379333 0.175874 -0.110672
0.38 0.175884 -0.110647
0.380667 0.175886 -0.110623
0.381333 0.175684 -0.110598
0.382 0.175703 -0.110573
0.382667 0.175711 -0.110549
0.383333 0.1757 -0.110524
0.384 0.175708 -0.110499
0.384667 0.175708 -0.110474
0.385333 0.175716 -0.11045
0.386 0.175721 -0.110425
0.386667 0.175721 -0.1104
0.387333 0.175637 -0.110375
0.388 0.175644 -0.11035
0.388667 0.175641 -0.110325
0.389333 0.175646 -0.1103
0.39 0.175644 -0.110275
0.390667 0.175645 -0.11025
0.391333 0.175638 -0.110225
0.392 0.175637 -0.1102
0.392667 0.175631 -0.110174
0.393333 0.175651 -0.110149
0.394 0.175622 -0.110124
0.394667 0.175622 -0.110099
0.395333 0.175613 -0.110073
0.396 0.175607 -0.110048
0.396667 0.175597 -0.110023
0.397333 0.175592 -0.109997
0.398 0.175579 -0.109972
0.398667 0.17553 -0.109946
0.399333 0.175525 -0.109921
0.4 0.175516 -0.109895
0.400667 0.175466 -0.109869
0.401333 0.175462 -0.109844
0.402 0.175459 -0.109818
0.402667 0.175451 -0.109792
0.403333 0.175417 -0.109767
0.404 0.175407 -0.109741
0.404667 0.175388 -0.109715
0.405333 0.175372 -0.109689
0.406 0.175324 -0.109663
0.406667 0.175315 -0.109637
0.407333 0.175294 -0.109611
0.408 0.175282 -0.109585
0.408667 0.175258 -0.109559
0.409333 0.175233 -0.109533
0.41 0.175186 -0.109507
0.410667 0.174986 -0.109481
0.411333 0.174953 -0.109455
0.412 0.174924 -0.109429
0.412667 0.174893 -0.109402
0.413333 0.174801 -0.109376
0.414 0.174762 -0.10935
0.414667 0.174763 -0.109324
0.415333 0.174743 -0.109297
0.416 0.174695 -0.109271
0.416667 0.174658 -0.109245
0.417333 0.17464 -0.109218
0.418 0.174602 -0.109192
0.418667 0.174483 -0.109166
0.419333 0.174451 -0.109139
0.42 0.174415 -0.109113
0.420667 0.174379 -0.109086
0.421333 0.174354 -0.10906
0.422 0.174317 -0.109033
0.422667 0.174275 -0.109007
0.423333 0.174239 -0.10898
0.424 0.17421 -0.108954
0.424667 0.174181 -0.108927
0.425333 0.174165 -0.108901
0.426 0.174131 -0.108874
0.426667 0.174106 -0.108847
0.427333 0.174075 -0.108821
0.428 0.174006 -0.108794
0.428667 0.173957 -0.108768
0.429333 0.173882 -0.108741
0.43 0.173861 -0.108714
0.430667 0.173846 -0.108688
0.431333 0.173821 -0.108661
0.432 0.173805 -0.108635
0.432667 0.173794 -0.108608
0.433333 0.173784 -0.108581
0.434 0.17377 -0.108555
0.434667 0.173763 -0.108528
0.435333 0.173728 -0.108502
0.436 0.17373 -0.108475
0.436667 0.173718 -0.108449
0.437333 0.173716 -0.108422
0.438 0.173707 -0.108396
0.438667 0.173711 -0.108369
0.439333 0.173705 -0.108343
0.44 0.173707 -0.108316
0.440714 0.173696 -0.108288
0.441429 0.173581 -0.10826
0.442143 0.17359 -0.108232
0.442857 0.1736 -0.108203
0.443571 0.173585 -0.108175
0.444286 0.173601 -0.108147
0.445 0.173611 -0.108119
0.445714 0.173624 -0.108091
0.446429 0.17363 -0.108063
0.447143 0.173651 -0.108035
0.447857 0.173662 -0.108007
0.448571 0.173678 -0.107979
0.449286 0.173688 -0.107952
0.45 0.173707 -0.107924
0.450714 0.173722 -0.107896
0.451429 0.173751 -0.107868
0.452143 0.173765 -0.107841
0.452857 0.173788 -0.107813
0.453571 0.173823 -0.107786
0.454286 0.173814 -0.107758
0.455 0.173832 -0.107731
0.455714 0.17386 -0.107704
0.456429 0.173874 -0.107677
0.457143 0.173896 -0.107649
0.457857 0.173913 -0.107622
0.458571 0.173957 -0.107595
0.459286 0.173986 -0.107568
0.46 0.174015 -0.107542
0.460714 0.174038 -0.107515
0.461429 0.174056 -0.107488
0.462143 0.174078 -0.107462
0.462857 0.174109 -0.107435
0.463571 0.174134 -0.107409
0.464286 0.174166 -0.107382
0.465 0.174183 -0.107356
0.465714 0.174186 -0.10733
0.466429 0.174209 -0.107304
0.467143 0.174234 -0.107278
0.467857 0.174255 -0.107252
0.468571 0.174283 -0.107226
0.469286 0.174254 -0.107201
0.47 0.174284 -0.107175
0.470714 0.17431 -0.10715
0.471429 0.174347 -0.107124
0.472143 0.174372 -0.107099
0.472857 0.174406 -0.107074
0.473571 0.174431 -0.107049
0.474286 0.174457 -0.107024
0.475 0.174449 -0.106999
0.475714 0.174483 -0.106975
0.476429 0.174379 -0.10695
0.477143 0.174408 -0.106926
0.477857 0.174432 -0.106902
0.478571 0.17446 -0.106878
0.479286 0.174473 -0.106854
0.48 0.174495 -0.10683
0.480714 0.174515 -0.106806
0.481429 0.174528 -0.106782
0.482143 0.174548 -0.106759
0.482857 0.174525 -0.106736
0.483571 0.174543 -0.106713
0.484286 0.174568 -0.106689
0.485 0.174586 -0.106667
0.485714 0.174597 -0.106644
0.486429 0.174605 -0.106621
0.487143 0.174615 -0.106599
0.487857 0.17463 -0.106577
0.488571 0.174637 -0.106554
0.489286 0.174643 -0.106532
0.49 0.174652 -0.106511
0.490714 0.174661 -0.106489
0.491429 0.174667 -0.106467
0.492143 0.174671 -0.106446
0.492857 0.174682 -0.106425
0.493571 0.174683 -0.106404
0.494286 0.174691 -0.106383
0.495 0.174693 -0.106363
0.495714 0.174603 -0.106342
0.496429 0.174601 -0.106322
0.497143 0.174605 -0.106301
0.497857 0.1746 -0.106281
0.498571 0.174601 -0.106261
0.499286 0.174593 -0.106242
0.5 0.174592 -0.106222
0.500714 0.17458 -0.106203
0.501429 0.174573 -0.106183
0.502143 0.174554 -0.106164
0.502857 0.174551 -0.106145
0.503571 0.174538 -0.106127
0.504286 0.174528 -0.106108
0.505 0.174474 -0.10609
0.505714 0.174461 -0.106072
0.506429 0.174441 -0.106054
0.507143 0.174426 -0.106036
0.507857 0.174403 -0.106019
0.508571 0.17432 -0.106001
0.509286 0.174266 -0.105984
0.51 0.174251 -0.105967
0.510714 0.174227 -0.10595
0.511429 0.174197 -0.105934
0.512143 0.174167 -0.105917
0.512857 0.174145 -0.105901
0.513571 0.174117 -0.105885
0.514286 0.174089 -0.105869
0.515 0.174059 -0.105853
0.515714 0.174029 -0.105837
0.516429 0.173995 -0.105822
0.517143 0.173969 -0.105807
0.517857 0.173928 -0.105792
0.518571 0.1739 -0.105777
0.519286 0.173858 -0.105763
0.52 0.173824 -0.105748
0.520714 0.173771 -0.105734
0.521429 0.173727 -0.10572
0.522143 0.173691 -0.105706
0.522857 0.173656 -0.105692
0.523571 0.173609 -0.105679
0.524286 0.173566 -0.105666
0.525 0.173523 -0.105653
0.525714 0.173462 -0.10564
0.526429 0.173417 -0.105627
0.527143 0.173376 -0.105614
0.527857 0.173318 -0.105602
0.528571 0.173256 -0.10559
0.529286 0.173205 -0.105578
0.53 0.173163 -0.105566
0.530714 0.173112 -0.105555
0.531429 0.173063 -0.105543
0.532143 0.172998 -0.105532
0.532857 0.172943 -0.105521
0.533571 0.172885 -0.10551
0.534286 0.172698 -0.105499
0.535 0.172619 -0.105489
0.535714 0.172557 -0.105479
0.536429 0.172483 -0.105468
0.537143 0.172422 -0.105458
0.537857 0.172352 -0.105449
0.538571 0.172285 -0.105439
0.539286 0.172206 -0.10543
0.54 0.17214 -0.10542
0.540714 0.172066 -0.105411
0.541429 0.171974 -0.105402
0.542143 0.171894 -0.105394
0.542857 0.171807 -0.105385
0.543571 0.171722 -0.105377
0.544286 0.171638 -0.105369
0.545 0.171555 -0.105361
0.545714 0.171456 -0.105353
0.546429 0.171358 -0.105345
0.547143 0.171256 -0.105337
0.547857 0.171155 -0.10533
0.548571 0.171057 -0.105323
0.549286 0.170952 -0.105316
0.55 0.170847 -0.105309
0.550714 0.17073 -0.105302
0.551429 0.170623 -0.105296
0.552143 0.170512 -0.10529
0.552857 0.170404 -0.105283
0.553571 0.170287 -0.105277
0.554286 0.170178 -0.105271
0.555 0.170052 -0.105266
0.555714 0.169933 -0.10526
0.556429 0.169815 -0.105255
0.557143 0.169703 -0.105249
0.557857 0.169578 -0.105244
0.558571 0.169462 -0.105239
0.559286 0.169341 -0.105234
0.56 0.169227 -0.10523
0.560714 0.169095 -0.105225
0.561429 0.168978 -0.105221
0.562143 0.168855 -0.105217
0.562857 0.168751 -0.105212
0.563571 0.168635 -0.105209
0.564286 0.168528 -0.105205
0.565 0.168418 -0.105201
0.565714 0.168309 -0.105197
0.566429 0.168197 -0.105194
0.567143 0.168077 -0.105191
0.567857 0.167992 -0.105188
0.568571 0.167893 -0.105184
0.569286 0.167777 -0.105182
0.57 0.167666 -0.105179
0.570714 0.16755 -0.105176
0.571429 0.167448 -0.105174
0.572143 0.167341 -0.105171
0.572857 0.167238 -0.105169
0.573571 0.167121 -0.105167
0.574286 0.167013 -0.105165
0.575 0.166893 -0.105163
0.575714 0.166779 -0.105161
0.576429 0.16668 -0.105159
0.577143 0.16658 -0.105158
0.577857 0.166473 -0.105156
0.578571 0.16637 -0.105155
0.579286 0.166262 -0.105154
0.58 0.166164 -0.105152
0.580714 0.16606 -0.105151
0.581429 0.165939 -0.10515
0.582143 0.165827 -0.10515
0.582857 0.165733 -0.105149
0.583571 0.165614 -0.105148
0.584286 0.165531 -0.105148
0.585 0.165424 -0.105147
0.585714 0.165332 -0.105147
0.586429 0.165221 -0.105147
0.587143 0.165121 -0.105146
0.587857 0.165013 -0.105146
0.588571 0.16491 -0.105146
0.589286 0.164791 -0.105146
0.59 0.164692 -0.105146
0.590714 0.164584 -0.105147
0.591429 0.164491 -0.105147
0.592143 0.164385 -0.105148
0.592857 0.164278 -0.105148
0.593571 0.164178 -0.105149
0.594286 0.164085 -0.105149
0.595 0.163993 -0.10515
0.595714 0.163915 -0.105151
0.596429 0.163827 -0.105152
0.597143 0.163754 -0.105153
0.597857 0.163646 -0.105154
0.598571 0.163547 -0.105155
0.599286 0.163425 -0.105156
0.6 0.163306 -0.105157
0.600714 0.163216 -0.105159
0.601429 0.163125 -0.10516
0.602143 0.163026 -0.105161
0.602857 0.162943 -0.105163
0.603571 0.162854 -0.105164
0.604286 0.162765 -0.105166
0.605 0.162674 -0.105168
0.605714 0.162593 -0.105169
0.606429 0.162499 -0.105171
0.607143 0.162418 -0.105173
0.607857 0.162312 -0.105175
0.608571 0.162208 -0.105177
0.609286 0.162105 -0.105179
0.61 0.162004 -0.105181
0.610714 0.161908 -0.105183
0.611429 0.161824 -0.105185
0.612143 0.161738 -0.105188
0.612857 0.161613 -0.10519
0.613571 0.161458 -0.105192
0.614286 0.161379 -0.105195
0.615 0.161284 -0.105197
0.615714 0.1612 -0.105199
0.616429 0.161105 -0.105202
0.617143 0.161015 -0.105204
0.617857 0.16092 -0.105207
0.618571 0.160826 -0.10521
0.619286 0.160736 -0.105212
0.62 0.160654 -0.105215
0.620714 0.160564 -0.105218
0.621429 0.160478 -0.10522
0.622143 0.160363 -0.105223
0.622857 0.16027 -0.105226
0.623571 0.160177 -0.105229
0.624286 0.160061 -0.105232
0.625 0.15996 -0.105235
0.625714 0.159879 -0.105238
0.626429 0.159725 -0.105241
0.627143 0.159633 -0.105243
0.627857 0.159532 -0.105247
0.628571 0.159444 -0.10525
0.629286 0.159343 -0.105253
0.63 0.159239 -0.105256
0.630714 0.159146 -0.105259
0.631429 0.159058 -0.105262
0.632143 0.158955 -0.105265
0.632857 0.15886 -0.105268
0.633571 0.158769 -0.105271
0.634286 0.158675 -0.105275
0.635 0.158581 -0.105278
0.635714 0.158498 -0.105281
0.636429 0.158409 -0.105284
0.637143 0.158312 -0.105287
0.637857 0.158215 -0.105291
0.638571 0.158116 -0.105294
0.639286 0.158021 -0.105297
0.64 0.157926 -0.105301
0.640714 0.157828 -0.105304
0.641429 0.15773 -0.105307
0.642143 0.157636 -0.10531
0.642857 0.157547 -0.105314
0.643571 0.157479 -0.105317
0.644286 0.157395 -0.10532
0.645 0.157305 -0.105324
0.645714 0.157224 -0.105327
0.646429 0.15712 -0.10533
0.647143 0.157027 -0.105334
0.647857 0.156927 -0.105337
0.648571 0.156847 -0.10534
0.649286 0.156707 -0.105344
0.65 0.15662 -0.105347
0.650714 0.156522 -0.10535
0.651429 0.156436 -0.105353
0.652143 0.15636 -0.105357
0.652857 0.15628 -0.10536
0.653571 0.156183 -0.105363
0.654286 0.156101 -0.105367
0.655 0.156015 -0.10537
0.655714 0.155931 -0.105373
0.656429 0.155841 -0.105376
0.657143 0.15572 -0.10538
0.657857 0.155619 -0.105383
0.658571 0.155524 -0.105386
0.659286 0.155423 -0.105389
0.66 0.155326 -0.105392
0.660714 0.155224 -0.105396
0.661429 0.155129 -0.105399
0.662143 0.15502 -0.105402
0.662857 0.154916 -0.105405
0.663571 0.15482 -0.105408
0.664286 0.154738 -0.105411
0.665 0.154641 -0.105415
0.665714 0.15455 -0.105418
0.666429 0.154436 -0.105421
0.667143 0.154343 -0.105424
0.667857 0.154239 -0.105427
0.668571 0.154138 -0.10543
0.669286 0.154009 -0.105433
0.67 0.153919 -0.105436
0.670714 0.153812 -0.105439
0.671429 0.153729 -0.105442
0.672143 0.153639 -0.105445
0.672857 0.153554 -0.105448
0.673571 0.153459 -0.105451
0.674286 0.153373 -0.105454
0.675 0.153268 -0.105457
0.675714 0.15318 -0.10546
0.676429 0.153078 -0.105463
0.677143 0.152976 -0.105466
0.677857 0.152885 -0.105469
0.678571 0.152802 -0.105472
0.679286 0.152711 -0.105475
0.68 0.152622 -0.105477
0.680714 0.152525 -0.10548
0.681429 0.152435 -0.105483
0.682143 0.152345 -0.105486
0.682857 0.152253 -0.105489
0.683571 0.152121 -0.105491
0.684286 0.152026 -0.105494
0.685 0.151919 -0.105497
0.685714 0.151821 -0.105499
0.686429 0.151715 -0.105502
0.687143 0.151602 -0.105505
0.687857 0.151496 -0.105507
0.688571 0.151381 -0.10551
0.689286 0.151248 -0.105513
0.69 0.151131 -0.105515
0.690714 0.151002 -0.105518
0.691429 0.150885 -0.10552
0.692143 0.150756 -0.105523
0.692857 0.150632 -0.105525
0.693571 0.150498 -0.105528
0.694286 0.150399 -0.105531
0.695 0.150277 -0.105533
0.695714 0.150168 -0.105536
0.696429 0.150054 -0.105538
0.697143 0.149946 -0.10554
0.697857 0.149813 -0.105543
0.698571 0.149709 -0.105545
0.699286 0.149595 -0.105548
0.7 0.149485 -0.10555
0.700714 0.149364 -0.105553
0.701429 0.149248 -0.105555
0.702143 0.149132 -0.105557
0.702857 0.149012 -0.10556
0.703571 0.148904 -0.105562
0.704286 0.148804 -0.105565
0.705 0.148696 -0.105567
0.705714 0.148584 -0.105569
0.706429 0.148446 -0.105572
0.707143 0.148305 -0.105574
0.707857 0.148171 -0.105576
0.708571 0.148042 -0.105578
0.709286 0.147909 -0.105581
0.71 0.147769 -0.105583
0.710714 0.147635 -0.105585
0.711429 0.147493 -0.105588
0.712143 0.147352 -0.10559
0.712857 0.14722 -0.105592
0.713571 0.147078 -0.105594
0.714286 0.14695 -0.105597
0.715 0.146816 -0.105599
0.715714 0.146697 -0.105601
0.716429 0.146556 -0.105603
0.717143 0.14642 -0.105605
0.717857 0.146303 -0.105608
0.718571 0.146155 -0.10561
0.719286 0.146045 -0.105612
0.72 0.145928 -0.105614
0.720714 0.145811 -0.105616
0.721429 0.145688 -0.105619
0.722143 0.145586 -0.105621
0.722857 0.145464 -0.105623
0.723571 0.145342 -0.105625
0.724286 0.14522 -0.105627
0.725 0.1451 -0.105629
0.725714 0.144975 -0.105632
0.726429 0.144865 -0.105634
0.727143 0.144762 -0.105636
0.727857 0.144666 -0.105638
0.728571 0.144559 -0.10564
0.729286 0.144444 -0.105642
0.73 0.14433 -0.105644
0.730714 0.14421 -0.105646
0.731429 0.144094 -0.105648
0.732143 0.143947 -0.105651
0.732857 0.143833 -0.105653
0.733571 0.143722 -0.105655
0.734286 0.14362 -0.105657
0.735 0.143506 -0.105659
0.735714 0.143386 -0.105661
0.736429 0.143269 -0.105663
0.737143 0.14315 -0.105665
0.737857 0.143028 -0.105667
0.738571 0.142902 -0.105669
0.739286 0.142777 -0.105671
0.74 0.14266 -0.105673
0.740714 0.142538 -0.105676
0.741429 0.142424 -0.105678
0.742143 0.1423 -0.10568
0.742857 0.142177 -0.105682
0.743571 0.142044 -0.105684
0.744286 0.141913 -0.105686
0.745 0.141796 -0.105688
0.745714 0.141661 -0.10569
0.746429 0.141541 -0.105693
0.747143 0.141402 -0.105695
0.747857 0.141268 -0.105697
0.748571 0.141129 -0.105699
0.749286 0.140989 -0.105701
0.75 0.14085 -0.105704
0.750714 0.140713 -0.105706
0.751429 0.140577 -0.105708
0.752143 0.14044 -0.10571
0.752857 0.140296 -0.105713
0.753571 0.140165 -0.105715
0.754286 0.140037 -0.105717
0.755 0.139903 -0.105719
0.755714 0.139771 -0.105722
0.756429 0.139631 -0.105724
0.757143 0.139495 -0.105726
0.757857 0.13936 -0.105729
0.758571 0.139215 -0.105731
0.759286 0.139078 -0.105733
0.76 0.13893 -0.105736
0.760714 0.138787 -0.105738
0.761429 0.13865 -0.10574
0.762143 0.138506 -0.105743
0.762857 0.13836 -0.105745
0.763571 0.138118 -0.105748
0.764286 0.137964 -0.10575
0.765 0.137826 -0.105753
0.765714 0.137695 -0.105755
0.766429 0.137551 -0.105758
0.767143 0.137407 -0.10576
0.767857 0.13726 -0.105763
0.768571 0.137116 -0.105766
0.769286 0.136975 -0.105768
0.77 0.136833 -0.105771
0.770714 0.136703 -0.105773
0.771429 0.136576 -0.105776
0.772143 0.136445 -0.105779
0.772857 0.136301 -0.105781
0.773571 0.136152 -0.105784
0.774286 0.136012 -0.105787
0.775 0.135869 -0.10579
0.775714 0.135743 -0.105792
0.776429 0.135607 -0.105795
0.777143 0.135471 -0.105798
0.777857 0.13535 -0.105801
0.778571 0.135168 -0.105804
0.779286 0.135031 -0.105807
0.78 0.134904 -0.10581
0.780714 0.134761 -0.105813
0.781429 0.134641 -0.105815
0.782143 0.134497 -0.105819
0.782857 0.134355 -0.105821
0.783571 0.13422 -0.105825
0.784286 0.134099 -0.105828
0.785 0.133961 -0.105831
0.785714 0.133835 -0.105834
0.786429 0.133709 -0.105837
0.787143 0.133578 -0.10584
0.787857 0.133451 -0.105843
0.788571 0.133334 -0.105847
0.789286 0.133196 -0.10585
0.79 0.133071 -0.105853
0.790714 0.132927 -0.105856
0.791429 0.132791 -0.10586
0.792143 0.132657 -0.105863
0.792857 0.132525 -0.105866
0.793571 0.132387 -0.10587
0.794286 0.132241 -0.105873
0.795 0.132106 -0.105877
0.795714 0.13198 -0.10588
0.796429 0.13185 -0.105884
0.797143 0.131667 -0.105887
0.797857 0.131531 -0.105891
0.798571 0.131421 -0.105894
0.799286 0.131281 -0.105898
0.8 0.13115 -0.105902
0.800714 0.131029 -0.105905
0.801429 0.130906 -0.105909
0.802143 0.130784 -0.105913
0.802857 0.130661 -0.105917
0.803571 0.130523 -0.10592
0.804286 0.1304 -0.105924
0.805 0.130279 -0.105928
0.805714 0.130152 -0.105932
0.806429 0.130032 -0.105936
0.807143 0.129907 -0.10594
0.807857 0.129793 -0.105944
0.808571 0.129664 -0.105948
0.809286 0.129546 -0.105952
0.81 0.129443 -0.105956
0.810714 0.12934 -0.105961
0.811429 0.129225 -0.105965
0.812143 0.129122 -0.105969
0.812857 0.129025 -0.105973
0.813571 0.128928 -0.105978
0.814286 0.128831 -0.105982
0.815 0.128735 -0.105986
0.815714 0.128648 -0.105991
0.816429 0.128551 -0.105995
0.817143 0.128461 -0.106
0.817857 0.128366 -0.106004
0.818571 0.128291 -0.106009
0.819286 0.128212 -0.106014
0.82 0.128121 -0.106018
0.820714 0.128042 -0.106023
0.821429 0.127943 -0.106028
0.822143 0.127859 -0.106033
0.822857 0.127797 -0.106038
0.823571 0.127734 -0.106043
0.824286 0.127666 -0.106047
0.825 0.127598 -0.106052
0.825714 0.127525 -0.106057
0.826429 0.127448 -0.106062
0.827143 0.127377 -0.106068
0.827857 0.127292 -0.106073
0.828571 0.127233 -0.106078
0.829286 0.127172 -0.106083
0.83 0.127108 -0.106088
0.830714 0.127047 -0.106094
0.831429 0.126991 -0.106099
0.832143 0.126927 -0.106104
0.832857 0.126869 -0.10611
0.833571 0.126813 -0.106115
0.834286 0.126719 -0.106121
0.835 0.126665 -0.106126
0.835714 0.126614 -0.106132
0.836429 0.126563 -0.106138
0.837143 0.126516 -0.106143
0.837857 0.126455 -0.106149
0.838571 0.126403 -0.106155
0.839286 0.126297 -0.106161
0.84 0.126253 -0.106166
0.840714 0.126197 -0.106172
0.841429 0.126139 -0.106178
0.842143 0.126082 -0.106184
0.842857 0.12602 -0.10619
0.843571 0.125943 -0.106196
0.844286 0.125866 -0.106202
0.845 0.125783 -0.106209
0.845714 0.125708 -0.106215
0.846429 0.125624 -0.106221
0.847143 0.12554 -0.106227
0.847857 0.125451 -0.106234
0.848571 0.125357 -0.10624
0.849286 0.125229 -0.106246
0.85 0.125148 -0.106253
0.850714 0.125037 -0.106259
0.851429 0.124938 -0.106266
0.852143 0.12485 -0.106273
0.852857 0.124757 -0.106279
0.853571 0.124642 -0.106286
0.854286 0.124531 -0.106293
0.855 0.124422 -0.106299
0.855714 0.12433 -0.106306
0.856429 0.124225 -0.106313
0.857143 0.124119 -0.10632
0.857857 0.124017 -0.106327
0.858571 0.123942 -0.106334
0.859286 0.123878 -0.106341
0.86 0.123813 -0.106348
0.860714 0.123746 -0.106355
0.861429 0.123688 -0.106362
0.862143 0.123631 -0.10637
0.862857 0.123573 -0.106377
0.863571 0.123493 -0.106384
0.864286 0.12341 -0.106391
0.865 0.123284 -0.106399
0.865714 0.123151 -0.106406
0.866429 0.123032 -0.106413
0.867143 0.122873 -0.106421
0.867857 0.122724 -0.106429
0.868571 0.122594 -0.106436
0.869286 0.122463 -0.106444
0.87 0.122336 -0.106451
0.870714 0.122191 -0.106459
0.871429 0.122091 -0.106467
0.872143 0.121995 -0.106475
0.872857 0.121911 -0.106483
0.873571 0.121835 -0.10649
0.874286 0.121776 -0.106498
0.875 0.121706 -0.106506
0.875714 0.121635 -0.106514
0.876429 0.121551 -0.106522
0.877143 0.121491 -0.10653
0.877857 0.121427 -0.106538
0.878571 0.121371 -0.106547
0.879286 0.121306 -0.106555
0.88 0.121244 -0.106563
0.880714 0.121178 -0.106571
0.881429 0.121101 -0.10658
0.882143 0.12103 -0.106588
0.882857 0.120949 -0.106596
0.883571 0.120871 -0.106605
0.884286 0.120797 -0.106613
0.885 0.120719 -0.106622
0.885714 0.120635 -0.10663
0.886429 0.120564 -0.106639
0.887143 0.120497 -0.106647
0.887857 0.120418 -0.106656
0.888571 0.120355 -0.106664
0.889286 0.1203 -0.106673
0.89 0.120243 -0.106682
0.890714 0.120199 -0.106691
0.891429 0.120147 -0.1067
0.892143 0.120109 -0.106708
0.892857 0.120077 -0.106717
0.893571 0.120037 -0.106726
0.894286 0.120004 -0.106735
0.895 0.119965 -0.106744
0.895714 0.119931 -0.106753
0.896429 0.119902 -0.106762
0.897143 0.119876 -0.106771
0.897857 0.119844 -0.10678
0.898571 0.119812 -0.10679
0.899286 0.119775 -0.106799
0.9 0.11974 -0.106808
0.900714 0.119697 -0.106817
0.901429 0.119651 -0.106826
0.902143 0.119572 -0.106836
0.902857 0.119512 -0.106845
0.903571 0.119455 -0.106854
0.904286 0.119395 -0.106864
0.905 0.119337 -0.106873
0.905714 0.119276 -0.106882
0.906429 0.119205 -0.106892
0.907143 0.119135 -0.106901
0.907857 0.119058 -0.106911
0.908571 0.118986 -0.10692
0.909286 0.118903 -0.10693
0.91 0.118834 -0.106939
0.910714 0.118762 -0.106949
0.911429 0.118689 -0.106958
0.912143 0.118584 -0.106968
0.912857 0.118483 -0.106977
0.913571 0.118417 -0.106987
0.914286 0.118338 -0.106997
0.915 0.118267 -0.107006
0.915714 0.118197 -0.107016
0.916429 0.11812 -0.107026
0.917143 0.118051 -0.107035
0.917857 0.117973 -0.107045
0.918571 0.117894 -0.107055
0.919286 0.117804 -0.107064
0.92 0.117728 -0.107074
0.920714 0.117644 -0.107084
0.921429 0.117564 -0.107093
0.922143 0.117475 -0.107103
0.922857 0.117388 -0.107113
0.923571 0.117297 -0.107123
0.924286 0.117208 -0.107132
0.925 0.117107 -0.107142
0.925714 0.116997 -0.107152
0.926429 0.116903 -0.107162
0.927143 0.116801 -0.107172
0.927857 0.116705 -0.107181
0.928571 0.116607 -0.107191
0.929286 0.116505 -0.107201
0.93 0.116411 -0.107211
0.930769 0.11631 -0.107222
0.931538 0.116217 -0.107232
0.932308 0.116124 -0.107243
0.933077 0.115957 -0.107253
0.933846 0.115858 -0.107264
0.934615 0.115766 -0.107274
0.935385 0.115675 -0.107285
0.936154 0.115589 -0.107296
0.936923 0.115499 -0.107306
0.937692 0.115414 -0.107317
0.938462 0.115331 -0.107327
0.939231 0.115253 -0.107338
0.94 0.115169 -0.107348
0.940769 0.115089 -0.107358
0.941479 0.115009 -0.107368
0.942189 0.114948 -0.107378
0.942899 0.114879 -0.107387
0.943609 0.114821 -0.107397
0.94432 0.114758 -0.107407
0.94503 0.114697 -0.107416
0.94574 0.114639 -0.107426
0.94645 0.114588 -0.107435
0.94716 0.114531 -0.107445
0.94787 0.114477 -0.107454
0.94858 0.114431 -0.107464
0.94929 0.114387 -0.107473
0.95 0.114342 -0.107482
0.950714 0.114295 -0.107492
0.951429 0.114263 -0.107501
0.952143 0.114234 -0.10751
0.952857 0.114199 -0.10752
0.953571 0.114174 -0.107529
0.954286 0.114139 -0.107538
0.955 0.114115 -0.107547
0.955714 0.114088 -0.107557
0.956429 0.114068 -0.107566
0.957143 0.114055 -0.107575
0.957857 0.114026 -0.107584
0.958571 0.114006 -0.107593
0.959286 0.113993 -0.107602
0.96 0.113974 -0.107611
0.960769 0.113966 -0.107621
0.961538 0.113948 -0.10763
0.962308 0.113936 -0.10764
0.963077 0.113921 -0.107649
0.963846 0.113916 -0.107659
0.964615 0.1139 -0.107668
0.965385 0.11388 -0.107678
0.966154 0.113868 -0.107687
0.966923 0.113851 -0.107696
0.967692 0.113835 -0.107705
0.968462 0.113824 -0.107714
0.969231 0.113787 -0.107723
0.97 0.113774 -0.107732
0.970769 0.113761 -0.107741
0.971538 0.113755 -0.10775
0.972308 0.113745 -0.107759
0.973077 0.113739 -0.107768
0.973846 0.113725 -0.107777
0.974615 0.113712 -0.107785
0.975385 0.113701 -0.107794
0.976154 0.113694 -0.107803
0.976923 0.113685 -0.107811
0.977692 0.113673 -0.107819
0.978462 0.113662 -0.107828
0.979231 0.113634 -0.107836
0.98 0.113622 -0.107844
0.980769 0.113612 -0.107853
0.981538 0.113602 -0.107861
0.982308 0.113556 -0.107869
0.983077 0.113546 -0.107877
0.983846 0.113545 -0.107884
0.984615 0.113541 -0.107892
0.985385 0.113537 -0.1079
0.986154 0.113528 -0.107908
0.986923 0.113516 -0.107915
0.987692 0.113503 -0.107923
0.988462 0.113493 -0.10793
0.989231 0.113468 -0.107938
0.99 0.113445 -0.107945
0.990769 0.113399 -0.107953
0.991538 0.113366 -0.10796
0.992308 0.113329 -0.107967
0.993077 0.113294 -0.107974
0.993846 0.113235 -0.107981
0.994615 0.113185 -0.107988
0.995385 0.113122 -0.107995
0.996154 0.113057 -0.108002
0.996923 0.11299 -0.108009
0.997692 0.112918 -0.108015
0.998462 0.11283 -0.108022
0.999231 0.112752 -0.108029
1 0.112669 -0.108036
1.00077 0.112585 -0.108042
1.00154 0.112486 -0.108048
1.00231 0.112405 -0.108055
1.00308 0.112317 -0.108061
1.00385 0.112233 -0.108067
1.00462 0.11215 -0.108074
1.00538 0.11207 -0.10808
1.00615 0.111975 -0.108086
1.00692 0.111883 -0.108092
1.00769 0.111792 -0.108097
1.00846 0.111713 -0.108103
1.00923 0.111616 -0.108109
1.01 0.111534 -0.108115
1.01077 0.111445 -0.108121
1.01154 0.111364 -0.108126
1.01231 0.111281 -0.108132
1.01308 0.111206 -0.108137
1.01385 0.111151 -0.108143
1.01462 0.111106 -0.108148
1.01538 0.111067 -0.108153
1.01615 0.111034 -0.108159
1.01692 0.111003 -0.108164
1.01769 0.110977 -0.108169
1.01846 0.110964 -0.108174
1.01923 0.110955 -0.108179
1.02 0.110928 -0.108184
1.02077 0.110913 -0.108188
1.02154 0.110886 -0.108193
1.02231 0.110861 -0.108198
1.02308 0.110828 -0.108203
1.02385 0.110796 -0.108207
1.02462 0.110758 -0.108212
1.02538 0.110711 -0.108217
1.02615 0.110674 -0.108221
1.02692 0.110638 -0.108226
1.02769 0.110593 -0.10823
1.02846 0.110557 -0.108234
1.02923 0.110523 -0.108238
1.03 0.11049 -0.108243
1.03077 0.110462 -0.108247
1.03154 0.110433 -0.108251
1.03231 0.110397 -0.108255
1.03308 0.110368 -0.108259
1.03385 0.110331 -0.108263
1.03462 0.110303 -0.108267
1.03538 0.110282 -0.108271
1.03615 0.110268 -0.108274
1.03692 0.110249 -0.108278
1.03769 0.110243 -0.108282
1.03846 0.110233 -0.108285
1.03923 0.110228 -0.108289
1.04 0.110222 -0.108292
1.04077 0.110212 -0.108296
1.04154 0.110209 -0.108299
1.04231 0.110218 -0.108303
1.04308 0.110222 -0.108306
1.04385 0.110235 -0.108309
1.04462 0.110235 -0.108312
1.04538 0.110227 -0.108315
1.04615 0.110227 -0.108318
1.04692 0.11025 -0.108321
1.04769 0.110265 -0.108324
1.04846 0.110284 -0.108327
1.04923 0.11031 -0.10833
1.05 0.110342 -0.108333
1.05077 0.110363 -0.108336
1.05154 0.1104 -0.108338
1.05231 0.110436 -0.108341
1.05308 0.110468 -0.108344
1.05385 0.110506 -0.108346
1.05462 0.110548 -0.108349
1.05538 0.110591 -0.108351
1.05615 0.110643 -0.108354
1.05692 0.110683 -0.108356
1.05769 0.11073 -0.108359
1.05846 0.110763 -0.108361
1.05923 0.110815 -0.108363
1.06 0.110865 -0.108365
1.06077 0.110915 -0.108368
1.06154 0.110967 -0.10837
1.06231 0.111024 -0.108372
1.06308 0.111076 -0.108374
1.06385 0.111131 -0.108376
1.06462 0.111185 -0.108378
1.06538 0.111237 -0.10838
1.06615 0.111291 -0.108382
1.06692 0.111319 -0.108384
1.06769 0.111339 -0.108386
1.06846 0.111387 -0.108388
1.06923 0.111439 -0.108389
1.07 0.111504 -0.108391
1.07077 0.111549 -0.108393
1.07154 0.111603 -0.108395
1.07231 0.111652 -0.108396
1.07308 0.111712 -0.108398
1.07385 0.111754 -0.1084
1.07462 0.111801 -0.108401
1.07538 0.111846 -0.108403
1.07615 0.111897 -0.108404
1.07692 0.111932 -0.108405
1.07769 0.111976 -0.108407
1.07846 0.112016 -0.108408
1.07923 0.112059 -0.10841
1.08 0.11209 -0.108411
1.08077 0.112131 -0.108412
1.08154 0.112153 -0.108414
1.08231 0.112157 -0.108415
1.08308 0.112181 -0.108416
1.08385 0.112211 -0.108417
1.08462 0.112229 -0.108418
1.08538 0.112254 -0.10842
1.08615 0.112259 -0.108421
1.08692 0.112278 -0.108422
1.08769 0.112288 -0.108423
1.08846 0.112295 -0.108424
1.08923 0.112303 -0.108425
1.09 0.112301 -0.108426
1.09077 0.112297 -0.108428
1.09154 0.112293 -0.108429
1.09231 0.11229 -0.10843
1.09308 0.112268 -0.108431
1.09385 0.112243 -0.108432
1.09462 0.112224 -0.108433
1.09538 0.112206 -0.108434
1.09615 0.112186 -0.108435
1.09692 0.112161 -0.108436
1.09769 0.112141 -0.108437
1.09846 0.112119 -0.108438
1.09923 0.112104 -0.108439
1.1 0.112075 -0.10844
1.10077 0.112044 -0.108441
1.10154 0.112031 -0.108442
1.10231 0.112025 -0.108443
1.10308 0.112013 -0.108444
1.10385 0.112006 -0.108445
1.10462 0.111995 -0.108446
1.10538 0.111989 -0.108447
1.10615 0.11199 -0.108448
1.10692 0.111998 -0.108449
1.10769 0.112007 -0.10845
1.10846 0.112018 -0.108451
1.10923 0.112011 -0.108453
1.11 0.11201 -0.108454
1.11077 0.112011 -0.108455
1.11154 0.111987 -0.108456
1.11231 0.111972 -0.108457
1.11308 0.111975 -0.108458
1.11385 0.111965 -0.10846
1.11462 0.111973 -0.108461
1.11538 0.111966 -0.108462
1.11615 0.111968 -0.108463
1.11692 0.111951 -0.108464
1.11769 0.111946 -0.108466
1.11846 0.111926 -0.108467
1.11923 0.111914 -0.108468
1.12 0.111904 -0.10847
1.12077 0.111895 -0.108471
1.12154 0.111879 -0.108472
1.12231 0.111869 -0.108473
1.12308 0.111858 -0.108475
1.12385 0.111849 -0.108476
1.12462 0.111823 -0.108478
1.12538 0.1118 -0.108479
1.12615 0.111767 -0.10848
1.12692 0.111749 -0.108482
1.12769 0.111733 -0.108483
1.12846 0.111722 -0.108484
1.12923 0.111716 -0.108486
1.13 0.111713 -0.108487
1.13077 0.111708 -0.108489
1.13154 0.111693 -0.10849
1.13231 0.111674 -0.108492
1.13308 0.111584 -0.108493
1.13385 0.111559 -0.108494
1.13462 0.11154 -0.108496
1.13538 0.111512 -0.108497
1.13615 0.111487 -0.108499
1.13692 0.111461 -0.1085
1.13769 0.111439 -0.108502
1.13846 0.1114 -0.108503
1.13923 0.111357 -0.108504
1.14 0.111337 -0.108506
1.14077 0.111305 -0.108507
1.14154 0.111273 -0.108509
1.14231 0.111261 -0.10851
1.14308 0.111241 -0.108511
1.14385 0.1112 -0.108513
1.14462 0.111193 -0.108514
1.14538 0.111185 -0.108515
1.14615 0.111178 -0.108517
1.14692 0.111168 -0.108518
1.14769 0.11117 -0.10852
1.14846 0.111174 -0.108521
1.14923 0.111162 -0.108522
1.15 0.111147 -0.108523
1.15077 0.111154 -0.108525
1.15154 0.111172 -0.108526
1.15231 0.111185 -0.108527
1.15308 0.111176 -0.108528
1.15385 0.111165 -0.108529
1.15462 0.111143 -0.10853
1.15538 0.111116 -0.108531
1.15615 0.111082 -0.108532
1.15692 0.111058 -0.108533
1.15769 0.111028 -0.108534
1.15846 0.110998 -0.108535
1.15923 0.110983 -0.108536
1.16 0.110941 -0.108537
1.16077 0.110915 -0.108538
1.16154 0.110877 -0.108539
1.16231 0.110848 -0.108539
1.16308 0.110797 -0.10854
1.16385 0.110771 -0.10854
1.16462 0.110735 -0.108541
1.16538 0.110694 -0.108542
1.16615 0.110658 -0.108542
1.16692 0.110624 -0.108542
1.16769 0.110588 -0.108543
1.16846 0.110514 -0.108543
1.16923 0.110457 -0.108543
1.17 0.110406 -0.108544
1.17077 0.110353 -0.108544
1.17154 0.110299 -0.108544
1.17231 0.110235 -0.108544
1.17308 0.110175 -0.108544
1.17385 0.110104 -0.108544
1.17462 0.110043 -0.108544
1.17538 0.109974 -0.108543
1.17615 0.10991 -0.108543
1.17692 0.109844 -0.108543
1.17769 0.10978 -0.108542
1.17846 0.109715 -0.108542
1.17923 0.109649 -0.108541
1.18 0.109587 -0.108541
1.18077 0.109526 -0.10854
1.18154 0.109466 -0.10854
1.18231 0.109409 -0.108539
1.18308 0.109348 -0.108538
1.18385 0.1093 -0.108537
1.18462 0.109256 -0.108536
1.18538 0.109202 -0.108535
1.18615 0.109159 -0.108534
1.18692 0.109126 -0.108532
1.18769 0.109093 -0.108531
1.18846 0.109001 -0.10853
1.18923 0.108967 -0.108528
1.19 0.108936 -0.108527
1.19077 0.108905 -0.108525
1.19154 0.108877 -0.108523
1.19231 0.108841 -0.108522
1.19308 0.108814 -0.10852
1.19385 0.108773 -0.108518
1.19462 0.108735 -0.108516
1.19538 0.108677 -0.108514
1.19615 0.108637 -0.108512
1.19692 0.108581 -0.108509
1.19769 0.108531 -0.108507
1.19846 0.108496 -0.108505
1.19923 0.108469 -0.108502
1.2 0.108453 -0.108499
1.20077 0.108445 -0.108497
1.20154 0.108431 -0.108494
1.20231 0.108431 -0.108491
1.20308 0.108409 -0.108488
1.20385 0.10843 -0.108485
1.20462 0.108432 -0.108482
1.20538 0.108437 -0.108479
1.20615 0.108444 -0.108475
1.20692 0.108432 -0.108472
1.20769 0.108384 -0.108469
1.20846 0.108352 -0.108465
1.20923 0.108332 -0.108461
1.21 0.108305 -0.108458
1.21077 0.108301 -0.108454
1.21154 0.108278 -0.10845
1.21231 0.108245 -0.108446
1.21308 0.108252 -0.108442
1.21385 0.108199 -0.108438
1.21462 0.108161 -0.108433
1.21538 0.108182 -0.108429
1.21615 0.10819 -0.108424
1.21692 0.108207 -0.10842
1.21769 0.108228 -0.108415
1.21846 0.108231 -0.10841
1.21923 0.108224 -0.108405
1.22 0.108234 -0.1084
1.22077 0.108232 -0.108395
1.22154 0.108247 -0.108389
1.22231 0.108266 -0.108384
1.22308 0.1083 -0.108379
1.22385 0.108321 -0.108373
1.22462 0.108327 -0.108367
1.22538 0.108393 -0.108361
1.22615 0.10843 -0.108355
1.22692 0.108472 -0.108349
1.22769 0.108536 -0.108343
1.22846 0.108542 -0.108337
1.22923 0.108552 -0.108331
1.23 0.108554 -0.108324
1.23077 0.108572 -0.108318
1.23154 0.108585 -0.108311
1.23231 0.108559 -0.108305
1.23308 0.10856 -0.108298
1.23385 0.108578 -0.108291
1.23462 0.108618 -0.108284
1.23538 0.108651 -0.108277
1.23615 0.10867 -0.108269
1.23692 0.108706 -0.108262
1.23769 0.10873 -0.108255
1.23846 0.108747 -0.108247
1.23923 0.108795 -0.10824
1.24 0.108875 -0.108232
1.24077 0.108924 -0.108224
1.24154 0.108977 -0.108216
1.24231 0.109029 -0.108208
1.24308 0.109091 -0.1082
1.24385 0.109144 -0.108191
1.24462 0.109159 -0.108183
1.24538 0.109182 -0.108174
1.24615 0.109213 -0.108166
1.24692 0.10925 -0.108157
1.24754 0.109222 -0.10815
1.24815 0.109201 -0.108143
1.24877 0.109221 -0.108136
1.24938 0.109293 -0.108129
1.25 0.109291 -0.108121
1.25071 0.109307 -0.108113
1.25143 0.109389 -0.108104
1.25214 0.109436 -0.108095
1.25286 0.10944 -0.108087
1.25357 0.109464 -0.108078
1.25429 0.109475 -0.108069
1.255 0.109483 -0.10806
1.25571 0.109485 -0.108051
1.25643 0.109498 -0.108041
1.25714 0.109526 -0.108032
1.25786 0.109534 -0.108023
1.25857 0.109574 -0.108013
1.25929 0.109661 -0.108003
1.26 0.109696 -0.107994
1.26077 0.109714 -0.107983
1.26154 0.109717 -0.107973
1.26231 0.109743 -0.107962
1.26308 0.109744 -0.107951
1.26385 0.109771 -0.10794
1.26453 0.109781 -0.10793
1.26521 0.109822 -0.107921
1.2659 0.109833 -0.107911
1.26658 0.109792 -0.107901
1.26726 0.109779 -0.107891
1.26795 0.109789 -0.107881
1.26863 0.109799 -0.107871
1.26932 0.109822 -0.10786
1.27 0.10986 -0.10785
1.27071 0.109892 -0.107839
1.27143 0.109934 -0.107828
1.27214 0.109996 -0.107817
1.27286 0.110026 -0.107806
1.27357 0.110054 -0.107795
1.27429 0.110079 -0.107784
1.275 0.110117 -0.107773
1.27571 0.110164 -0.107761
1.27643 0.11022 -0.10775
1.27714 0.110228 -0.107738
1.27786 0.110268 -0.107726
1.27857 0.110319 -0.107715
1.27929 0.110359 -0.107703
1.28 0.110385 -0.107691
1.28077 0.110445 -0.107679
1.28154 0.110477 -0.107666
1.28231 0.110538 -0.107653
1.28308 0.110576 -0.10764
1.28385 0.110634 -0.107627
1.28453 0.110666 -0.107615
1.28521 0.110704 -0.107603
1.2859 0.11071 -0.107591
1.28658 0.110737 -0.10758
1.28726 0.110753 -0.107568
1.28795 0.110795 -0.107556
1.28863 0.110819 -0.107544
1.28932 0.110835 -0.107532
1.29 0.110851 -0.107519
1.29071 0.110888 -0.107507
1.29143 0.110893 -0.107494
1.29214 0.110906 -0.107481
1.29286 0.110942 -0.107468
1.29357 0.110989 -0.107455
1.29429 0.111007 -0.107442
1.295 0.111025 -0.107429
1.29571 0.111069 -0.107416
1.29643 0.111092 -0.107402
1.29714 0.111115 -0.107389
1.29786 0.111159 -0.107376
1.29857 0.111177 -0.107362
1.29929 0.111234 -0.107349
1.3 0.111285 -0.107335
1.30071 0.111318 -0.107322
1.30143 0.111332 -0.107308
1.30214 0.111353 -0.107295
1.30286 0.111365 -0.107281
1.30351 0.111398 -0.107268
1.30416 0.11139 -0.107256
1.30481 0.111414 -0.107243
1.30545 0.111419 -0.10723
1.3061 0.111431 -0.107218
1.30675 0.111455 -0.107205
1.3074 0.111464 -0.107192
1.30805 0.111484 -0.107179
1.3087 0.111501 -0.107167
1.30935 0.111526 -0.107154
1.31 0.111556 -0.107141
1.31067 0.111579 -0.107128
1.31133 0.11161 -0.107114
1.31195 0.111635 -0.107102
1.31257 0.11166 -0.10709
1.31319 0.111675 -0.107077
1.31381 0.111701 -0.107064
1.31443 0.11172 -0.107052
1.31505 0.111758 -0.107039
1.31567 0.111763 -0.107027
1.31629 0.11178 -0.107014
1.3169 0.111797 -0.107002
1.31752 0.111822 -0.106989
1.31814 0.111842 -0.106977
1.31876 0.111887 -0.106964
1.31938 0.111903 -0.106951
1.32 0.111915 -0.106939
1.32063 0.111897 -0.106926
1.32125 0.111893 -0.106913
1.32188 0.111904 -0.1069
1.3225 0.111907 -0.106887
1.32313 0.111897 -0.106874
1.32375 0.111905 -0.106861
1.32438 0.111889 -0.106848
1.325 0.111891 -0.106835
1.32563 0.111891 -0.106823
1.32625 0.111895 -0.10681
1.32688 0.111866 -0.106797
1.3274 0.111872 -0.106786
1.32792 0.111875 -0.106775
1.32844 0.111882 -0.106764
1.32896 0.111885 -0.106753
1.32948 0.111891 -0.106743
1.33 0.1119 -0.106732
1.33063 0.11191 -0.106719
1.33121 0.111916 -0.106707
1.3318 0.111913 -0.106694
1.33238 0.111903 -0.106682
1.33297 0.111911 -0.10667
1.33355 0.111913 -0.106658
1.33414 0.111917 -0.106645
1.33473 0.111915 -0.106633
1.33531 0.111931 -0.106621
1.3359 0.111913 -0.106609
1.33648 0.111921 -0.106596
1.33707 0.111917 -0.106584
1.33766 0.111925 -0.106572
1.33824 0.111917 -0.10656
1.33883 0.111915 -0.106548
1.33941 0.111906 -0.106535
1.34 0.111915 -0.106523
1.34063 0.111913 -0.10651
1.34125 0.111909 -0.106497
1.34188 0.111907 -0.106484
1.3425 0.111891 -0.106471
1.34313 0.111878 -0.106458
1.34375 0.111874 -0.106444
1.34438 0.111864 -0.106431
1.345 0.111859 -0.106418
1.34563 0.111839 -0.106405
1.34625 0.111832 -0.106392
1.34688 0.111817 -0.106379
1.3475 0.111807 -0.106366
1.34813 0.111814 -0.106353
1.34875 0.111804 -0.10634
1.34938 0.111794 -0.106327
1.35 0.111789 -0.106314
1.35067 0.111771 -0.1063
1.35133 0.111774 -0.106286
1.352 0.111747 -0.106273
1.35267 0.111738 -0.106259
1.35333 0.111722 -0.106245
1.354 0.111712 -0.106231
1.35467 0.111699 -0.106218
1.35533 0.111692 -0.106204
1.356 0.11167 -0.10619
1.35667 0.111657 -0.106177
1.35733 0.111645 -0.106163
1.358 0.111639 -0.106149
1.35867 0.111617 -0.106136
1.35933 0.111599 -0.106122
1.36 0.111582 -0.106108
1.36067 0.111577 -0.106095
1.36133 0.111546 -0.106081
1.362 0.111532 -0.106067
1.36267 0.111511 -0.106054
1.36333 0.111495 -0.10604
1.364 0.111468 -0.106027
1.36467 0.111453 -0.106013
1.36533 0.111433 -0.106
1.366 0.111414 -0.105986
1.36667 0.111387 -0.105973
1.36733 0.111379 -0.105959
1.368 0.111357 -0.105946
1.36867 0.111349 -0.105933
1.36933 0.111327 -0.105919
1.37 0.111316 -0.105906
1.37071 0.111294 -0.105891
1.37143 0.111291 -0.105877
1.37214 0.111269 -0.105863
1.37286 0.111262 -0.105849
1.37357 0.11125 -0.105834
1.37429 0.111237 -0.10582
1.375 0.111227 -0.105806
1.37571 0.111216 -0.105792
1.37643 0.111184 -0.105778
1.37714 0.11117 -0.105764
1.37786 0.111155 -0.10575
1.37857 0.111142 -0.105736
1.37929 0.111125 -0.105722
1.38 0.111113 -0.105708
1.38071 0.111101 -0.105694
1.38143 0.11109 -0.10568
1.38214 0.11107 -0.105666
1.38286 0.111065 -0.105652
1.38357 0.111053 -0.105638
1.38429 0.111033 -0.105624
1.385 0.111014 -0.105611
1.38571 0.111013 -0.105597
1.38643 0.110999 -0.105583
1.38714 0.110991 -0.10557
1.38786 0.110972 -0.105556
1.38857 0.110965 -0.105543
1.38929 0.110954 -0.105529
1.39 0.110935 -0.105516
1.39071 0.110905 -0.105503
1.39143 0.110869 -0.105489
1.39214 0.110849 -0.105476
1.39286 0.110843 -0.105462
1.39357 0.110831 -0.105449
1.39429 0.110817 -0.105436
1.395 0.110792 -0.105423
1.39571 0.110781 -0.10541
1.39643 0.110751 -0.105397
1.39714 0.110731 -0.105384
1.39786 0.110712 -0.105371
1.39857 0.110683 -0.105358
1.39929 0.110658 -0.105345
1.4 0.110631 -0.105332
1.40077 0.110605 -0.105318
1.40154 0.110583 -0.105304
1.40231 0.110556 -0.105291
1.40308 0.110534 -0.105277
1.40385 0.1105 -0.105263
1.40462 0.110461 -0.10525
1.40538 0.110405 -0.105236
1.40615 0.110372 -0.105223
1.40692 0.110329 -0.105209
1.40769 0.11029 -0.105196
1.40846 0.110249 -0.105183
1.40923 0.110196 -0.105169
1.41 0.110152 -0.105156
1.41077 0.110117 -0.105143
1.41154 0.110076 -0.10513
1.41231 0.110042 -0.105117
1.41308 0.110006 -0.105104
1.41385 0.109972 -0.105091
1.41462 0.109936 -0.105078
1.41538 0.109888 -0.105065
1.41615 0.109848 -0.105052
1.41692 0.109821 -0.105039
1.41769 0.109789 -0.105027
1.41846 0.109753 -0.105014
1.41923 0.109727 -0.105001
1.42 0.109697 -0.104989
1.42077 0.109675 -0.104976
1.42154 0.109661 -0.104964
1.42231 0.109641 -0.104952
1.42308 0.109631 -0.104939
1.42385 0.109614 -0.104927
1.42462 0.109597 -0.104915
1.42538 0.109574 -0.104902
1.42615 0.109561 -0.10489
1.42692 0.109554 -0.104878
1.42769 0.10954 -0.104866
1.42846 0.109521 -0.104854
1.42923 0.109505 -0.104842
1.43 0.109484 -0.10483
1.43077 0.10947 -0.104819
1.43154 0.109453 -0.104807
1.43231 0.109439 -0.104795
1.43308 0.109422 -0.104784
1.43385 0.109414 -0.104772
1.43462 0.109401 -0.104761
1.43538 0.109384 -0.104749
1.43615 0.109374 -0.104738
1.43692 0.109363 -0.104727
1.43769 0.109349 -0.104715
1.43846 0.109347 -0.104704
1.43923 0.109332 -0.104693
1.44 0.109339 -0.104682
1.44077 0.109338 -0.104671
1.44154 0.109353 -0.10466
1.44231 0.109364 -0.104649
1.44308 0.109369 -0.104639
1.44385 0.109368 -0.104628
1.44462 0.109376 -0.104617
1.44538 0.10938 -0.104607
1.44615 0.109386 -0.104596
1.44692 0.10939 -0.104586
1.44769 0.109396 -0.104576
1.44846 0.109411 -0.104566
1.44923 0.109429 -0.104555
1.45 0.109434 -0.104545
1.45077 0.109451 -0.104535
1.45154 0.109466 -0.104525
1.45231 0.109484 -0.104515
1.45308 0.109496 -0.104506
1.45385 0.109518 -0.104496
1.45462 0.109536 -0.104486
1.45538 0.109567 -0.104477
1.45615 0.109595 -0.104467
1.45692 0.109612 -0.104458
1.45769 0.109633 -0.104449
1.45846 0.109658 -0.104439
1.45923 0.109682 -0.10443
1.46 0.109704 -0.104421
1.46077 0.109707 -0.104412
1.46154 0.109734 -0.104403
1.46231 0.109748 -0.104394
1.46308 0.109778 -0.104385
1.46385 0.109802 -0.104377
1.46462 0.10983 -0.104368
1.46538 0.109857 -0.10436
1.46615 0.109882 -0.104351
1.46692 0.109905 -0.104343
1.46769 0.109931 -0.104334
1.46846 0.109948 -0.104326
1.46923 0.109972 -0.104318
1.47 0.109994 -0.10431
1.47077 0.110027 -0.104302
1.47154 0.110057 -0.104294
1.47231 0.110097 -0.104286
1.47308 0.110127 -0.104278
1.47385 0.110157 -0.104271
1.47462 0.110183 -0.104263
1.47538 0.110213 -0.104256
1.47615 0.110243 -0.104248
1.47692 0.110279 -0.104241
1.47769 0.110294 -0.104234
1.47846 0.110329 -0.104226
1.47923 0.110364 -0.104219
1.48 0.110406 -0.104212
1.48077 0.11044 -0.104205
1.48154 0.110479 -0.104198
1.48231 0.110514 -0.104191
1.48308 0.110554 -0.104185
1.48385 0.110589 -0.104178
1.48462 0.110638 -0.104171
1.48538 0.110687 -0.104165
1.48615 0.110729 -0.104158
1.48692 0.110764 -0.104152
1.48769 0.110814 -0.104145
1.48846 0.110843 -0.104139
1.48923 0.110896 -0.104133
1.49 0.110936 -0.104127
1.49077 0.110988 -0.104121
1.49154 0.110993 -0.104115
1.49231 0.11104 -0.104109
1.49308 0.111088 -0.104103
1.49385 0.111129 -0.104098
1.49462 0.111178 -0.104092
1.49538 0.111238 -0.104087
1.49615 0.111287 -0.104081
1.49692 0.111346 -0.104076
1.49769 0.111403 -0.104071
1.49846 0.111463 -0.104065
1.49923 0.111517 -0.10406
1.5 0.111576 -0.104055
1.50077 0.111625 -0.10405
1.50154 0.111688 -0.104045
1.50231 0.111727 -0.10404
1.50308 0.111787 -0.104036
1.50385 0.111838 -0.104031
1.50462 0.111902 -0.104026
1.50538 0.111958 -0.104022
1.50615 0.112011 -0.104018
1.50692 0.112062 -0.104013
1.50769 0.112116 -0.104009
1.50846 0.112162 -0.104005
1.50923 0.112215 -0.104001
1.51 0.112263 -0.103997
1.51077 0.112316 -0.103993
1.51154 0.11237 -0.103989
1.51231 0.112427 -0.103985
1.51308 0.11248 -0.103982
1.51385 0.112524 -0.103978
1.51462 0.112577 -0.103975
1.51538 0.112641 -0.103971
1.51615 0.1127 -0.103968
1.51692 0.112763 -0.103965
1.51769 0.112838 -0.103962
1.51846 0.11291 -0.103958
1.51923 0.112982 -0.103956
1.52 0.113022 -0.103953
1.52077 0.113091 -0.10395
1.52154 0.113167 -0.103947
1.52231 0.113236 -0.103944
1.52308 0.113307 -0.103942
1.52385 0.11337 -0.103939
1.52462 0.113442 -0.103937
1.52538 0.113501 -0.103935
1.52615 0.113566 -0.103932
1.52692 0.113624 -0.10393
1.52769 0.113689 -0.103928
1.52846 0.113758 -0.103926
1.52923 0.113826 -0.103924
1.53 0.113891 -0.103923
1.53077 0.113951 -0.103921
1.53154 0.114011 -0.103919
1.53231 0.114073 -0.103917
1.53308 0.114131 -0.103916
1.53385 0.114192 -0.103915
1.53462 0.114246 -0.103913
1.53538 0.114308 -0.103912
1.53615 0.114373 -0.103911
1.53692 0.114436 -0.10391
1.53769 0.114496 -0.103909
1.53846 0.114528 -0.103908
1.53923 0.11458 -0.103907
1.54 0.114625 -0.103906
1.54077 0.114677 -0.103906
1.54154 0.114735 -0.103905
1.54231 0.114785 -0.103905
1.54308 0.114829 -0.103905
1.54385 0.114871 -0.103904
1.54462 0.114924 -0.103904
1.54538 0.114965 -0.103904
1.54615 0.115016 -0.103904
1.54692 0.115062 -0.103904
1.54769 0.115113 -0.103904
1.54846 0.11516 -0.103905
1.54923 0.1152 -0.103905
1.55 0.115244 -0.103905
1.55077 0.115289 -0.103906
1.55154 0.115332 -0.103907
1.55231 0.115385 -0.103907
1.55308 0.115426 -0.103908
1.55385 0.115472 -0.103909
1.55462 0.115519 -0.10391
1.55538 0.115567 -0.103911
1.55615 0.115615 -0.103912
1.55692 0.115643 -0.103913
1.55769 0.115682 -0.103915
1.55846 0.115731 -0.103916
1.55923 0.115766 -0.103918
1.56 0.115806 -0.103919
1.56077 0.115857 -0.103921
1.56154 0.115905 -0.103923
1.56231 0.115949 -0.103925
1.56308 0.115999 -0.103927
1.56385 0.11602 -0.103929
1.56462 0.11604 -0.103931
1.56538 0.116061 -0.103934
1.56615 0.116094 -0.103936
1.56692 0.116138 -0.103939
1.56769 0.116179 -0.103941
1.56846 0.11621 -0.103944
1.56923 0.116253 -0.103946
1.57 0.116305 -0.103949
1.57077 0.116361 -0.103952
1.57154 0.116381 -0.103955
1.57231 0.116416 -0.103958
1.57308 0.116423 -0.103962
1.57385 0.116478 -0.103965
1.57462 0.116545 -0.103968
1.57538 0.116606 -0.103972
1.57615 0.116661 -0.103975
1.57692 0.116696 -0.103979
1.57769 0.116725 -0.103983
1.57846 0.116752 -0.103986
1.57923 0.116768 -0.10399
1.58 0.116774 -0.103994
1.58077 0.116778 -0.103998
1.58154 0.116773 -0.104003
1.58231 0.116788 -0.104007
1.58308 0.116819 -0.104011
1.58385 0.116825 -0.104016
1.58462 0.116861 -0.10402
1.58538 0.116885 -0.104025
1.58615 0.116912 -0.10403
1.58692 0.116951 -0.104035
1.58769 0.116997 -0.104039
1.58846 0.117039 -0.104044
1.58923 0.117074 -0.104049
1.59 0.117075 -0.104055
1.59077 0.117095 -0.10406
1.59154 0.117114 -0.104065
1.59231 0.117158 -0.10407
1.59308 0.117178 -0.104076
1.59385 0.117208 -0.104081
1.59462 0.117243 -0.104087
1.59538 0.117268 -0.104093
1.59615 0.117292 -0.104099
1.59692 0.117322 -0.104105
1.59769 0.117337 -0.104111
1.59846 0.117367 -0.104117
1.59923 0.117392 -0.104123
1.6 0.117398 -0.104129
1.60083 0.117405 -0.104136
1.60167 0.117394 -0.104143
1.6025 0.117385 -0.10415
1.60333 0.117395 -0.104157
1.60417 0.1174 -0.104164
1.605 0.117407 -0.104171
1.60583 0.117413 -0.104179
1.60667 0.117424 -0.104186
1.6075 0.117443 -0.104194
1.60833 0.117463 -0.104201
1.60917 0.117478 -0.104209
1.61 0.117503 -0.104217
1.61083 0.117537 -0.104225
1.61167 0.117568 -0.104233
1.6125 0.117601 -0.104241
1.61333 0.11763 -0.104249
1.61417 0.117654 -0.104257
1.615 0.117687 -0.104266
1.61583 0.117723 -0.104274
1.61667 0.117754 -0.104283
1.6175 0.117767 -0.104291
1.61833 0.117788 -0.1043
1.61917 0.117794 -0.104308
1.62 0.117809 -0.104317
1.62083 0.117832 -0.104326
1.62167 0.117863 -0.104335
1.6225 0.117895 -0.104344
1.62333 0.117931 -0.104353
1.62417 0.117957 -0.104362
1.625 0.117992 -0.104372
1.62583 0.118023 -0.104381
1.62667 0.118052 -0.104391
1.6275 0.118078 -0.1044
1.62833 0.118104 -0.10441
1.62917 0.11813 -0.10442
1.63 0.118145 -0.104429
1.63083 0.118161 -0.104439
1.63167 0.118181 -0.104449
1.6325 0.1182 -0.104459
1.63333 0.118212 -0.104469
1.63417 0.118233 -0.104479
1.6349 0.118259 -0.104488
1.63563 0.118279 -0.104497
1.63635 0.118297 -0.104506
1.63708 0.118319 -0.104515
1.63781 0.118342 -0.104524
1.63854 0.118361 -0.104533
1.63927 0.118377 -0.104542
1.64 0.118396 -0.104551
1.64077 0.11842 -0.104561
1.64154 0.118443 -0.104571
1.64231 0.118458 -0.10458
1.64301 0.118477 -0.104589
1.64371 0.118495 -0.104598
1.64441 0.118515 -0.104607
1.6451 0.118537 -0.104616
1.6458 0.118555 -0.104626
1.6465 0.118576 -0.104635
1.6472 0.118593 -0.104644
1.6479 0.11862 -0.104653
1.6486 0.118638 -0.104662
1.6493 0.118652 -0.104672
1.65 0.118667 -0.104681
1.65077 0.118689 -0.104691
1.65154 0.118702 -0.104701
1.65231 0.118725 -0.104712
1.65308 0.118756 -0.104722
1.65385 0.118794 -0.104733
1.65462 0.118819 -0.104743
1.65538 0.118836 -0.104754
1.65615 0.118863 -0.104764
1.65692 0.118886 -0.104775
1.65769 0.118897 -0.104785
1.65846 0.118895 -0.104796
1.65923 0.1189 -0.104807
1.66 0.118916 -0.104817
1.66077 0.118922 -0.104828
1.66154 0.118933 -0.104839
1.66231 0.11894 -0.10485
1.66308 0.118963 -0.10486
1.66385 0.118992 -0.104871
1.66462 0.11902 -0.104882
1.66538 0.119044 -0.104893
1.66615 0.119064 -0.104904
1.66692 0.119059 -0.104915
1.66769 0.119064 -0.104926
1.66846 0.119063 -0.104937
1.66923 0.119068 -0.104948
1.67 0.11908 -0.104959
1.67077 0.119084 -0.10497
1.67154 0.1191 -0.104981
1.67231 0.119106 -0.104992
1.67308 0.119117 -0.105003
1.67385 0.119115 -0.105014
1.67462 0.11913 -0.105025
1.67538 0.119127 -0.105036
1.67615 0.119141 -0.105048
1.67692 0.11914 -0.105059
1.67769 0.119135 -0.10507
1.67846 0.119146 -0.105081
1.67923 0.119168 -0.105092
1.68 0.119186 -0.105103
1.68077 0.119181 -0.105115
1.68154 0.119177 -0.105126
1.68231 0.119188 -0.105137
1.68308 0.11919 -0.105148
1.68385 0.119181 -0.105159
1.68462 0.119183 -0.105171
1.68538 0.119189 -0.105182
1.68615 0.119208 -0.105193
1.68692 0.119215 -0.105205
1.68769 0.119219 -0.105216
1.68846 0.119234 -0.105227
1.68923 0.119275 -0.105238
1.69 0.119281 -0.10525
1.69077 0.119304 -0.105261
1.69154 0.11931 -0.105272
1.69231 0.11934 -0.105283
1.69308 0.119335 -0.105295
1.69385 0.119345 -0.105306
1.69462 0.119349 -0.105317
1.69538 0.119368 -0.105329
1.69615 0.119394 -0.10534
1.69692 0.119422 -0.105351
1.69769 0.119445 -0.105363
1.69846 0.119479 -0.105374
1.69923 0.119501 -0.105385
1.7 0.119542 -0.105396
1.70077 0.119571 -0.105408
1.70154 0.119595 -0.105419
1.70231 0.119623 -0.10543
1.70308 0.119649 -0.105441
1.70385 0.119682 -0.105453
1.70462 0.119727 -0.105464
1.70538 0.119764 -0.105475
1.70615 0.119815 -0.105487
1.70692 0.119882 -0.105498
1.70769 0.119946 -0.105509
1.70846 0.119997 -0.10552
1.70923 0.120049 -0.105532
1.71 0.120096 -0.105543
1.71077 0.120161 -0.105554
1.71154 0.120215 -0.105565
1.71231 0.120261 -0.105576
1.71308 0.120292 -0.105587
1.71385 0.12032 -0.105598
1.71462 0.120329 -0.105609
1.71538 0.120368 -0.10562
1.71615 0.120385 -0.105631
1.71692 0.120405 -0.105642
1.71769 0.120437 -0.105653
1.71846 0.120484 -0.105664
1.71923 0.120525 -0.105675
1.72 0.120588 -0.105686
1.72077 0.120622 -0.105697
1.72154 0.120644 -0.105708
1.72231 0.120675 -0.105719
1.72308 0.120698 -0.105729
1.72385 0.120717 -0.10574
1.72453 0.120748 -0.10575
1.72521 0.120784 -0.10576
1.7259 0.120817 -0.105769
1.72658 0.120854 -0.105779
1.72726 0.120913 -0.105788
1.72795 0.120971 -0.105798
1.72863 0.121004 -0.105807
1.72932 0.121036 -0.105816
1.73 0.121102 -0.105826
1.73067 0.121149 -0.105835
1.73133 0.121205 -0.105844
1.732 0.121256 -0.105853
1.73267 0.121336 -0.105862
1.73333 0.121382 -0.105871
1.734 0.121395 -0.10588
1.73467 0.121432 -0.105889
1.73533 0.121482 -0.105898
1.736 0.121541 -0.105907
1.73667 0.121601 -0.105916
1.73733 0.121654 -0.105925
1.738 0.121702 -0.105934
1.73867 0.121762 -0.105942
1.73933 0.121816 -0.105951
1.74 0.121857 -0.10596
1.74071 0.121903 -0.105969
1.74143 0.121928 -0.105979
1.74214 0.121938 -0.105988
1.7428 0.121969 -0.105996
1.74345 0.121997 -0.106005
1.74411 0.122023 -0.106013
1.74476 0.122101 -0.106022
1.74542 0.122183 -0.10603
1.74607 0.122235 -0.106038
1.74673 0.122274 -0.106047
1.74738 0.12231 -0.106055
1.74804 0.122331 -0.106063
1.74869 0.122362 -0.106071
1.74935 0.122358 -0.106079
1.75 0.122388 -0.106087
1.75071 0.122436 -0.106096
1.75143 0.122473 -0.106105
1.75214 0.122532 -0.106114
1.75286 0.122558 -0.106122
1.75357 0.122559 -0.106131
1.75429 0.122549 -0.106139
1.755 0.122553 -0.106148
1.75571 0.122583 -0.106156
1.75643 0.122607 -0.106165
1.75714 0.122615 -0.106173
1.75786 0.122628 -0.106181
1.75857 0.122667 -0.106189
1.75929 0.12267 -0.106198
1.76 0.122702 -0.106206
1.76071 0.122727 -0.106214
1.76143 0.122785 -0.106222
1.76214 0.122818 -0.10623
1.76286 0.122829 -0.106238
1.76357 0.122851 -0.106246
1.76429 0.122868 -0.106254
1.765 0.122872 -0.106261
1.76571 0.122898 -0.106269
1.76643 0.122901 -0.106277
1.76714 0.122903 -0.106284
1.76786 0.122909 -0.106292
1.76857 0.122938 -0.106299
1.76929 0.122963 -0.106307
1.77 0.122981 -0.106314
1.77071 0.122985 -0.106322
1.77143 0.123028 -0.106329
1.77214 0.123043 -0.106336
1.77286 0.122998 -0.106343
1.77357 0.123054 -0.10635
1.77429 0.12307 -0.106357
1.775 0.123087 -0.106364
1.77571 0.123103 -0.106371
1.77643 0.123132 -0.106378
1.77714 0.123132 -0.106385
1.77786 0.123134 -0.106391
1.77857 0.123173 -0.106398
1.77929 0.123184 -0.106404
1.78 0.12321 -0.106411
1.78071 0.123196 -0.106417
1.78143 0.123204 -0.106424
1.78214 0.123199 -0.10643
1.78286 0.123219 -0.106436
1.78357 0.123242 -0.106442
1.78429 0.123256 -0.106449
1.785 0.123274 -0.106455
1.78571 0.123309 -0.106461
1.78643 0.123357 -0.106467
1.78714 0.123387 -0.106473
1.78786 0.123425 -0.106479
1.78857 0.123497 -0.106484
1.78929 0.123534 -0.10649
1.79 0.123568 -0.106496
1.79071 0.123564 -0.106501
1.79143 0.123569 -0.106507
1.79214 0.123605 -0.106512
1.79286 0.123634 -0.106517
1.79357 0.123651 -0.106523
1.79429 0.123696 -0.106528
1.795 0.123699 -0.106533
1.79571 0.123683 -0.106538
1.79643 0.123684 -0.106543
1.79714 0.123649 -0.106548
1.79786 0.123653 -0.106553
1.79857 0.123643 -0.106558
1.79929 0.123622 -0.106562
1.8 0.123609 -0.106567
1.80071 0.123611 -0.106572
1.80143 0.123641 -0.106576
1.80214 0.123634 -0.106581
1.80286 0.123628 -0.106585
1.80357 0.123617 -0.106589
1.80429 0.123623 -0.106594
1.805 0.123591 -0.106598
1.80571 0.123564 -0.106602
1.80643 0.123554 -0.106606
1.80714 0.123547 -0.10661
1.80786 0.12355 -0.106613
1.80857 0.123563 -0.106617
1.80929 0.123558 -0.106621
1.81 0.123565 -0.106624
1.81071 0.123549 -0.106628
1.81143 0.123545 -0.106631
1.81214 0.123536 -0.106635
1.81286 0.123539 -0.106638
1.81357 0.123539 -0.106641
1.81429 0.123573 -0.106645
1.815 0.123585 -0.106648
1.81571 0.123614 -0.106651
1.81643 0.123597 -0.106654
1.81714 0.123571 -0.106656
1.81786 0.123563 -0.106659
1.81857 0.123582 -0.106662
1.81929 0.123576 -0.106665
1.82 0.123572 -0.106667
1.82071 0.123579 -0.10667
1.82143 0.123621 -0.106672
1.82214 0.123627 -0.106674
1.82286 0.123656 -0.106677
1.82357 0.123648 -0.106679
1.82429 0.12367 -0.106681
1.825 0.123652 -0.106683
1.82571 0.123654 -0.106685
1.82643 0.123639 -0.106686
1.82714 0.123651 -0.106688
1.82786 0.123657 -0.10669
1.82857 0.123677 -0.106691
1.82929 0.123679 -0.106693
1.83 0.123694 -0.106694
1.83071 0.123752 -0.106696
1.83143 0.12382 -0.106697
1.83209 0.123847 -0.106698
1.83275 0.123871 -0.106699
1.83341 0.12391 -0.1067
1.83407 0.123938 -0.106701
1.83473 0.123939 -0.106702
1.83531 0.123974 -0.106702
1.8359 0.124035 -0.106703
1.83648 0.124104 -0.106703
1.83707 0.124149 -0.106704
1.83766 0.124213 -0.106704
1.83824 0.124279 -0.106704
1.83883 0.12434 -0.106705
1.83941 0.124365 -0.106705
1.84 0.124406 -0.106705
1.84067 0.12444 -0.106705
1.84133 0.124437 -0.106705
1.842 0.124447 -0.106705
1.84267 0.124478 -0.106705
1.84333 0.124527 -0.106705
1.844 0.124573 -0.106705
1.84467 0.124601 -0.106704
1.84533 0.124652 -0.106704
1.846 0.124683 -0.106703
1.84667 0.124727 -0.106702
1.84733 0.12474 -0.106702
1.848 0.124752 -0.106701
1.84867 0.12475 -0.1067
1.84933 0.124779 -0.106699
1.85 0.124822 -0.106698
1.85071 0.124832 -0.106697
1.85143 0.124864 -0.106696
1.85214 0.1249 -0.106695
1.85286 0.124899 -0.106693
1.85357 0.124897 -0.106692
1.85429 0.124907 -0.106691
1.855 0.124929 -0.106689
1.85571 0.124941 -0.106687
1.85643 0.124928 -0.106686
1.85714 0.124903 -0.106684
1.85786 0.124902 -0.106682
1.85857 0.124923 -0.10668
1.85929 0.124976 -0.106678
1.86 0.125001 -0.106676
1.86071 0.125006 -0.106674
1.86143 0.124982 -0.106672
1.86214 0.124971 -0.106669
1.86286 0.124934 -0.106667
1.86357 0.124922 -0.106664
1.86429 0.124904 -0.106662
1.86492 0.124903 -0.10666
1.86556 0.124894 -0.106657
1.86619 0.12488 -0.106655
1.86683 0.124847 -0.106652
1.86746 0.124817 -0.106649
1.8681 0.124763 -0.106647
1.86873 0.124726 -0.106644
1.86937 0.124661 -0.106641
1.87 0.12463 -0.106638
1.87067 0.124584 -0.106635
1.87133 0.124541 -0.106632
1.872 0.124485 -0.106629
1.87267 0.124457 -0.106626
1.87333 0.124393 -0.106622
1.874 0.124316 -0.106619
1.87467 0.124259 -0.106615
1.87533 0.124218 -0.106612
1.876 0.124144 -0.106608
1.87667 0.124079 -0.106605
1.87733 0.124018 -0.106601
1.878 0.123978 -0.106597
1.87867 0.123925 -0.106593
1.87933 0.123865 -0.10659
1.88 0.123817 -0.106586
1.88067 0.123783 -0.106582
1.88133 0.123745 -0.106578
1.882 0.123718 -0.106574
1.88267 0.123708 -0.10657
1.88333 0.123692 -0.106565
1.884 0.123667 -0.106561
1.88467 0.123649 -0.106557
1.88533 0.123632 -0.106552
1.886 0.123612 -0.106548
1.88667 0.123585 -0.106543
1.88733 0.123533 -0.106539
1.888 0.123523 -0.106534
1.88867 0.123498 -0.106529
1.88933 0.123469 -0.106524
1.89 0.123434 -0.106519
1.89067 0.123426 -0.106515
1.89133 0.12339 -0.10651
1.892 0.123341 -0.106504
1.89267 0.12331 -0.106499
1.89333 0.123279 -0.106494
1.894 0.123267 -0.106489
1.89467 0.123255 -0.106484
1.89533 0.123237 -0.106479
1.896 0.123222 -0.106473
1.89667 0.123197 -0.106468
1.89733 0.12317 -0.106462
1.898 0.123158 -0.106457
1.89867 0.123154 -0.106451
1.89933 0.123142 -0.106445
1.9 0.12314 -0.106439
1.90067 0.123122 -0.106434
1.90133 0.123085 -0.106428
1.902 0.12308 -0.106422
1.90267 0.123096 -0.106416
1.90333 0.123094 -0.10641
1.904 0.12308 -0.106404
1.90467 0.123079 -0.106398
1.90533 0.123059 -0.106391
1.906 0.123061 -0.106385
1.90667 0.12302 -0.106379
1.90733 0.122997 -0.106373
1.908 0.122964 -0.106366
1.90867 0.122939 -0.10636
1.90933 0.122914 -0.106353
1.91 0.122889 -0.106347
1.91067 0.12284 -0.10634
1.91133 0.12279 -0.106334
1.912 0.122761 -0.106327
1.91267 0.122718 -0.10632
1.91333 0.122659 -0.106313
1.914 0.122622 -0.106306
1.91467 0.122514 -0.106299
1.91533 0.122497 -0.106292
1.916 0.122272 -0.106285
1.91667 0.122235 -0.106278
1.91733 0.122197 -0.106271
1.918 0.122165 -0.106264
1.91867 0.12213 -0.106257
1.91933 0.12211 -0.10625
1.92 0.122068 -0.106242
1.92071 0.122039 -0.106235
1.92143 0.121916 -0.106227
1.92214 0.121891 -0.106219
1.92286 0.121858 -0.106211
1.92357 0.121819 -0.106202
1.92429 0.121802 -0.106194
1.925 0.121759 -0.106186
1.92571 0.121726 -0.106178
1.92643 0.1217 -0.10617
1.92714 0.121685 -0.106161
1.92786 0.121664 -0.106153
1.92857 0.121649 -0.106144
1.92929 0.121626 -0.106136
1.93 0.121589 -0.106127
1.93071 0.121567 -0.106119
1.93143 0.121544 -0.10611
1.93214 0.12154 -0.106101
1.93286 0.12154 -0.106093
1.93357 0.121544 -0.106084
1.93429 0.12155 -0.106075
1.935 0.121559 -0.106066
1.93571 0.121573 -0.106057
1.93643 0.121576 -0.106048
1.93714 0.121553 -0.106039
1.93786 0.121544 -0.10603
1.93857 0.12152 -0.106021
1.93929 0.121506 -0.106011
1.94 0.121486 -0.106002
1.94071 0.121488 -0.105993
1.94143 0.121481 -0.105984
1.94214 0.121492 -0.105974
1.94286 0.12149 -0.105965
1.94357 0.121497 -0.105956
1.94429 0.121498 -0.105946
1.945 0.121523 -0.105937
1.94571 0.121529 -0.105927
1.94643 0.121553 -0.105918
1.94714 0.121576 -0.105908
1.94786 0.121604 -0.105898
1.94857 0.121596 -0.105888
1.94929 0.121598 -0.105879
1.95 0.12161 -0.105869
1.95071 0.121612 -0.105859
1.95138 0.121599 -0.10585
1.95204 0.121596 -0.105841
1.9527 0.121584 -0.105831
1.95337 0.121579 -0.105822
1.95403 0.12157 -0.105813
1.95469 0.121565 -0.105804
1.95536 0.121557 -0.105794
1.95602 0.121534 -0.105785
1.95668 0.12152 -0.105775
1.95735 0.121507 -0.105766
1.95801 0.121482 -0.105756
1.95867 0.121455 -0.105747
1.95934 0.121423 -0.105737
1.96 0.121404 -0.105728
1.96071 0.121368 -0.105717
1.96143 0.121343 -0.105707
1.96214 0.121306 -0.105697
1.96286 0.121276 -0.105686
1.96357 0.121236 -0.105676
1.96429 0.121196 -0.105665
1.965 0.121161 -0.105654
1.96571 0.121128 -0.105644
1.96643 0.121079 -0.105633
1.96714 0.121045 -0.105622
1.96786 0.120976 -0.105612
1.96857 0.120945 -0.105601
1.96929 0.120906 -0.10559
1.97 0.120878 -0.105579
1.97071 0.120843 -0.105569
1.97143 0.120801 -0.105558
1.97214 0.12075 -0.105547
1.97286 0.12071 -0.105536
1.97357 0.120647 -0.105525
1.97429 0.120584 -0.105514
1.975 0.120517 -0.105503
1.97571 0.120461 -0.105492
1.97643 0.120404 -0.105481
1.97714 0.120353 -0.10547
1.97786 0.120292 -0.105459
1.97857 0.120246 -0.105448
1.97929 0.120183 -0.105437
1.98 0.120127 -0.105425
1.98071 0.120054 -0.105414
1.98143 0.119985 -0.105403
1.98214 0.119922 -0.105392
1.98286 0.119853 -0.10538
1.98357 0.119788 -0.105369
1.98429 0.119724 -0.105358
1.985 0.119665 -0.105346
1.98571 0.119606 -0.105335
1.98643 0.119548 -0.105324
1.98714 0.11949 -0.105312
1.98786 0.119432 -0.105301
1.98857 0.119373 -0.105289
1.98929 0.119297 -0.105278
1.99 0.119212 -0.105266
1.99077 0.11913 -0.105254
1.99154 0.119047 -0.105242
1.99231 0.118969 -0.105229
1.99308 0.118903 -0.105217
1.99385 0.118813 -0.105204
1.99462 0.11874 -0.105192
1.99538 0.118669 -0.105179
1.99615 0.118608 -0.105167
1.99692 0.118545 -0.105154
1.99769 0.118469 -0.105141
1.99846 0.118387 -0.105129
1.99923 0.118216 -0.105116
2 0.11815 -0.105104
