t ke gpe 
0 0 12.4988
0.000262663 4.16279e-08 12.4981
0.000958187 2.34895e-08 12.4981
0.00186237 9.47933e-08 12.4981
0.00287957 2.23828e-07 12.4981
0.00406631 4.3349e-07 12.4981
0.00525305 7.2143e-07 12.4981
0.00620244 1.01292e-06 12.4981
0.00715183 1.3415e-06 12.4981
0.00810122 1.71979e-06 12.4981
0.00905061 2.14875e-06 12.4981
0.01 2.61573e-06 12.4981
0.011 3.162e-06 12.4982
0.012 3.76846e-06 12.4982
0.013 4.4158e-06 12.4982
0.014 5.11503e-06 12.4976
0.015 5.87232e-06 12.4976
0.016 6.70111e-06 12.4977
0.017 7.70378e-06 12.4977
0.018 8.67007e-06 12.4977
0.019 9.6531e-06 12.4977
0.02 1.07162e-05 12.4978
0.021 1.18379e-05 12.4978
0.022 1.29716e-05 12.4978
0.023 1.41989e-05 12.4978
0.024 1.54517e-05 12.4978
0.025 1.67807e-05 12.4983
0.026 1.82547e-05 12.4983
0.027 1.96648e-05 12.4984
0.028 2.11657e-05 12.4984
0.029 2.27284e-05 12.4985
0.03 2.41329e-05 12.4985
0.031 2.60289e-05 12.4985
0.032 2.77496e-05 12.4985
0.033 2.91733e-05 12.4985
0.034 3.20572e-05 12.4985
0.035 3.3091e-05 12.4986
0.036 3.47781e-05 12.4986
0.037 3.65638e-05 12.4986
0.038 3.85412e-05 12.4987
0.039 4.06836e-05 12.4987
0.04 4.26965e-05 12.4987
0.041 4.48028e-05 12.4987
0.042 4.70281e-05 12.4987
0.043 4.90513e-05 12.4987
0.044 5.22033e-05 12.4987
0.045 5.52405e-05 12.4988
0.046 5.60497e-05 12.4989
0.047 5.9964e-05 12.4989
0.048 6.23034e-05 12.499
0.049 6.44416e-05 12.499
0.05 6.54612e-05 12.499
0.051 7.03603e-05 12.4991
0.052 7.20397e-05 12.4991
0.053 7.40407e-05 12.4991
0.054 7.65618e-05 12.4991
0.055 7.88748e-05 12.4991
0.056 8.15245e-05 12.4992
0.057 8.48158e-05 12.4992
0.058 8.78339e-05 12.4992
0.059 9.05609e-05 12.4992
0.06 9.29061e-05 12.4992
0.061 9.64486e-05 12.4992
0.062 9.83984e-05 12.4992
0.063 0.000103622 12.4992
0.064 0.000106027 12.4992
0.065 0.000107898 12.4993
0.066 0.000110928 12.4993
0.067 0.000115178 12.4993
0.068 0.000118244 12.4993
0.069 0.000120916 12.4993
0.07 0.000123999 12.4993
0.071 0.000127155 12.4993
0.072 0.000130422 12.4993
0.073 0.000133594 12.4993
0.074 0.000137021 12.4993
0.075 0.000140375 12.4993
0.076 0.000143768 12.4993
0.077 0.000147094 12.4993
0.078 0.000150313 12.4993
0.079 0.000153689 12.4993
0.08 0.000157407 12.4993
0.081 0.000160786 12.4993
0.082 0.000164243 12.4993
0.083 0.00016774 12.4993
0.084 0.000171273 12.4993
0.085 0.000174824 12.4993
0.086 0.000178506 12.4994
0.087 0.00018232 12.4994
0.088 0.000186008 12.4994
0.089 0.000189512 12.4994
0.09 0.000193228 12.4994
0.091 0.000196814 12.4994
0.092 0.000200623 12.4994
0.093 0.000204118 12.4994
0.094 0.000207723 12.4994
0.095 0.000211423 12.4994
0.096 0.000214978 12.4994
0.097 0.000218943 12.4994
0.098 0.000222576 12.4994
0.099 0.000226411 12.4994
0.1 0.000229945 12.4994
0.101 0.000233754 12.4994
0.102 0.000237511 12.4994
0.103 0.000241376 12.4995
0.104 0.000245181 12.4995
0.105 0.000249004 12.4995
0.106 0.000252798 12.4995
0.107 0.00025641 12.4995
0.108 0.000260391 12.4995
0.109 0.000263678 12.4995
0.11 0.000268095 12.4995
0.111 0.000270848 12.4995
0.112 0.000276585 12.4995
0.113 0.000277893 12.4995
0.114 0.000287092 12.4995
0.115 0.000291133 12.4995
0.116 0.000293461 12.4995
0.117 0.000293894 12.4995
0.118 0.000301894 12.4995
0.119 0.000303982 12.4996
0.12 0.000305714 12.4996
0.121 0.000311906 12.4996
0.122 0.000315602 12.4996
0.123 0.000316515 12.4996
0.124 0.000319572 12.4996
0.125 0.000325936 12.4996
0.126 0.000331133 12.4996
0.127 0.00033506 12.4996
0.128 0.000338431 12.4996
0.129 0.000337906 12.4996
0.13 0.000341156 12.4996
0.131 0.000348562 12.4996
0.132 0.000352734 12.4996
0.133 0.000352425 12.4996
0.134 0.000359107 12.4996
0.135 0.000363485 12.4996
0.136 0.000362829 12.4996
0.137 0.000368739 12.4996
0.138 0.000369849 12.4996
0.139 0.000373119 12.4996
0.14 0.00037817 12.4996
0.141 0.000380144 12.4996
0.142 0.000386154 12.4997
0.143 0.000389066 12.4997
0.144 0.000390639 12.4996
0.145 0.000395248 12.4996
0.146 0.000396507 12.4996
0.147 0.000402591 12.4997
0.148 0.000405162 12.4997
0.149 0.000406919 12.4997
0.15 0.000411029 12.4997
0.151 0.000412511 12.4997
0.152 0.000417829 12.4997
0.153 0.000418286 12.4997
0.154 0.000425505 12.4997
0.155 0.000427547 12.4997
0.156 0.000428247 12.4997
0.157 0.000433169 12.4997
0.158 0.000433196 12.4997
0.159 0.000436094 12.4997
0.16 0.00044026 12.4997
0.161 0.000441852 12.4997
0.162 0.00044682 12.4997
0.163 0.000446839 12.4997
0.164 0.000449377 12.4997
0.165 0.000453567 12.4997
0.166 0.000454756 12.4997
0.167 0.00046039 12.4998
0.168 0.000462009 12.4998
0.169 0.000463447 12.4998
0.17 0.000466388 12.4998
0.171 0.000468307 12.4998
0.172 0.000471525 12.4998
0.173 0.000472767 12.4998
0.174 0.000476292 12.4998
0.175 0.000477104 12.4998
0.176 0.000480977 12.4998
0.177 0.000481335 12.4998
0.178 0.000485737 12.4998
0.179 0.000485583 12.4998
0.18 0.000490722 12.4998
0.181 0.000489966 12.4998
0.182 0.000496437 12.4998
0.183 0.000495275 12.4998
0.184 0.000495796 12.4998
0.185 0.000497979 12.4998
0.186 0.000498901 12.4998
0.187 0.000501316 12.4998
0.188 0.00050209 12.4999
0.189 0.000504639 12.4999
0.19 0.000505146 12.4999
0.191 0.000507867 12.4999
0.192 0.000508122 12.4999
0.193 0.000511037 12.4999
0.194 0.000511053 12.4999
0.195 0.00051432 12.4999
0.196 0.000514036 12.4999
0.197 0.000518074 12.4999
0.198 0.000517258 12.4999
0.199 0.000516446 12.4999
0.2 0.000517649 12.4999
0.201 0.000518429 12.4999
0.202 0.00051973 12.4999
0.203 0.000520259 12.4999
0.204 0.000521453 12.4999
0.205 0.000521848 12.4999
0.206 0.000523019 12.4999
0.207 0.000523274 12.4999
0.208 0.000524464 12.5
0.209 0.000524688 12.5
0.21 0.000525846 12.5
0.211 0.000526026 12.5
0.212 0.000527394 12.5
0.213 0.000527743 12.5
0.214 0.000529414 12.5
0.215 0.000527036 12.5
0.216 0.00052633 12.5
0.217 0.000526711 12.5
0.218 0.00052624 12.5
0.219 0.000526298 12.5
0.22 0.000525924 12.5
0.221 0.000525681 12.5
0.222 0.000525242 12.5
0.223 0.000524815 12.5
0.224 0.000524359 12.5
0.225 0.000523718 12.5
0.226 0.000523346 12.5
0.227 0.000522427 12.5
0.228 0.00052221 12.5
0.229 0.000521147 12.4999
0.23 0.000521138 12.4999
0.231 0.000519919 12.4999
0.232 0.000520239 12.4999
0.233 0.000518059 12.4999
0.234 0.000515935 12.4999
0.235 0.000515575 12.4999
0.236 0.000513745 12.4999
0.237 0.00051318 12.4999
0.238 0.000511289 12.4999
0.239 0.000510816 12.4999
0.24 0.000508645 12.4999
0.241 0.000508399 12.4999
0.242 0.000505876 12.4999
0.243 0.000505993 12.4999
0.244 0.000503118 12.4999
0.245 0.000503986 12.4999
0.246 0.000500732 12.4999
0.247 0.000498123 12.4999
0.248 0.0004967 12.4999
0.249 0.000494572 12.4999
0.25 0.00049299 12.4998
0.251 0.000490846 12.4998
0.252 0.000489178 12.4998
0.253 0.00048695 12.4998
0.254 0.000485177 12.4998
0.255 0.000482887 12.4998
0.256 0.000480999 12.4998
0.257 0.000478583 12.4998
0.258 0.000476658 12.4998
0.259 0.000474144 12.4998
0.26 0.000472116 12.4998
0.261 0.000469501 12.4998
0.262 0.000467407 12.4998
0.263 0.000464716 12.4998
0.264 0.00046254 12.4998
0.265 0.000459756 12.4998
0.266 0.000457516 12.4998
0.267 0.000454623 12.4997
0.268 0.000452319 12.4997
0.269 0.000449325 12.4997
0.27 0.000446963 12.4997
0.271 0.000443898 12.4997
0.272 0.000441482 12.4997
0.273 0.000438317 12.4997
0.274 0.000435851 12.4997
0.275 0.000432587 12.4997
0.276 0.000430082 12.4997
0.277 0.000426722 12.4997
0.278 0.000424182 12.4997
0.279 0.000420727 12.4997
0.28 0.000418159 12.4997
0.281 0.000414604 12.4997
0.282 0.000411995 12.4997
0.283 0.000408349 12.4997
0.284 0.000405711 12.4997
0.285 0.000401979 12.4997
0.286 0.00039931 12.4997
0.287 0.00039549 12.4996
0.288 0.000392804 12.4996
0.289 0.000388893 12.4996
0.29 0.000386206 12.4996
0.291 0.000382195 12.4996
0.292 0.000379497 12.4996
0.293 0.000375393 12.4996
0.294 0.000372691 12.4996
0.295 0.000368499 12.4996
0.296 0.000365801 12.4996
0.297 0.000361516 12.4996
0.298 0.000358833 12.4996
0.299 0.000354451 12.4996
0.3 0.000351789 12.4996
0.301 0.00034731 12.4996
0.302 0.000344673 12.4996
0.303 0.000340097 12.4996
0.304 0.000337491 12.4996
0.305 0.000332821 12.4996
0.306 0.000330247 12.4996
0.307 0.000325487 12.4996
0.308 0.000322949 12.4996
0.309 0.0003181 12.4996
0.31 0.000315648 12.4995
0.311 0.000310655 12.4995
0.312 0.000308282 12.4995
0.313 0.000303269 12.4995
0.314 0.000299716 12.4995
0.315 0.000296367 12.4995
0.316 0.000292408 12.4995
0.317 0.000288963 12.4995
0.318 0.000284793 12.4995
0.319 0.000281449 12.4995
0.32 0.000277195 12.4995
0.321 0.000273995 12.4995
0.322 0.000269594 12.4995
0.323 0.000266501 12.4995
0.324 0.00026207 12.4995
0.325 0.000258396 12.4995
0.326 0.000254905 12.4995
0.327 0.000250989 12.4995
0.328 0.000247515 12.4995
0.329 0.000243437 12.4995
0.33 0.000240022 12.4995
0.331 0.000236178 12.4995
0.332 0.000232303 12.4995
0.333 0.000228618 12.4995
0.334 0.000224858 12.4995
0.335 0.000221129 12.4995
0.336 0.000217346 12.4995
0.337 0.000213686 12.4995
0.338 0.000209715 12.4995
0.339 0.000205988 12.4995
0.34 0.000202248 12.4995
0.341 0.000198534 12.4994
0.342 0.000194966 12.4995
0.343 0.000191367 12.4995
0.344 0.000187799 12.4995
0.345 0.000184294 12.4995
0.346 0.000180539 12.4995
0.347 0.000177074 12.4995
0.348 0.000173433 12.4995
0.349 0.000169649 12.4994
0.35 0.000166103 12.4994
0.351 0.000162605 12.4994
0.352 0.000159072 12.4994
0.353 0.000155649 12.4994
0.354 0.000152149 12.4994
0.355 0.000148795 12.4994
0.356 0.000145349 12.4994
0.357 0.000141984 12.4994
0.358 0.00013865 12.4994
0.359 0.000135271 12.4994
0.36 0.000131982 12.4994
0.361 0.000128694 12.4994
0.362 0.000125544 12.4994
0.363 0.000122314 12.4994
0.364 0.00011907 12.4994
0.365 0.000115983 12.4994
0.366 0.000112824 12.4994
0.367 0.000109747 12.4994
0.368 0.000106667 12.4994
0.369 0.000103637 12.4994
0.37 0.000100628 12.4994
0.371 9.76792e-05 12.4994
0.372 9.47164e-05 12.4993
0.373 9.18346e-05 12.4993
0.374 8.89662e-05 12.4993
0.375 8.61553e-05 12.4993
0.376 8.33507e-05 12.4993
0.377 8.06114e-05 12.4993
0.378 7.78929e-05 12.4993
0.379 7.52229e-05 12.4993
0.38 7.25805e-05 12.4993
0.381 6.99717e-05 12.4993
0.382 6.74313e-05 12.4993
0.383 6.49168e-05 12.4993
0.384 6.24374e-05 12.4993
0.385 5.99942e-05 12.4993
0.386 5.75995e-05 12.4993
0.387 5.52665e-05 12.4993
0.388 5.29908e-05 12.4993
0.389 5.07137e-05 12.4993
0.39 4.84973e-05 12.4993
0.391 4.63283e-05 12.4992
0.392 4.41712e-05 12.4992
0.393 4.21305e-05 12.4992
0.394 4.003e-05 12.4992
0.395 3.80686e-05 12.4992
0.396 3.61078e-05 12.4992
0.397 3.42163e-05 12.4992
0.398 3.23713e-05 12.4992
0.399 3.05827e-05 12.4992
0.4 2.8833e-05 12.4992
0.401 2.71349e-05 12.4992
0.402 2.54846e-05 12.4992
0.403 2.389e-05 12.4992
0.404 2.23392e-05 12.4992
0.405 2.08554e-05 12.4992
0.406 1.93875e-05 12.4992
0.407 1.79942e-05 12.4992
0.408 1.66356e-05 12.4992
0.409 1.53604e-05 12.4992
0.41 1.40927e-05 12.4992
0.411 1.29419e-05 12.4992
0.412 1.17894e-05 12.4992
0.413 1.0719e-05 12.4992
0.414 9.67599e-06 12.4992
0.415 8.71348e-06 12.4992
0.416 7.78348e-06 12.4992
0.417 6.92162e-06 12.4991
0.418 6.09694e-06 12.4991
0.419 5.32373e-06 12.4992
0.42 4.61325e-06 12.4992
0.421 3.95731e-06 12.4991
0.422 3.36841e-06 12.4992
0.423 2.82298e-06 12.4992
0.424 2.32957e-06 12.4992
0.425 1.90299e-06 12.4992
0.426 1.52095e-06 12.4992
0.427 1.19711e-06 12.4992
0.428 9.15944e-07 12.4992
0.429 7.13515e-07 12.4992
0.43 5.43458e-07 12.4992
0.431 4.40227e-07 12.4992
0.432 3.91314e-07 12.4991
0.433 3.93979e-07 12.4991
0.434 4.49563e-07 12.4991
0.435 5.61743e-07 12.4991
0.436 7.30485e-07 12.4991
0.437 9.51351e-07 12.4991
0.438 1.22344e-06 12.4991
0.439 1.55749e-06 12.4991
0.44 1.94532e-06 12.4991
0.441 2.37784e-06 12.4991
0.442 2.87089e-06 12.4991
0.443 3.42461e-06 12.4991
0.444 4.00213e-06 12.4991
0.445 4.67405e-06 12.4991
0.446 5.34926e-06 12.4991
0.447 6.12676e-06 12.4991
0.448 6.90809e-06 12.4991
0.449 7.80375e-06 12.4991
0.45 8.70599e-06 12.4991
0.451 9.68655e-06 12.4991
0.452 1.07482e-05 12.4991
0.453 1.17602e-05 12.4991
0.454 1.29028e-05 12.4991
0.455 1.4053e-05 12.4991
0.456 1.52432e-05 12.4991
0.457 1.67441e-05 12.4991
0.458 1.82371e-05 12.4992
0.459 1.94858e-05 12.4992
0.46 2.07623e-05 12.4991
0.461 2.23249e-05 12.4991
0.462 2.38333e-05 12.4991
0.463 2.5328e-05 12.4992
0.464 2.69703e-05 12.4991
0.465 2.8861e-05 12.4991
0.466 3.06655e-05 12.4992
0.467 3.23244e-05 12.4992
0.468 3.41572e-05 12.4992
0.469 3.58099e-05 12.4992
0.47 3.80405e-05 12.4992
0.471 4.01666e-05 12.4992
0.472 4.20452e-05 12.4992
0.473 4.38266e-05 12.4992
0.474 4.63002e-05 12.4992
0.475 4.85572e-05 12.4992
0.476 5.05411e-05 12.4992
0.477 5.26095e-05 12.4992
0.478 5.49487e-05 12.4992
0.479 5.68807e-05 12.4993
0.48 5.89961e-05 12.4993
0.481 6.13152e-05 12.4993
0.482 6.51547e-05 12.4993
0.483 6.60055e-05 12.4993
0.484 7.01628e-05 12.4993
0.485 7.34772e-05 12.4993
0.486 7.36828e-05 12.4993
0.487 7.83623e-05 12.4993
0.488 8.09897e-05 12.4993
0.489 8.22906e-05 12.4993
0.49 8.64234e-05 12.4993
0.491 8.72966e-05 12.4993
0.492 9.01769e-05 12.4993
0.493 9.42395e-05 12.4993
0.494 9.8353e-05 12.4993
0.495 0.000101191 12.4993
0.496 0.000101932 12.4993
0.497 0.000104624 12.4994
0.498 0.000107583 12.4994
0.499 0.000112497 12.4994
0.5 0.000113941 12.4994
0.501 0.000116992 12.4994
0.502 0.000121122 12.4994
0.503 0.000124403 12.4994
0.504 0.00012695 12.4994
0.505 0.000130665 12.4994
0.506 0.000133376 12.4994
0.507 0.000136579 12.4994
0.508 0.000140322 12.4994
0.509 0.000143104 12.4994
0.51 0.000147389 12.4994
0.511 0.000149399 12.4994
0.512 0.000155391 12.4994
0.513 0.000155401 12.4994
0.514 0.000162091 12.4994
0.515 0.000163365 12.4994
0.516 0.000166896 12.4994
0.517 0.000170978 12.4994
0.518 0.000174742 12.4995
0.519 0.00017806 12.4995
0.52 0.000181653 12.4995
0.521 0.000184928 12.4995
0.522 0.00018872 12.4995
0.523 0.00019207 12.4995
0.524 0.000195909 12.4995
0.525 0.000199143 12.4995
0.526 0.000203007 12.4995
0.527 0.000206246 12.4995
0.528 0.000210328 12.4995
0.529 0.00021395 12.4995
0.53 0.000217395 12.4995
0.531 0.000220999 12.4995
0.532 0.000224966 12.4995
0.533 0.000228268 12.4995
0.534 0.000232393 12.4995
0.535 0.000235372 12.4995
0.536 0.000239644 12.4995
0.537 0.000242434 12.4995
0.538 0.000247471 12.4995
0.539 0.000249493 12.4995
0.54 0.000253232 12.4995
0.541 0.000257747 12.4995
0.542 0.00026078 12.4995
0.543 0.000265739 12.4995
0.544 0.000269492 12.4995
0.545 0.000271996 12.4995
0.546 0.000277232 12.4995
0.547 0.000278412 12.4995
0.548 0.000287405 12.4995
0.549 0.000285196 12.4995
0.55 0.000292234 12.4995
0.551 0.000296121 12.4995
0.552 0.000297425 12.4996
0.553 0.000300877 12.4996
0.554 0.000305729 12.4996
0.555 0.000308074 12.4996
0.556 0.00031386 12.4996
0.557 0.00031715 12.4996
0.558 0.000319393 12.4996
0.559 0.000324044 12.4996
0.56 0.000325858 12.4996
0.561 0.000331924 12.4996
0.562 0.000334639 12.4996
0.563 0.000337342 12.4996
0.564 0.000340979 12.4996
0.565 0.000344018 12.4996
0.566 0.000347496 12.4996
0.567 0.000351024 12.4996
0.568 0.000354344 12.4996
0.569 0.000357773 12.4996
0.57 0.000360989 12.4996
0.571 0.000364534 12.4996
0.572 0.000367753 12.4996
0.573 0.000371488 12.4996
0.574 0.000374652 12.4996
0.575 0.000378057 12.4996
0.576 0.000381061 12.4996
0.577 0.000384435 12.4996
0.578 0.000387359 12.4997
0.579 0.000390813 12.4997
0.58 0.000393586 12.4997
0.581 0.000397086 12.4997
0.582 0.000399698 12.4997
0.583 0.000403203 12.4997
0.584 0.000405668 12.4997
0.585 0.000409254 12.4997
0.586 0.000411522 12.4997
0.587 0.000415156 12.4997
0.588 0.000417194 12.4997
0.589 0.000420957 12.4997
0.59 0.000422722 12.4997
0.591 0.000426752 12.4997
0.592 0.000428099 12.4997
0.593 0.000432485 12.4997
0.594 0.000433325 12.4997
0.595 0.000438235 12.4997
0.596 0.000438456 12.4997
0.597 0.000444115 12.4997
0.598 0.000443586 12.4997
0.599 0.000445945 12.4998
0.6 0.000449072 12.4998
0.601 0.000451166 12.4998
0.602 0.000454206 12.4998
0.603 0.000455738 12.4998
0.604 0.000459019 12.4998
0.605 0.00046017 12.4998
0.606 0.000463737 12.4998
0.607 0.000464434 12.4998
0.608 0.000468416 12.4998
0.609 0.000468638 12.4998
0.61 0.000473226 12.4998
0.611 0.000474053 12.4998
0.612 0.000475134 12.4998
0.613 0.000477414 12.4998
0.614 0.000478656 12.4998
0.615 0.000481052 12.4998
0.616 0.000482129 12.4998
0.617 0.000484599 12.4998
0.618 0.000485465 12.4998
0.619 0.000488061 12.4998
0.62 0.000488656 12.4999
0.621 0.000491471 12.4999
0.622 0.000491759 12.4999
0.623 0.000494932 12.4999
0.624 0.000495059 12.4999
0.625 0.000498606 12.4999
0.626 0.000498325 12.4999
0.627 0.000503362 12.4999
0.628 0.000501315 12.4999
0.629 0.000500797 12.4999
0.63 0.000502432 12.4999
0.631 0.000502899 12.4999
0.632 0.000504288 12.4999
0.633 0.000504804 12.4999
0.634 0.000506112 12.4999
0.635 0.000506512 12.4999
0.636 0.000507798 12.4999
0.637 0.000508081 12.4999
0.638 0.000509415 12.4999
0.639 0.000509506 12.4999
0.64 0.000511007 12.5
0.641 0.000510923 12.5
0.642 0.00051278 12.5
0.643 0.000512862 12.5
0.644 0.000515094 12.5
0.645 0.000512734 12.5
0.646 0.00051224 12.5
0.647 0.000512688 12.5
0.648 0.000512609 12.5
0.649 0.000512718 12.5
0.65 0.000512604 12.5
0.651 0.000512442 12.5
0.652 0.000512173 12.5
0.653 0.00051186 12.5
0.654 0.000511474 12.5
0.655 0.000511043 12.5
0.656 0.000510556 12.5
0.657 0.000510005 12.5
0.658 0.000509414 12.5
0.659 0.000508757 12.5
0.66 0.00050806 12.4999
0.661 0.000507304 12.4999
0.662 0.000506504 12.4999
0.663 0.000505639 12.4999
0.664 0.00050474 12.4999
0.665 0.000503766 12.4999
0.666 0.00050277 12.4999
0.667 0.000501689 12.4999
0.668 0.000500587 12.4999
0.669 0.000499413 12.4999
0.67 0.00049821 12.4999
0.671 0.000496933 12.4999
0.672 0.000495634 12.4999
0.673 0.00049425 12.4999
0.674 0.000492853 12.4999
0.675 0.000491378 12.4999
0.676 0.000489886 12.4999
0.677 0.000488311 12.4999
0.678 0.000486713 12.4999
0.679 0.000485035 12.4999
0.68 0.000483368 12.4999
0.681 0.000481603 12.4998
0.682 0.000479843 12.4998
0.683 0.000477977 12.4998
0.684 0.000476128 12.4998
0.685 0.000474169 12.4998
0.686 0.000472257 12.4998
0.687 0.00047021 12.4998
0.688 0.000468186 12.4998
0.689 0.000466067 12.4998
0.69 0.000463958 12.4998
0.691 0.000461719 12.4998
0.692 0.000459529 12.4998
0.693 0.00045722 12.4998
0.694 0.000454947 12.4998
0.695 0.000452554 12.4998
0.696 0.0004502 12.4998
0.697 0.000447709 12.4998
0.698 0.000445279 12.4998
0.699 0.000442724 12.4998
0.7 0.000440224 12.4998
0.701 0.000437592 12.4997
0.702 0.000435015 12.4997
0.703 0.00043231 12.4997
0.704 0.000429662 12.4997
0.705 0.000426884 12.4997
0.706 0.000424168 12.4997
0.707 0.000421319 12.4997
0.708 0.000418536 12.4997
0.709 0.000415618 12.4997
0.71 0.000412772 12.4997
0.711 0.000409788 12.4997
0.712 0.000406879 12.4997
0.713 0.000403832 12.4997
0.714 0.000400864 12.4997
0.715 0.000397754 12.4997
0.716 0.000394729 12.4997
0.717 0.000391561 12.4997
0.718 0.000388483 12.4997
0.719 0.000385257 12.4997
0.72 0.000382128 12.4997
0.721 0.000378848 12.4997
0.722 0.00037567 12.4997
0.723 0.000372337 12.4997
0.724 0.000369114 12.4996
0.725 0.00036573 12.4996
0.726 0.000362466 12.4996
0.727 0.000359034 12.4996
0.728 0.000355731 12.4996
0.729 0.000352253 12.4996
0.73 0.000348914 12.4996
0.731 0.000345393 12.4996
0.732 0.000342022 12.4996
0.733 0.000338459 12.4996
0.734 0.000335059 12.4996
0.735 0.000331457 12.4996
0.736 0.000328032 12.4996
0.737 0.000324391 12.4996
0.738 0.000320946 12.4996
0.739 0.000317268 12.4996
0.74 0.000313806 12.4996
0.741 0.000310093 12.4996
0.742 0.000306617 12.4996
0.743 0.000302876 12.4996
0.744 0.000299386 12.4996
0.745 0.000295621 12.4996
0.746 0.000292118 12.4996
0.747 0.000288332 12.4996
0.748 0.00028482 12.4995
0.749 0.000281018 12.4995
0.75 0.000277498 12.4995
0.751 0.00027368 12.4995
0.752 0.000270158 12.4995
0.753 0.00026633 12.4995
0.754 0.000262806 12.4995
0.755 0.000258969 12.4995
0.756 0.000255449 12.4995
0.757 0.000251606 12.4995
0.758 0.000248092 12.4995
0.759 0.000244245 12.4995
0.76 0.00024074 12.4995
0.761 0.000236892 12.4995
0.762 0.000233389 12.4995
0.763 0.00022956 12.4995
0.764 0.000226082 12.4995
0.765 0.00022224 12.4995
0.766 0.000218786 12.4995
0.767 0.000214949 12.4995
0.768 0.00021152 12.4995
0.769 0.000207691 12.4995
0.77 0.00020429 12.4995
0.771 0.000200473 12.4995
0.772 0.000197102 12.4995
0.773 0.0001933 12.4995
0.774 0.000189956 12.4995
0.775 0.000186174 12.4995
0.776 0.000182858 12.4995
0.777 0.000179098 12.4995
0.778 0.000175819 12.4994
0.779 0.000172118 12.4994
0.78 0.000168933 12.4994
0.781 0.00016523 12.4995
0.782 0.000161892 12.4995
0.783 0.000158526 12.4995
0.784 0.000154946 12.4994
0.785 0.000151737 12.4995
0.786 0.000148173 12.4994
0.787 0.000144728 12.4994
0.788 0.000141433 12.4994
0.789 0.000138101 12.4994
0.79 0.000134843 12.4994
0.791 0.000131654 12.4994
0.792 0.000128438 12.4994
0.793 0.000125204 12.4994
0.794 0.000122059 12.4994
0.795 0.0001189 12.4994
0.796 0.000115784 12.4994
0.797 0.000112703 12.4994
0.798 0.000109646 12.4994
0.799 0.000106631 12.4994
0.8 0.000103641 12.4994
0.801 0.000100689 12.4994
0.802 9.77625e-05 12.4994
0.803 9.48751e-05 12.4994
0.804 9.20166e-05 12.4994
0.805 8.91441e-05 12.4994
0.806 8.63006e-05 12.4994
0.807 8.3564e-05 12.4994
0.808 8.0822e-05 12.4993
0.809 7.81463e-05 12.4993
0.81 7.55046e-05 12.4993
0.811 7.2903e-05 12.4993
0.812 7.03384e-05 12.4993
0.813 6.78145e-05 12.4993
0.814 6.53285e-05 12.4993
0.815 6.28834e-05 12.4993
0.816 6.04778e-05 12.4993
0.817 5.81208e-05 12.4993
0.818 5.57891e-05 12.4993
0.819 5.35059e-05 12.4993
0.82 5.12617e-05 12.4993
0.821 4.90654e-05 12.4993
0.822 4.69096e-05 12.4993
0.823 4.47984e-05 12.4993
0.824 4.27324e-05 12.4993
0.825 4.07111e-05 12.4993
0.826 3.87333e-05 12.4993
0.827 3.68009e-05 12.4993
0.828 3.49016e-05 12.4993
0.829 3.30693e-05 12.4993
0.83 3.12714e-05 12.4993
0.831 2.95389e-05 12.4993
0.832 2.78288e-05 12.4993
0.833 2.61842e-05 12.4993
0.834 2.45718e-05 12.4993
0.835 2.30032e-05 12.4993
0.836 2.14938e-05 12.4992
0.837 2.00371e-05 12.4992
0.838 1.86269e-05 12.4992
0.839 1.72657e-05 12.4992
0.84 1.59434e-05 12.4992
0.841 1.46859e-05 12.4992
0.842 1.34787e-05 12.4992
0.843 1.23185e-05 12.4992
0.844 1.12077e-05 12.4992
0.845 1.01518e-05 12.4992
0.846 9.1436e-06 12.4992
0.847 8.19235e-06 12.4992
0.848 7.29822e-06 12.4992
0.849 6.44177e-06 12.4992
0.85 5.63247e-06 12.4992
0.851 4.88989e-06 12.4992
0.852 4.12295e-06 12.4992
0.853 3.51681e-06 12.4992
0.854 2.96574e-06 12.4992
0.855 2.45456e-06 12.4992
0.856 1.98082e-06 12.4992
0.857 1.61239e-06 12.4992
0.858 1.21521e-06 12.4992
0.859 8.87268e-07 12.4992
0.86 6.28789e-07 12.4992
0.861 4.08621e-07 12.4992
0.862 2.54875e-07 12.4992
0.863 1.47059e-07 12.4992
0.864 9.44254e-08 12.4992
0.865 9.59408e-08 12.4992
0.866 1.48591e-07 12.4992
0.867 2.56428e-07 12.4992
0.868 4.18751e-07 12.4992
0.869 6.2864e-07 12.4992
0.87 9.02609e-07 12.4992
0.871 1.22366e-06 12.4992
0.872 1.59561e-06 12.4992
0.873 2.02932e-06 12.4992
0.874 2.51853e-06 12.4992
0.875 3.03985e-06 12.4992
0.876 3.63439e-06 12.4992
0.877 4.26872e-06 12.4992
0.878 4.9655e-06 12.4992
0.879 5.6963e-06 12.4992
0.88 6.49727e-06 12.4992
0.881 7.34511e-06 12.4992
0.882 8.22499e-06 12.4992
0.883 9.16086e-06 12.4992
0.884 1.02011e-05 12.4992
0.885 1.12256e-05 12.4992
0.886 1.23301e-05 12.4991
0.887 1.34874e-05 12.4991
0.888 1.46213e-05 12.4992
0.889 1.59179e-05 12.4992
0.89 1.72877e-05 12.4992
0.891 1.85428e-05 12.4992
0.892 2.00081e-05 12.4991
0.893 2.1375e-05 12.4991
0.894 2.29144e-05 12.4991
0.895 2.44151e-05 12.4991
0.896 2.60694e-05 12.4991
0.897 2.76586e-05 12.4992
0.898 2.93306e-05 12.4992
0.899 3.10901e-05 12.4992
0.9 3.29049e-05 12.4992
0.901 3.4788e-05 12.4992
0.902 3.65521e-05 12.4992
0.903 3.85039e-05 12.4992
0.904 4.04258e-05 12.4992
0.905 4.23744e-05 12.4992
0.906 4.4442e-05 12.4993
0.907 4.65863e-05 12.4993
0.908 4.87012e-05 12.4993
0.909 5.09416e-05 12.4993
0.91 5.31694e-05 12.4993
0.911 5.53119e-05 12.4993
0.912 5.77381e-05 12.4993
0.913 5.99633e-05 12.4993
0.914 6.24493e-05 12.4993
0.915 6.48333e-05 12.4993
0.916 6.72897e-05 12.4993
0.917 6.98117e-05 12.4993
0.918 7.23122e-05 12.4993
0.919 7.50168e-05 12.4993
0.92 7.73937e-05 12.4993
0.921 8.02052e-05 12.4993
0.922 8.26924e-05 12.4993
0.923 8.55831e-05 12.4993
0.924 8.81044e-05 12.4993
0.925 9.12261e-05 12.4993
0.926 9.37614e-05 12.4993
0.927 9.67658e-05 12.4994
0.928 9.9665e-05 12.4993
0.929 0.000102524 12.4993
0.93 0.000105426 12.4993
0.931 0.00010841 12.4993
0.932 0.000111463 12.4993
0.933 0.000114385 12.4993
0.934 0.000117495 12.4993
0.935 0.000120521 12.4993
0.936 0.000123678 12.4993
0.937 0.000126817 12.4993
0.938 0.00012994 12.4994
0.939 0.000133148 12.4994
0.94 0.000136366 12.4994
0.941 0.000139591 12.4994
0.942 0.000142921 12.4994
0.943 0.000145975 12.4994
0.944 0.000149463 12.4994
0.945 0.000152645 12.4994
0.946 0.000156186 12.4994
0.947 0.000159478 12.4994
0.948 0.000162899 12.4994
0.949 0.000166238 12.4994
0.95 0.000169682 12.4994
0.951 0.000173011 12.4994
0.952 0.00017657 12.4994
0.953 0.000179959 12.4994
0.954 0.000183437 12.4994
0.955 0.000186971 12.4994
0.956 0.000190547 12.4995
0.957 0.000194135 12.4995
0.958 0.000197609 12.4995
0.959 0.000201149 12.4994
0.96 0.000204624 12.4995
0.961 0.00020819 12.4995
0.962 0.000211771 12.4995
0.963 0.000215224 12.4995
0.964 0.000218875 12.4995
0.965 0.000222416 12.4995
0.966 0.000226023 12.4995
0.967 0.000229549 12.4995
0.968 0.000233201 12.4995
0.969 0.00023679 12.4995
0.97 0.000240361 12.4995
0.971 0.000243992 12.4995
0.972 0.000247535 12.4995
0.973 0.000251187 12.4995
0.974 0.000254713 12.4995
0.975 0.000258385 12.4995
0.976 0.000261964 12.4995
0.977 0.000265547 12.4995
0.978 0.000269128 12.4995
0.979 0.000272713 12.4995
0.98 0.0002762 12.4995
0.981 0.000279884 12.4995
0.982 0.000283519 12.4995
0.983 0.000287143 12.4996
0.984 0.00029054 12.4995
0.985 0.000294191 12.4996
0.986 0.000297505 12.4995
0.987 0.000301104 12.4995
0.988 0.000304477 12.4995
0.989 0.000308082 12.4995
0.99 0.000311447 12.4996
0.991 0.000315016 12.4996
0.992 0.000318361 12.4996
0.993 0.000321921 12.4996
0.994 0.000325217 12.4996
0.995 0.000328754 12.4996
0.996 0.000332025 12.4996
0.997 0.000335486 12.4996
0.998 0.000338754 12.4996
0.999 0.00034217 12.4996
1 0.000345351 12.4996
1.001 0.00034873 12.4996
1.002 0.000351916 12.4996
1.003 0.000355264 12.4996
1.004 0.000358392 12.4996
1.005 0.000361694 12.4996
1.006 0.00036479 12.4996
1.007 0.00036804 12.4996
1.008 0.000371085 12.4996
1.009 0.000374327 12.4996
1.01 0.000377292 12.4996
1.011 0.000380483 12.4996
1.012 0.00038341 12.4997
1.013 0.0003865 12.4997
1.014 0.000389339 12.4997
1.015 0.000392395 12.4997
1.016 0.000395338 12.4997
1.017 0.000398331 12.4997
1.018 0.000401214 12.4997
1.019 0.000404428 12.4997
1.02 0.000407096 12.4997
1.021 0.000409972 12.4997
1.022 0.000412598 12.4997
1.023 0.000415439 12.4997
1.024 0.00041798 12.4997
1.025 0.000420742 12.4997
1.026 0.000423188 12.4997
1.027 0.00042585 12.4997
1.028 0.000428275 12.4997
1.029 0.000430865 12.4997
1.03 0.000433212 12.4997
1.031 0.000435727 12.4997
1.032 0.000438012 12.4997
1.033 0.000440418 12.4997
1.034 0.000442647 12.4998
1.035 0.000445 12.4998
1.036 0.00044712 12.4998
1.037 0.000449396 12.4998
1.038 0.00045144 12.4998
1.039 0.000453655 12.4998
1.04 0.000455579 12.4998
1.041 0.000457716 12.4998
1.042 0.000459567 12.4998
1.043 0.000461617 12.4998
1.044 0.000463373 12.4998
1.045 0.000465348 12.4998
1.046 0.000467018 12.4998
1.047 0.000468895 12.4998
1.048 0.000470472 12.4998
1.049 0.000472268 12.4998
1.05 0.000473745 12.4998
1.051 0.000475457 12.4998
1.052 0.000476837 12.4998
1.053 0.000478453 12.4999
1.054 0.000479748 12.4999
1.055 0.000481276 12.4999
1.056 0.000482464 12.4999
1.057 0.000483899 12.4999
1.058 0.000485003 12.4999
1.059 0.000486328 12.4999
1.06 0.000487342 12.4999
1.061 0.00048858 12.4999
1.062 0.000489485 12.4999
1.063 0.00049063 12.4999
1.064 0.000491454 12.4999
1.065 0.00049249 12.4999
1.066 0.000493204 12.4999
1.067 0.000494142 12.4999
1.068 0.000494754 12.4999
1.069 0.000495592 12.4999
1.07 0.000496102 12.4999
1.071 0.000496829 12.4999
1.072 0.000497254 12.4999
1.073 0.000497863 12.5
1.074 0.000498212 12.5
1.075 0.000498699 12.5
1.076 0.000498956 12.5
1.077 0.000499308 12.5
1.078 0.000499499 12.5
1.079 0.000499668 12.5
1.08 0.000499782 12.5
1.081 0.000499789 12.5
1.082 0.000499767 12.5
1.083 0.000499548 12.5
1.084 0.00049929 12.5
1.085 0.000498982 12.5
1.086 0.000498604 12.5
1.087 0.000498184 12.5
1.088 0.000497718 12.5
1.089 0.00049718 12.5
1.09 0.000496633 12.5
1.091 0.000495966 12.4999
1.092 0.000495349 12.4999
1.093 0.000494535 12.4999
1.094 0.000493881 12.4999
1.095 0.000492883 12.4999
1.096 0.000492209 12.4999
1.097 0.000491049 12.4999
1.098 0.00049034 12.4999
1.099 0.000489007 12.4999
1.1 0.000488272 12.4999
1.101 0.000486793 12.4999
1.102 0.000486067 12.4999
1.103 0.000484342 12.4999
1.104 0.000483693 12.4999
1.105 0.000481699 12.4999
1.106 0.000481121 12.4999
1.107 0.000478877 12.4999
1.108 0.00047836 12.4999
1.109 0.000475872 12.4999
1.11 0.000475423 12.4999
1.111 0.000472685 12.4998
1.112 0.000472299 12.4998
1.113 0.000469357 12.4998
1.114 0.00046912 12.4998
1.115 0.000465757 12.4998
1.116 0.000465642 12.4998
1.117 0.000462044 12.4998
1.118 0.000462125 12.4998
1.119 0.00045815 12.4998
1.12 0.0004585 12.4998
1.121 0.000454122 12.4998
1.122 0.000454697 12.4998
1.123 0.000450563 12.4998
1.124 0.000448024 12.4998
1.125 0.000445676 12.4998
1.126 0.000443379 12.4998
1.127 0.000441116 12.4998
1.128 0.0004387 12.4998
1.129 0.000436398 12.4998
1.13 0.000433903 12.4998
1.131 0.00043153 12.4998
1.132 0.000428926 12.4998
1.133 0.000426483 12.4997
1.134 0.00042383 12.4997
1.135 0.000421315 12.4997
1.136 0.000418576 12.4997
1.137 0.000415996 12.4997
1.138 0.000413196 12.4997
1.139 0.000410553 12.4997
1.14 0.000407684 12.4997
1.141 0.00040499 12.4997
1.142 0.000402044 12.4997
1.143 0.000399299 12.4997
1.144 0.000396281 12.4997
1.145 0.000393486 12.4997
1.146 0.000390396 12.4997
1.147 0.000387557 12.4997
1.148 0.000384396 12.4997
1.149 0.000381517 12.4997
1.15 0.000378283 12.4997
1.151 0.000375367 12.4997
1.152 0.000372067 12.4997
1.153 0.000369117 12.4997
1.154 0.000365753 12.4996
1.155 0.00036282 12.4996
1.156 0.000359525 12.4996
1.157 0.000356316 12.4996
1.158 0.000352987 12.4996
1.159 0.000349762 12.4996
1.16 0.000346387 12.4996
1.161 0.000343114 12.4996
1.162 0.000339754 12.4996
1.163 0.000336465 12.4996
1.164 0.000332985 12.4996
1.165 0.000329648 12.4996
1.166 0.0003262 12.4996
1.167 0.000322815 12.4996
1.168 0.000319361 12.4996
1.169 0.000315975 12.4996
1.17 0.000312436 12.4996
1.171 0.000309005 12.4996
1.172 0.000305483 12.4996
1.173 0.000302011 12.4996
1.174 0.000298465 12.4996
1.175 0.000294974 12.4996
1.176 0.000291409 12.4996
1.177 0.000287901 12.4996
1.178 0.000284319 12.4996
1.179 0.000280797 12.4996
1.18 0.000277199 12.4995
1.181 0.000273667 12.4995
1.182 0.000270056 12.4995
1.183 0.000266517 12.4995
1.184 0.000262896 12.4995
1.185 0.000259354 12.4995
1.186 0.000255725 12.4995
1.187 0.000252181 12.4995
1.188 0.000248548 12.4995
1.189 0.000245005 12.4995
1.19 0.000241371 12.4995
1.191 0.000237832 12.4995
1.192 0.000234199 12.4995
1.193 0.000230668 12.4995
1.194 0.000227039 12.4995
1.195 0.000223519 12.4995
1.196 0.000219897 12.4995
1.197 0.000216383 12.4995
1.198 0.000212772 12.4995
1.199 0.000209269 12.4995
1.2 0.000205677 12.4995
1.201 0.000202196 12.4995
1.202 0.000198626 12.4995
1.203 0.000195164 12.4995
1.204 0.000191613 12.4995
1.205 0.000188173 12.4995
1.206 0.000184653 12.4995
1.207 0.000181238 12.4995
1.208 0.000177747 12.4995
1.209 0.000174359 12.4995
1.21 0.000170899 12.4994
1.211 0.000167538 12.4994
1.212 0.00016392 12.4994
1.213 0.000160592 12.4994
1.214 0.000157204 12.4994
1.215 0.00015391 12.4994
1.216 0.000150569 12.4994
1.217 0.000147312 12.4994
1.218 0.000143997 12.4994
1.219 0.000140797 12.4994
1.22 0.000137503 12.4994
1.221 0.000134314 12.4994
1.222 0.000131172 12.4994
1.223 0.00012805 12.4994
1.224 0.000124855 12.4994
1.225 0.000121908 12.4994
1.226 0.000118705 12.4994
1.227 0.000115699 12.4994
1.228 0.000112586 12.4994
1.229 0.000109539 12.4994
1.23 0.000106614 12.4994
1.231 0.0001036 12.4994
1.232 0.000100737 12.4994
1.233 9.78175e-05 12.4994
1.234 9.50463e-05 12.4994
1.235 9.22058e-05 12.4994
1.236 8.94421e-05 12.4994
1.237 8.67959e-05 12.4994
1.238 8.40001e-05 12.4994
1.239 8.13551e-05 12.4994
1.24 7.86808e-05 12.4994
1.241 7.61223e-05 12.4994
1.242 7.35074e-05 12.4994
1.243 7.09579e-05 12.4994
1.244 6.8524e-05 12.4994
1.245 6.60198e-05 12.4993
1.246 6.36399e-05 12.4993
1.247 6.123e-05 12.4993
1.248 5.8922e-05 12.4993
1.249 5.65786e-05 12.4993
1.25 5.43428e-05 12.4993
1.251 5.20837e-05 12.4993
1.252 4.99077e-05 12.4993
1.253 4.77485e-05 12.4993
1.254 4.56729e-05 12.4993
1.255 4.36053e-05 12.4992
1.256 4.16121e-05 12.4992
1.257 3.96254e-05 12.4992
1.258 3.77277e-05 12.4992
1.259 3.58902e-05 12.4992
1.26 3.39924e-05 12.4992
1.261 3.22057e-05 12.4992
1.262 3.04636e-05 12.4992
1.263 2.87327e-05 12.4992
1.264 2.70946e-05 12.4992
1.265 2.54845e-05 12.4992
1.266 2.39145e-05 12.4992
1.267 2.24274e-05 12.4992
1.268 2.09299e-05 12.4992
1.269 1.95287e-05 12.4992
1.27 1.81535e-05 12.4992
1.271 1.68264e-05 12.4992
1.272 1.55543e-05 12.4992
1.273 1.43448e-05 12.4992
1.274 1.31758e-05 12.4992
1.275 1.20475e-05 12.4992
1.276 1.10017e-05 12.4992
1.277 9.94587e-06 12.4992
1.278 9.01787e-06 12.4992
1.279 7.94521e-06 12.4992
1.28 7.09865e-06 12.4992
1.281 6.27695e-06 12.4992
1.282 5.4999e-06 12.4992
1.283 4.8376e-06 12.4992
1.284 4.25729e-06 12.4992
1.285 3.6499e-06 12.4992
1.286 3.08209e-06 12.4992
1.287 2.56472e-06 12.4992
1.288 2.13949e-06 12.4992
1.289 1.68191e-06 12.4992
1.29 1.35055e-06 12.4992
1.291 1.03069e-06 12.4992
1.292 7.94967e-07 12.4992
1.293 5.88889e-07 12.4992
1.294 4.63927e-07 12.4992
1.295 3.7555e-07 12.4992
1.296 3.53658e-07 12.4991
1.297 4.55207e-07 12.4991
1.298 6.01596e-07 12.4991
1.299 1.05146e-06 12.4991
1.3 1.77725e-06 12.4991
1.301 1.43072e-06 12.4992
1.302 1.36934e-06 12.4992
1.303 2.74237e-06 12.4992
1.304 2.00188e-06 12.4992
1.305 2.28589e-06 12.4992
1.306 2.73107e-06 12.4992
1.307 3.28841e-06 12.4992
1.308 4.06087e-06 12.4992
1.309 4.55993e-06 12.4992
1.31 5.77484e-06 12.4992
1.311 6.03719e-06 12.4992
1.312 6.6304e-06 12.4992
1.313 7.28544e-06 12.4992
1.314 8.20608e-06 12.4992
1.315 9.06932e-06 12.4992
1.316 1.0036e-05 12.4992
1.317 1.13331e-05 12.4992
1.318 1.19034e-05 12.4992
1.319 1.32315e-05 12.4992
1.32 1.42949e-05 12.4992
1.321 1.59903e-05 12.4992
1.322 1.70888e-05 12.4992
1.323 1.93748e-05 12.4992
1.324 1.93633e-05 12.4992
1.325 2.2761e-05 12.4992
1.326 2.23276e-05 12.4992
1.327 2.37472e-05 12.4992
1.328 2.52134e-05 12.4993
1.329 2.69313e-05 12.4993
1.33 2.85598e-05 12.4993
1.331 3.0047e-05 12.4993
1.332 3.24432e-05 12.4993
1.333 3.3349e-05 12.4993
1.334 3.62988e-05 12.4993
1.335 3.81571e-05 12.4993
1.336 3.92037e-05 12.4993
1.337 4.19774e-05 12.4993
1.338 4.29974e-05 12.4993
1.339 4.49681e-05 12.4993
1.34 4.73418e-05 12.4993
1.341 4.96445e-05 12.4993
1.342 5.14566e-05 12.4993
1.343 5.38686e-05 12.4993
1.344 5.59067e-05 12.4993
1.345 5.85076e-05 12.4993
1.346 6.03302e-05 12.4993
1.347 6.35702e-05 12.4993
1.348 6.48407e-05 12.4993
1.349 6.90382e-05 12.4993
1.35 7.09913e-05 12.4993
1.351 7.24425e-05 12.4993
1.352 7.5856e-05 12.4993
1.353 7.72063e-05 12.4993
1.354 8.13699e-05 12.4993
1.355 8.24563e-05 12.4993
1.356 8.50679e-05 12.4993
1.357 8.83706e-05 12.4993
1.358 9.06973e-05 12.4994
1.359 9.44426e-05 12.4994
1.36 9.59196e-05 12.4994
1.361 9.8631e-05 12.4994
1.362 0.000102893 12.4994
1.363 0.000103745 12.4994
1.364 0.000110632 12.4994
1.365 0.000112158 12.4994
1.366 0.000114137 12.4994
1.367 0.000117516 12.4994
1.368 0.000119491 12.4994
1.369 0.000124191 12.4994
1.37 0.000125318 12.4994
1.371 0.000128304 12.4994
1.372 0.000132689 12.4994
1.373 0.000134623 12.4994
1.374 0.000137855 12.4994
1.375 0.000141861 12.4994
1.376 0.000144317 12.4994
1.377 0.00014888 12.4995
1.378 0.000152166 12.4995
1.379 0.000154743 12.4995
1.38 0.000158253 12.4995
1.381 0.000160915 12.4995
1.382 0.000164908 12.4995
1.383 0.000167355 12.4995
1.384 0.000171889 12.4995
1.385 0.000173877 12.4995
1.386 0.000177165 12.4995
1.387 0.000181481 12.4995
1.388 0.000184019 12.4995
1.389 0.000189101 12.4995
1.39 0.000192028 12.4995
1.391 0.000194937 12.4995
1.392 0.000198505 12.4995
1.393 0.000201713 12.4995
1.394 0.00020518 12.4995
1.395 0.000208793 12.4995
1.396 0.000211999 12.4995
1.397 0.000215606 12.4995
1.398 0.000218799 12.4995
1.399 0.000222522 12.4995
1.4 0.000225523 12.4995
1.401 0.000229514 12.4995
1.402 0.000232884 12.4995
1.403 0.00023634 12.4995
1.404 0.00023969 12.4995
1.405 0.000243278 12.4995
1.406 0.000246647 12.4995
1.407 0.000250299 12.4995
1.408 0.00025361 12.4995
1.409 0.000257132 12.4995
1.41 0.000260516 12.4995
1.411 0.00026406 12.4996
1.412 0.000267387 12.4995
1.413 0.000270945 12.4996
1.414 0.000274226 12.4996
1.415 0.000277811 12.4996
1.416 0.000281033 12.4996
1.417 0.000284649 12.4996
1.418 0.000287824 12.4996
1.419 0.000291467 12.4996
1.42 0.000294645 12.4996
1.421 0.000298265 12.4996
1.422 0.000301371 12.4996
1.423 0.000305207 12.4996
1.424 0.00030787 12.4996
1.425 0.000311897 12.4996
1.426 0.000314349 12.4996
1.427 0.000318658 12.4996
1.428 0.00032075 12.4996
1.429 0.000325391 12.4996
1.43 0.000327127 12.4996
1.431 0.000332194 12.4996
1.432 0.000333409 12.4996
1.433 0.000339032 12.4996
1.434 0.00033984 12.4996
1.435 0.000346776 12.4996
1.436 0.000346415 12.4997
1.437 0.000349474 12.4997
1.438 0.000353305 12.4997
1.439 0.000356172 12.4997
1.44 0.000359728 12.4997
1.441 0.000362166 12.4997
1.442 0.000365848 12.4997
1.443 0.000368034 12.4997
1.444 0.000371819 12.4997
1.445 0.000373753 12.4997
1.446 0.000377733 12.4997
1.447 0.000379367 12.4997
1.448 0.000383702 12.4997
1.449 0.000384957 12.4997
1.45 0.000387895 12.4997
1.451 0.000390981 12.4997
1.452 0.00039354 12.4997
1.453 0.000396498 12.4997
1.454 0.000398772 12.4997
1.455 0.00040179 12.4997
1.456 0.000403995 12.4997
1.457 0.000407002 12.4997
1.458 0.00040898 12.4997
1.459 0.000412086 12.4997
1.46 0.000413845 12.4997
1.461 0.000417059 12.4998
1.462 0.000418561 12.4998
1.463 0.000421938 12.4998
1.464 0.000423067 12.4998
1.465 0.000426704 12.4998
1.466 0.000427512 12.4998
1.467 0.000431416 12.4998
1.468 0.000431834 12.4998
1.469 0.000436242 12.4998
1.47 0.000436149 12.4998
1.471 0.000437965 12.4998
1.472 0.000440353 12.4998
1.473 0.000442168 12.4998
1.474 0.000444453 12.4998
1.475 0.000445908 12.4998
1.476 0.000448266 12.4998
1.477 0.000449426 12.4998
1.478 0.000451897 12.4998
1.479 0.00045281 12.4998
1.48 0.000455389 12.4998
1.481 0.000456147 12.4998
1.482 0.00045881 12.4998
1.483 0.000459266 12.4999
1.484 0.000462255 12.4999
1.485 0.000462467 12.4999
1.486 0.000465819 12.4999
1.487 0.000465861 12.4999
1.488 0.000469976 12.4999
1.489 0.00046884 12.4999
1.49 0.000468797 12.4999
1.491 0.000470411 12.4999
1.492 0.000471022 12.4999
1.493 0.000472434 12.4999
1.494 0.000473117 12.4999
1.495 0.00047437 12.4999
1.496 0.000475005 12.4999
1.497 0.000476185 12.4999
1.498 0.000476726 12.4999
1.499 0.000477815 12.4999
1.5 0.000478217 12.4999
1.501 0.000479355 12.4999
1.502 0.000479649 12.4999
1.503 0.000480795 12.5
1.504 0.000481043 12.5
1.505 0.000482301 12.5
1.506 0.000482676 12.5
1.507 0.000482067 12.5
1.508 0.000482256 12.5
1.509 0.000482595 12.5
1.51 0.00048277 12.5
1.511 0.000482976 12.5
1.512 0.000483085 12.5
1.513 0.000483027 12.5
1.514 0.000483073 12.5
1.515 0.000482917 12.5
1.516 0.000482783 12.5
1.517 0.000482538 12.5
1.518 0.00048232 12.5
1.519 0.000482123 12.5
1.52 0.000481927 12.5
1.521 0.000481813 12.5
1.522 0.000480361 12.5
1.523 0.000478967 12.5
1.524 0.000478952 12.5
1.525 0.000477751 12.4999
1.526 0.000477346 12.4999
1.527 0.000476236 12.4999
1.528 0.000475731 12.4999
1.529 0.000474528 12.4999
1.53 0.000474067 12.4999
1.531 0.000472541 12.4999
1.532 0.000472365 12.4999
1.533 0.000470469 12.4999
1.534 0.000470714 12.4999
1.535 0.000468334 12.4999
1.536 0.000469334 12.4999
1.537 0.000466528 12.4999
1.538 0.000464193 12.4999
1.539 0.000463296 12.4999
1.54 0.00046132 12.4999
1.541 0.000460359 12.4999
1.542 0.000458296 12.4999
1.543 0.000457399 12.4999
1.544 0.000455077 12.4999
1.545 0.000454383 12.4999
1.546 0.0004517 12.4999
1.547 0.0004514 12.4999
1.548 0.000448126 12.4998
1.549 0.000448453 12.4998
1.55 0.000445641 12.4998
1.551 0.000442967 12.4998
1.552 0.000441348 12.4998
1.553 0.000438899 12.4998
1.554 0.000437343 12.4998
1.555 0.00043473 12.4998
1.556 0.000433324 12.4998
1.557 0.000430392 12.4998
1.558 0.000429247 12.4998
1.559 0.00042586 12.4998
1.56 0.00042506 12.4998
1.561 0.000421192 12.4998
1.562 0.000420969 12.4998
1.563 0.000416611 12.4998
1.564 0.000417088 12.4998
1.565 0.000413446 12.4998
1.566 0.000409853 12.4998
1.567 0.000407856 12.4998
1.568 0.000404556 12.4998
1.569 0.000402818 12.4998
1.57 0.00039922 12.4998
1.571 0.000397815 12.4997
1.572 0.000393701 12.4997
1.573 0.000392876 12.4997
1.574 0.000388087 12.4997
1.575 0.000388063 12.4997
1.576 0.000382442 12.4997
1.577 0.000379637 12.4997
1.578 0.000377707 12.4997
1.579 0.000374941 12.4997
1.58 0.000371703 12.4997
1.581 0.00036905 12.4997
1.582 0.000365696 12.4997
1.583 0.00036318 12.4997
1.584 0.00035955 12.4997
1.585 0.000357084 12.4997
1.586 0.00035329 12.4997
1.587 0.000351052 12.4997
1.588 0.000346985 12.4997
1.589 0.000344979 12.4997
1.59 0.000340591 12.4996
1.591 0.000338915 12.4996
1.592 0.000334151 12.4996
1.593 0.00033299 12.4996
1.594 0.000327487 12.4996
1.595 0.000327029 12.4996
1.596 0.000320861 12.4996
1.597 0.000321472 12.4996
1.598 0.000316551 12.4996
1.599 0.000312226 12.4996
1.6 0.000309303 12.4996
1.601 0.000305087 12.4996
1.602 0.000302506 12.4996
1.603 0.000298268 12.4996
1.604 0.000295857 12.4996
1.605 0.000291442 12.4996
1.606 0.000288083 12.4996
1.607 0.000285278 12.4996
1.608 0.000281379 12.4996
1.609 0.000278927 12.4996
1.61 0.000274327 12.4996
1.611 0.000272357 12.4996
1.612 0.000267103 12.4996
1.613 0.000266409 12.4996
1.614 0.000262377 12.4996
1.615 0.000257554 12.4996
1.616 0.000255122 12.4996
1.617 0.000250202 12.4996
1.618 0.000248562 12.4996
1.619 0.000242881 12.4996
1.62 0.000242946 12.4995
1.621 0.000238579 12.4995
1.622 0.000233221 12.4995
1.623 0.000231439 12.4995
1.624 0.000225708 12.4996
1.625 0.000222276 12.4995
1.626 0.000219879 12.4996
1.627 0.000215754 12.4995
1.628 0.000213449 12.4995
1.629 0.00020864 12.4995
1.63 0.000207041 12.4995
1.631 0.000202997 12.4995
1.632 0.000198961 12.4995
1.633 0.000195317 12.4995
1.634 0.000192196 12.4995
1.635 0.000188793 12.4995
1.636 0.000185322 12.4995
1.637 0.000181995 12.4995
1.638 0.00017861 12.4995
1.639 0.000175282 12.4995
1.64 0.000171916 12.4995
1.641 0.000168618 12.4995
1.642 0.000165335 12.4995
1.643 0.000162107 12.4995
1.644 0.000158734 12.4995
1.645 0.000155583 12.4995
1.646 0.000152017 12.4995
1.647 0.000149142 12.4995
1.648 0.000145498 12.4995
1.649 0.000142592 12.4995
1.65 0.000139068 12.4994
1.651 0.000136267 12.4994
1.652 0.000132788 12.4994
1.653 0.000130062 12.4994
1.654 0.000126604 12.4994
1.655 0.000123905 12.4994
1.656 0.000120536 12.4994
1.657 0.000117662 12.4994
1.658 0.000114752 12.4994
1.659 0.00011179 12.4994
1.66 0.000108931 12.4994
1.661 0.000105945 12.4994
1.662 0.000103131 12.4994
1.663 0.000100245 12.4994
1.664 9.74282e-05 12.4994
1.665 9.46078e-05 12.4994
1.666 9.19093e-05 12.4994
1.667 8.90753e-05 12.4994
1.668 8.64545e-05 12.4994
1.669 8.37644e-05 12.4994
1.67 8.11921e-05 12.4994
1.671 7.85351e-05 12.4994
1.672 7.6046e-05 12.4994
1.673 7.34607e-05 12.4993
1.674 7.10392e-05 12.4993
1.675 6.85359e-05 12.4993
1.676 6.6182e-05 12.4993
1.677 6.37723e-05 12.4993
1.678 6.14418e-05 12.4994
1.679 5.91799e-05 12.4994
1.68 5.69351e-05 12.4993
1.681 5.47084e-05 12.4993
1.682 5.24782e-05 12.4993
1.683 5.03596e-05 12.4993
1.684 4.82239e-05 12.4993
1.685 4.61801e-05 12.4993
1.686 4.41147e-05 12.4993
1.687 4.21433e-05 12.4993
1.688 4.01895e-05 12.4993
1.689 3.83186e-05 12.4993
1.69 3.64277e-05 12.4993
1.691 3.46063e-05 12.4993
1.692 3.28793e-05 12.4993
1.693 3.11156e-05 12.4993
1.694 2.94369e-05 12.4993
1.695 2.77662e-05 12.4993
1.696 2.61885e-05 12.4993
1.697 2.46292e-05 12.4993
1.698 2.31009e-05 12.4993
1.699 2.16803e-05 12.4993
1.7 2.02212e-05 12.4993
1.701 1.88763e-05 12.4993
1.702 1.75485e-05 12.4993
1.703 1.62413e-05 12.4993
1.704 1.50422e-05 12.4993
1.705 1.38372e-05 12.4992
1.706 1.27068e-05 12.4992
1.707 1.1612e-05 12.4992
1.708 1.05849e-05 12.4992
1.709 9.57924e-06 12.4992
1.71 8.67429e-06 12.4992
1.711 7.73665e-06 12.4993
1.712 6.88905e-06 12.4993
1.713 6.07024e-06 12.4992
1.714 5.32898e-06 12.4992
1.715 4.62755e-06 12.4992
1.716 3.90695e-06 12.4992
1.717 3.33861e-06 12.4992
1.718 2.81056e-06 12.4992
1.719 2.33076e-06 12.4992
1.72 1.88325e-06 12.4992
1.721 1.49683e-06 12.4992
1.722 1.14868e-06 12.4992
1.723 8.5286e-07 12.4992
1.724 6.04417e-07 12.4992
1.725 4.075e-07 12.4992
1.726 2.5837e-07 12.4992
1.727 1.50245e-07 12.4992
1.728 9.59436e-08 12.4992
1.729 9.26717e-08 12.4992
1.73 1.42069e-07 12.4992
1.731 2.40411e-07 12.4992
1.732 3.87666e-07 12.4992
1.733 5.87328e-07 12.4992
1.734 8.36058e-07 12.4992
1.735 1.13669e-06 12.4992
1.736 1.48565e-06 12.4992
1.737 1.88332e-06 12.4992
1.738 2.33729e-06 12.4992
1.739 2.84235e-06 12.4992
1.74 3.38068e-06 12.4992
1.741 3.99163e-06 12.4992
1.742 4.62184e-06 12.4992
1.743 5.33358e-06 12.4992
1.744 6.06552e-06 12.4992
1.745 6.87443e-06 12.4992
1.746 7.69035e-06 12.4992
1.747 8.58171e-06 12.4992
1.748 9.53832e-06 12.4992
1.749 1.04965e-05 12.4992
1.75 1.15567e-05 12.4992
1.751 1.2619e-05 12.4992
1.752 1.37272e-05 12.4991
1.753 1.49825e-05 12.4991
1.754 1.6078e-05 12.4991
1.755 1.74854e-05 12.4991
1.756 1.8688e-05 12.4992
1.757 2.01406e-05 12.4992
1.758 2.16172e-05 12.4992
1.759 2.29157e-05 12.4992
1.76 2.44645e-05 12.4992
1.761 2.60125e-05 12.4992
1.762 2.73971e-05 12.4992
1.763 2.93115e-05 12.4993
1.764 3.09482e-05 12.4993
1.765 3.25394e-05 12.4993
1.766 3.43413e-05 12.4993
1.767 3.61226e-05 12.4993
1.768 3.79378e-05 12.4993
1.769 3.9997e-05 12.4992
1.77 4.16885e-05 12.4993
1.771 4.37524e-05 12.4993
1.772 4.5734e-05 12.4993
1.773 4.78813e-05 12.4993
1.774 4.98383e-05 12.4993
1.775 5.2104e-05 12.4993
1.776 5.40979e-05 12.4993
1.777 5.65303e-05 12.4993
1.778 5.88461e-05 12.4993
1.779 6.07645e-05 12.4993
1.78 6.33078e-05 12.4993
1.781 6.55447e-05 12.4993
1.782 6.7976e-05 12.4993
1.783 7.05058e-05 12.4993
1.784 7.25699e-05 12.4993
1.785 7.54895e-05 12.4993
1.786 7.7569e-05 12.4993
1.787 8.05411e-05 12.4993
1.788 8.28027e-05 12.4993
1.789 8.5741e-05 12.4993
1.79 8.79854e-05 12.4993
1.791 9.12498e-05 12.4993
1.792 9.31287e-05 12.4994
1.793 9.61597e-05 12.4994
1.794 9.91626e-05 12.4994
1.795 0.000101712 12.4994
1.796 0.000105238 12.4994
1.797 0.000108266 12.4994
1.798 0.000110131 12.4994
1.799 0.000114155 12.4994
1.8 0.000115579 12.4994
1.801 0.000118448 12.4994
1.802 0.000122899 12.4994
1.803 0.000124259 12.4994
1.804 0.000127134 12.4994
1.805 0.000132136 12.4994
1.806 0.000136209 12.4994
1.807 0.000136766 12.4995
1.808 0.000144254 12.4994
1.809 0.0001465 12.4995
1.81 0.000146412 12.4995
1.811 0.000149176 12.4995
1.812 0.000154903 12.4995
1.813 0.000155958 12.4995
1.814 0.000161294 12.4995
1.815 0.000163693 12.4995
1.816 0.000166376 12.4995
1.817 0.000169434 12.4995
1.818 0.000172988 12.4995
1.819 0.000175852 12.4995
1.82 0.000179385 12.4995
1.821 0.000182363 12.4995
1.822 0.000185688 12.4995
1.823 0.000189208 12.4995
1.824 0.000192396 12.4995
1.825 0.000195795 12.4995
1.826 0.000199128 12.4995
1.827 0.000202456 12.4995
1.828 0.000205916 12.4995
1.829 0.000208995 12.4995
1.83 0.000212759 12.4995
1.831 0.000215806 12.4995
1.832 0.000219473 12.4995
1.833 0.000222675 12.4995
1.834 0.000226179 12.4995
1.835 0.000229651 12.4995
1.836 0.000233079 12.4995
1.837 0.000236378 12.4995
1.838 0.000239683 12.4995
1.839 0.000243084 12.4995
1.84 0.000246392 12.4995
1.841 0.000249826 12.4995
1.842 0.000253046 12.4995
1.843 0.000256554 12.4995
1.844 0.000259817 12.4995
1.845 0.000263315 12.4995
1.846 0.000266563 12.4995
1.847 0.00027017 12.4996
1.848 0.000273082 12.4996
1.849 0.000276992 12.4996
1.85 0.000279707 12.4996
1.851 0.000283556 12.4996
1.852 0.000286282 12.4996
1.853 0.000290204 12.4996
1.854 0.00029273 12.4996
1.855 0.000296805 12.4996
1.856 0.000299228 12.4996
1.857 0.000302647 12.4996
1.858 0.000306094 12.4996
1.859 0.000309241 12.4996
1.86 0.00031257 12.4996
1.861 0.000315461 12.4996
1.862 0.000318979 12.4996
1.863 0.000321811 12.4996
1.864 0.000325221 12.4996
1.865 0.000328053 12.4996
1.866 0.00033139 12.4996
1.867 0.000334141 12.4996
1.868 0.000337619 12.4996
1.869 0.000340065 12.4996
1.87 0.000343706 12.4996
1.871 0.000345961 12.4996
1.872 0.000349766 12.4996
1.873 0.000351764 12.4996
1.874 0.000355786 12.4997
1.875 0.00035744 12.4997
1.876 0.00036179 12.4997
1.877 0.000363006 12.4997
1.878 0.000367812 12.4997
1.879 0.000368463 12.4997
1.88 0.000373938 12.4997
1.881 0.000373867 12.4997
1.882 0.000380497 12.4997
1.883 0.000380157 12.4997
1.884 0.000382288 12.4997
1.885 0.000385639 12.4997
1.886 0.000387971 12.4997
1.887 0.000391124 12.4997
1.888 0.000392941 12.4997
1.889 0.000396263 12.4997
1.89 0.000397807 12.4997
1.891 0.000401321 12.4997
1.892 0.000402576 12.4998
1.893 0.000406362 12.4998
1.894 0.00040719 12.4998
1.895 0.000411381 12.4998
1.896 0.000411577 12.4998
1.897 0.000416402 12.4998
1.898 0.000415939 12.4998
1.899 0.000421683 12.4998
1.9 0.000420727 12.4998
1.901 0.000421985 12.4998
1.902 0.000424658 12.4998
1.903 0.000426348 12.4998
1.904 0.000428958 12.4998
1.905 0.000430043 12.4998
1.906 0.000432919 12.4998
1.907 0.000433674 12.4998
1.908 0.000436773 12.4998
1.909 0.000437173 12.4998
1.91 0.000440663 12.4998
1.911 0.000440626 12.4998
1.912 0.000444697 12.4998
1.913 0.000444