t ke gpe 
0 0 -1.24988
0.000262663 1.18354e-08 -1.24981
0.000958187 1.35065e-08 -1.24981
0.00186237 1.29357e-08 -1.24981
0.00287957 2.60418e-08 -1.24981
0.00406631 5.70673e-08 -1.24981
0.00525305 9.33852e-08 -1.24981
0.00620244 1.28687e-07 -1.24981
0.00715183 1.70584e-07 -1.24981
0.00810122 2.21074e-07 -1.24981
0.00905061 2.68838e-07 -1.24981
0.01 3.35387e-07 -1.24981
0.011 4.04135e-07 -1.24982
0.012 4.74279e-07 -1.24982
0.013 5.5867e-07 -1.24982
0.014 6.51194e-07 -1.24976
0.015 7.51892e-07 -1.24976
0.016 8.38937e-07 -1.24977
0.017 9.75545e-07 -1.24977
0.018 1.10256e-06 -1.24977
0.019 1.23355e-06 -1.24977
0.02 1.34694e-06 -1.24978
0.021 1.47458e-06 -1.24978
0.022 1.63698e-06 -1.24978
0.023 1.76701e-06 -1.24978
0.024 1.93249e-06 -1.24978
0.025 2.09322e-06 -1.24983
0.026 2.22831e-06 -1.24983
0.027 2.40369e-06 -1.24984
0.028 2.54757e-06 -1.24984
0.029 2.67246e-06 -1.24985
0.03 3.02036e-06 -1.24985
0.031 3.05297e-06 -1.24985
0.032 3.26298e-06 -1.24985
0.033 3.86211e-06 -1.24985
0.034 4.09893e-06 -1.24985
0.035 5.22137e-06 -1.24986
0.036 5.17493e-06 -1.24986
0.037 4.65948e-06 -1.24986
0.038 4.79679e-06 -1.24987
0.039 4.85248e-06 -1.24987
0.04 5.11525e-06 -1.24987
0.041 5.38338e-06 -1.24987
0.042 5.56956e-06 -1.24987
0.043 6.21659e-06 -1.24987
0.044 6.03199e-06 -1.24987
0.045 6.23779e-06 -1.24988
0.046 8.47078e-06 -1.24989
0.047 6.6342e-06 -1.24989
0.048 6.76635e-06 -1.2499
0.049 6.66837e-06 -1.2499
0.05 8.06128e-06 -1.2499
0.051 7.40979e-06 -1.24991
0.052 7.71226e-06 -1.24991
0.053 8.13051e-06 -1.24991
0.054 8.60699e-06 -1.24991
0.055 9.23715e-06 -1.24991
0.056 9.65687e-06 -1.24992
0.057 9.44031e-06 -1.24992
0.058 9.60571e-06 -1.24992
0.059 1.00216e-05 -1.24992
0.06 1.08301e-05 -1.24992
0.061 1.06938e-05 -1.24992
0.062 1.23831e-05 -1.24992
0.063 1.08993e-05 -1.24992
0.064 1.1357e-05 -1.24992
0.065 1.25416e-05 -1.24993
0.066 1.31484e-05 -1.24993
0.067 1.23394e-05 -1.24993
0.068 1.27435e-05 -1.24993
0.069 1.34278e-05 -1.24993
0.07 1.39319e-05 -1.24993
0.071 1.43471e-05 -1.24993
0.072 1.47214e-05 -1.24993
0.073 1.52142e-05 -1.24993
0.074 1.54815e-05 -1.24993
0.075 1.58436e-05 -1.24993
0.076 1.62067e-05 -1.24993
0.077 1.66532e-05 -1.24993
0.078 1.72518e-05 -1.24993
0.079 1.76886e-05 -1.24993
0.08 1.78259e-05 -1.24993
0.081 1.83469e-05 -1.24993
0.082 1.88014e-05 -1.24993
0.083 1.92309e-05 -1.24993
0.084 1.96478e-05 -1.24993
0.085 2.00634e-05 -1.24993
0.086 2.03791e-05 -1.24994
0.087 2.05946e-05 -1.24994
0.088 2.0938e-05 -1.24994
0.089 2.14723e-05 -1.24994
0.09 2.18242e-05 -1.24994
0.091 2.23163e-05 -1.24994
0.092 2.26016e-05 -1.24994
0.093 2.32184e-05 -1.24994
0.094 2.37367e-05 -1.24994
0.095 2.41772e-05 -1.24994
0.096 2.47699e-05 -1.24994
0.097 2.4958e-05 -1.24994
0.098 2.55e-05 -1.24994
0.099 2.585e-05 -1.24994
0.1 2.65103e-05 -1.24994
0.101 2.68873e-05 -1.24994
0.102 2.73479e-05 -1.24994
0.103 2.7703e-05 -1.24995
0.104 2.81124e-05 -1.24995
0.105 2.85033e-05 -1.24995
0.106 2.89238e-05 -1.24995
0.107 2.95371e-05 -1.24995
0.108 2.97768e-05 -1.24995
0.109 3.07264e-05 -1.24995
0.11 3.05392e-05 -1.24995
0.111 3.20912e-05 -1.24995
0.112 3.0927e-05 -1.24995
0.113 3.44836e-05 -1.24995
0.114 3.08683e-05 -1.24995
0.115 3.1018e-05 -1.24995
0.116 3.16601e-05 -1.24995
0.117 3.4719e-05 -1.24995
0.118 3.18848e-05 -1.24995
0.119 3.34879e-05 -1.24996
0.12 3.55918e-05 -1.24996
0.121 3.41293e-05 -1.24996
0.122 3.45513e-05 -1.24996
0.123 3.74815e-05 -1.24996
0.124 3.86115e-05 -1.24996
0.125 3.63041e-05 -1.24996
0.126 3.59917e-05 -1.24996
0.127 3.65547e-05 -1.24996
0.128 3.70478e-05 -1.24996
0.129 4.11182e-05 -1.24996
0.13 4.23978e-05 -1.24996
0.131 3.87105e-05 -1.24996
0.132 3.88752e-05 -1.24996
0.133 4.264e-05 -1.24996
0.134 3.98992e-05 -1.24996
0.135 3.9946e-05 -1.24996
0.136 4.43021e-05 -1.24996
0.137 4.17174e-05 -1.24996
0.138 4.52428e-05 -1.24996
0.139 4.50435e-05 -1.24996
0.14 4.3381e-05 -1.24996
0.141 4.55556e-05 -1.24996
0.142 4.33722e-05 -1.24997
0.143 4.39746e-05 -1.24997
0.144 4.59174e-05 -1.24996
0.145 4.51626e-05 -1.24996
0.146 4.76117e-05 -1.24996
0.147 4.54239e-05 -1.24997
0.148 4.6102e-05 -1.24997
0.149 4.76882e-05 -1.24997
0.15 4.72447e-05 -1.24997
0.151 4.92521e-05 -1.24997
0.152 4.75771e-05 -1.24997
0.153 5.09401e-05 -1.24997
0.154 4.78032e-05 -1.24997
0.155 4.8181e-05 -1.24997
0.156 5.02669e-05 -1.24997
0.157 4.90926e-05 -1.24997
0.158 5.25158e-05 -1.24997
0.159 5.22279e-05 -1.24997
0.16 5.07465e-05 -1.24997
0.161 5.26371e-05 -1.24997
0.162 5.07248e-05 -1.24997
0.163 5.44454e-05 -1.24997
0.164 5.40577e-05 -1.24997
0.165 5.21658e-05 -1.24997
0.166 5.44297e-05 -1.24997
0.167 5.20607e-05 -1.24998
0.168 5.26821e-05 -1.24998
0.169 5.38342e-05 -1.24998
0.17 5.36379e-05 -1.24998
0.171 5.47058e-05 -1.24998
0.172 5.40501e-05 -1.24998
0.173 5.54543e-05 -1.24998
0.174 5.43943e-05 -1.24998
0.175 5.62025e-05 -1.24998
0.176 5.47274e-05 -1.24998
0.177 5.69902e-05 -1.24998
0.178 5.50073e-05 -1.24998
0.179 5.79182e-05 -1.24998
0.18 5.53336e-05 -1.24998
0.181 5.92142e-05 -1.24998
0.182 5.57971e-05 -1.24998
0.183 5.59517e-05 -1.24998
0.184 5.6783e-05 -1.24998
0.185 5.66643e-05 -1.24998
0.186 5.75141e-05 -1.24998
0.187 5.69109e-05 -1.24998
0.188 5.79528e-05 -1.24999
0.189 5.70985e-05 -1.24999
0.19 5.83573e-05 -1.24999
0.191 5.72821e-05 -1.24999
0.192 5.8758e-05 -1.24999
0.193 5.74743e-05 -1.24999
0.194 5.92913e-05 -1.24999
0.195 5.77015e-05 -1.24999
0.196 6.01447e-05 -1.24999
0.197 5.79382e-05 -1.24999
0.198 6.14911e-05 -1.24999
0.199 5.9248e-05 -1.24999
0.2 5.82547e-05 -1.24999
0.201 5.85787e-05 -1.24999
0.202 5.80461e-05 -1.24999
0.203 5.84845e-05 -1.24999
0.204 5.80556e-05 -1.24999
0.205 5.85151e-05 -1.24999
0.206 5.80184e-05 -1.24999
0.207 5.85707e-05 -1.24999
0.208 5.80197e-05 -1.25
0.209 5.866e-05 -1.25
0.21 5.80626e-05 -1.25
0.211 5.89078e-05 -1.25
0.212 5.82398e-05 -1.25
0.213 5.93697e-05 -1.25
0.214 5.87862e-05 -1.25
0.215 5.75664e-05 -1.25
0.216 5.77641e-05 -1.25
0.217 5.73838e-05 -1.25
0.218 5.77039e-05 -1.25
0.219 5.75345e-05 -1.25
0.22 5.77123e-05 -1.25
0.221 5.77409e-05 -1.25
0.222 5.78484e-05 -1.25
0.223 5.79712e-05 -1.25
0.224 5.79409e-05 -1.25
0.225 5.82086e-05 -1.25
0.226 5.79757e-05 -1.25
0.227 5.8485e-05 -1.25
0.228 5.80505e-05 -1.25
0.229 5.87871e-05 -1.24999
0.23 5.81941e-05 -1.24999
0.231 5.92601e-05 -1.24999
0.232 5.83516e-05 -1.24999
0.233 5.7716e-05 -1.24999
0.234 5.84852e-05 -1.24999
0.235 5.78171e-05 -1.24999
0.236 5.84894e-05 -1.24999
0.237 5.78025e-05 -1.24999
0.238 5.85475e-05 -1.24999
0.239 5.76659e-05 -1.24999
0.24 5.86225e-05 -1.24999
0.241 5.74663e-05 -1.24999
0.242 5.8812e-05 -1.24999
0.243 5.72921e-05 -1.24999
0.244 5.91972e-05 -1.24999
0.245 5.69344e-05 -1.24999
0.246 5.67456e-05 -1.24999
0.247 5.74543e-05 -1.24999
0.248 5.70306e-05 -1.24999
0.249 5.72526e-05 -1.24999
0.25 5.6851e-05 -1.24998
0.251 5.69983e-05 -1.24998
0.252 5.65737e-05 -1.24998
0.253 5.66935e-05 -1.24998
0.254 5.62678e-05 -1.24998
0.255 5.63459e-05 -1.24998
0.256 5.5927e-05 -1.24998
0.257 5.60227e-05 -1.24998
0.258 5.55459e-05 -1.24998
0.259 5.56354e-05 -1.24998
0.26 5.51607e-05 -1.24998
0.261 5.5253e-05 -1.24998
0.262 5.47527e-05 -1.24998
0.263 5.48275e-05 -1.24998
0.264 5.43128e-05 -1.24998
0.265 5.43847e-05 -1.24998
0.266 5.38327e-05 -1.24998
0.267 5.39216e-05 -1.24997
0.268 5.33265e-05 -1.24997
0.269 5.34376e-05 -1.24997
0.27 5.27994e-05 -1.24997
0.271 5.29068e-05 -1.24997
0.272 5.22328e-05 -1.24997
0.273 5.2356e-05 -1.24997
0.274 5.1637e-05 -1.24997
0.275 5.17832e-05 -1.24997
0.276 5.102e-05 -1.24997
0.277 5.11885e-05 -1.24997
0.278 5.03846e-05 -1.24997
0.279 5.05707e-05 -1.24997
0.28 4.97112e-05 -1.24997
0.281 4.99249e-05 -1.24997
0.282 4.90288e-05 -1.24997
0.283 4.92652e-05 -1.24997
0.284 4.83255e-05 -1.24997
0.285 4.85849e-05 -1.24997
0.286 4.76054e-05 -1.24997
0.287 4.78919e-05 -1.24996
0.288 4.68614e-05 -1.24996
0.289 4.71892e-05 -1.24996
0.29 4.60925e-05 -1.24996
0.291 4.64556e-05 -1.24996
0.292 4.53103e-05 -1.24996
0.293 4.57123e-05 -1.24996
0.294 4.45155e-05 -1.24996
0.295 4.49602e-05 -1.24996
0.296 4.37003e-05 -1.24996
0.297 4.41955e-05 -1.24996
0.298 4.28666e-05 -1.24996
0.299 4.34199e-05 -1.24996
0.3 4.20196e-05 -1.24996
0.301 4.2631e-05 -1.24996
0.302 4.11616e-05 -1.24996
0.303 4.1833e-05 -1.24996
0.304 4.02924e-05 -1.24996
0.305 4.10234e-05 -1.24996
0.306 3.94114e-05 -1.24996
0.307 4.02167e-05 -1.24996
0.308 3.85171e-05 -1.24996
0.309 3.94114e-05 -1.24996
0.31 3.75848e-05 -1.24995
0.311 3.85967e-05 -1.24995
0.312 3.66716e-05 -1.24995
0.313 3.76872e-05 -1.24995
0.314 3.68414e-05 -1.24995
0.315 3.59231e-05 -1.24995
0.316 3.57115e-05 -1.24995
0.317 3.49362e-05 -1.24995
0.318 3.49221e-05 -1.24995
0.319 3.40204e-05 -1.24995
0.32 3.40964e-05 -1.24995
0.321 3.30344e-05 -1.24995
0.322 3.32604e-05 -1.24995
0.323 3.20886e-05 -1.24995
0.324 3.23533e-05 -1.24995
0.325 3.17311e-05 -1.24995
0.326 3.09664e-05 -1.24995
0.327 3.06677e-05 -1.24995
0.328 2.99169e-05 -1.24995
0.329 2.97834e-05 -1.24995
0.33 2.89812e-05 -1.24995
0.331 2.86612e-05 -1.24995
0.332 2.8288e-05 -1.24995
0.333 2.77698e-05 -1.24995
0.334 2.73396e-05 -1.24995
0.335 2.68877e-05 -1.24995
0.336 2.64997e-05 -1.24995
0.337 2.59951e-05 -1.24995
0.338 2.568e-05 -1.24995
0.339 2.51218e-05 -1.24995
0.34 2.47315e-05 -1.24995
0.341 2.43164e-05 -1.24994
0.342 2.37874e-05 -1.24995
0.343 2.33177e-05 -1.24995
0.344 2.28569e-05 -1.24995
0.345 2.229e-05 -1.24995
0.346 2.20166e-05 -1.24995
0.347 2.14849e-05 -1.24995
0.348 2.1144e-05 -1.24995
0.349 2.07651e-05 -1.24994
0.35 2.03857e-05 -1.24994
0.351 1.99662e-05 -1.24994
0.352 1.96016e-05 -1.24994
0.353 1.91446e-05 -1.24994
0.354 1.87967e-05 -1.24994
0.355 1.83288e-05 -1.24994
0.356 1.79823e-05 -1.24994
0.357 1.75872e-05 -1.24994
0.358 1.7179e-05 -1.24994
0.359 1.68489e-05 -1.24994
0.36 1.64576e-05 -1.24994
0.361 1.60971e-05 -1.24994
0.362 1.5637e-05 -1.24994
0.363 1.52745e-05 -1.24994
0.364 1.49667e-05 -1.24994
0.365 1.4528e-05 -1.24994
0.366 1.41988e-05 -1.24994
0.367 1.38241e-05 -1.24994
0.368 1.34882e-05 -1.24994
0.369 1.31372e-05 -1.24994
0.37 1.28036e-05 -1.24994
0.371 1.24464e-05 -1.24994
0.372 1.21412e-05 -1.24993
0.373 1.17923e-05 -1.24993
0.374 1.14702e-05 -1.24993
0.375 1.11304e-05 -1.24993
0.376 1.08252e-05 -1.24993
0.377 1.04944e-05 -1.24993
0.378 1.01852e-05 -1.24993
0.379 9.86408e-06 -1.24993
0.38 9.56389e-06 -1.24993
0.381 9.27682e-06 -1.24993
0.382 8.96505e-06 -1.24993
0.383 8.67056e-06 -1.24993
0.384 8.38803e-06 -1.24993
0.385 8.10923e-06 -1.24993
0.386 7.83233e-06 -1.24993
0.387 7.54214e-06 -1.24993
0.388 7.25193e-06 -1.24993
0.389 6.99154e-06 -1.24993
0.39 6.72974e-06 -1.24993
0.391 6.46734e-06 -1.24992
0.392 6.24809e-06 -1.24992
0.393 5.95498e-06 -1.24992
0.394 5.75971e-06 -1.24992
0.395 5.49317e-06 -1.24992
0.396 5.27395e-06 -1.24992
0.397 5.03933e-06 -1.24992
0.398 4.82178e-06 -1.24992
0.399 4.59967e-06 -1.24992
0.4 4.39154e-06 -1.24992
0.401 4.18372e-06 -1.24992
0.402 3.98597e-06 -1.24992
0.403 3.78108e-06 -1.24992
0.404 3.59523e-06 -1.24992
0.405 3.40419e-06 -1.24992
0.406 3.23612e-06 -1.24992
0.407 3.06162e-06 -1.24992
0.408 2.89446e-06 -1.24992
0.409 2.72398e-06 -1.24992
0.41 2.60102e-06 -1.24992
0.411 2.414e-06 -1.24992
0.412 2.29278e-06 -1.24992
0.413 2.14547e-06 -1.24992
0.414 2.02793e-06 -1.24992
0.415 1.89309e-06 -1.24992
0.416 1.78166e-06 -1.24992
0.417 1.66175e-06 -1.24991
0.418 1.55868e-06 -1.24991
0.419 1.45335e-06 -1.24992
0.42 1.36255e-06 -1.24992
0.421 1.27842e-06 -1.24991
0.422 1.18843e-06 -1.24992
0.423 1.1173e-06 -1.24992
0.424 1.05221e-06 -1.24992
0.425 9.83728e-07 -1.24992
0.426 9.30176e-07 -1.24992
0.427 8.80106e-07 -1.24992
0.428 8.45304e-07 -1.24992
0.429 7.97533e-07 -1.24992
0.43 7.73722e-07 -1.24992
0.431 7.47361e-07 -1.24992
0.432 7.28193e-07 -1.24991
0.433 7.15196e-07 -1.24991
0.434 7.08297e-07 -1.24991
0.435 7.09521e-07 -1.24991
0.436 7.17624e-07 -1.24991
0.437 7.28433e-07 -1.24991
0.438 7.53644e-07 -1.24991
0.439 7.7485e-07 -1.24991
0.44 8.04641e-07 -1.24991
0.441 8.53211e-07 -1.24991
0.442 8.91859e-07 -1.24991
0.443 9.33592e-07 -1.24991
0.444 1.0143e-06 -1.24991
0.445 1.05826e-06 -1.24991
0.446 1.17357e-06 -1.24991
0.447 1.30567e-06 -1.24991
0.448 1.36137e-06 -1.24991
0.449 1.41213e-06 -1.24991
0.45 1.53211e-06 -1.24991
0.451 1.59962e-06 -1.24991
0.452 1.66177e-06 -1.24991
0.453 1.85066e-06 -1.24991
0.454 1.9608e-06 -1.24991
0.455 2.14615e-06 -1.24991
0.456 2.31667e-06 -1.24991
0.457 2.21704e-06 -1.24991
0.458 2.22989e-06 -1.24992
0.459 2.47403e-06 -1.24992
0.46 2.78441e-06 -1.24991
0.461 2.85922e-06 -1.24991
0.462 3.04888e-06 -1.24991
0.463 3.30476e-06 -1.24992
0.464 3.48821e-06 -1.24991
0.465 3.47457e-06 -1.24991
0.466 3.61125e-06 -1.24992
0.467 3.88573e-06 -1.24992
0.468 4.08709e-06 -1.24992
0.469 4.5101e-06 -1.24992
0.47 4.4608e-06 -1.24992
0.471 4.52923e-06 -1.24992
0.472 4.83887e-06 -1.24992
0.473 5.33355e-06 -1.24992
0.474 5.25038e-06 -1.24992
0.475 5.38662e-06 -1.24992
0.476 5.7852e-06 -1.24992
0.477 6.19076e-06 -1.24992
0.478 6.41919e-06 -1.24992
0.479 7.07574e-06 -1.24993
0.48 7.84674e-06 -1.24993
0.481 8.14317e-06 -1.24993
0.482 6.8873e-06 -1.24993
0.483 9.04776e-06 -1.24993
0.484 7.44346e-06 -1.24993
0.485 7.3751e-06 -1.24993
0.486 1.01121e-05 -1.24993
0.487 8.21743e-06 -1.24993
0.488 8.49671e-06 -1.24993
0.489 9.8725e-06 -1.24993
0.49 9.25815e-06 -1.24993
0.491 1.13682e-05 -1.24993
0.492 1.14346e-05 -1.24993
0.493 1.04544e-05 -1.24993
0.494 9.9569e-06 -1.24993
0.495 1.03352e-05 -1.24993
0.496 1.25923e-05 -1.24993
0.497 1.35323e-05 -1.24994
0.498 1.36169e-05 -1.24994
0.499 1.19223e-05 -1.24994
0.5 1.38883e-05 -1.24994
0.501 1.41745e-05 -1.24994
0.502 1.34255e-05 -1.24994
0.503 1.36973e-05 -1.24994
0.504 1.46609e-05 -1.24994
0.505 1.45809e-05 -1.24994
0.506 1.54428e-05 -1.24994
0.507 1.58352e-05 -1.24994
0.508 1.57505e-05 -1.24994
0.509 1.66814e-05 -1.24994
0.51 1.62044e-05 -1.24994
0.511 1.80156e-05 -1.24994
0.512 1.6376e-05 -1.24994
0.513 2.0361e-05 -1.24994
0.514 1.71665e-05 -1.24994
0.515 1.93536e-05 -1.24994
0.516 1.95637e-05 -1.24994
0.517 1.92991e-05 -1.24994
0.518 1.94381e-05 -1.24995
0.519 2.00424e-05 -1.24995
0.52 2.04002e-05 -1.24995
0.521 2.10711e-05 -1.24995
0.522 2.12598e-05 -1.24995
0.523 2.1888e-05 -1.24995
0.524 2.20645e-05 -1.24995
0.525 2.28373e-05 -1.24995
0.526 2.30131e-05 -1.24995
0.527 2.38107e-05 -1.24995
0.528 2.37999e-05 -1.24995
0.529 2.42562e-05 -1.24995
0.53 2.48701e-05 -1.24995
0.531 2.53418e-05 -1.24995
0.532 2.54655e-05 -1.24995
0.533 2.62585e-05 -1.24995
0.534 2.62623e-05 -1.24995
0.535 2.73763e-05 -1.24995
0.536 2.72578e-05 -1.24995
0.537 2.86024e-05 -1.24995
0.538 2.77963e-05 -1.24995
0.539 2.99869e-05 -1.24995
0.54 3.01055e-05 -1.24995
0.541 2.96139e-05 -1.24995
0.542 3.07632e-05 -1.24995
0.543 2.99748e-05 -1.24995
0.544 3.03797e-05 -1.24995
0.545 3.19208e-05 -1.24995
0.546 3.1073e-05 -1.24995
0.547 3.43067e-05 -1.24995
0.548 3.092e-05 -1.24995
0.549 3.68926e-05 -1.24995
0.55 3.25247e-05 -1.24995
0.551 3.28631e-05 -1.24995
0.552 3.52995e-05 -1.24996
0.553 3.58244e-05 -1.24996
0.554 3.4939e-05 -1.24996
0.555 3.6773e-05 -1.24996
0.556 3.51813e-05 -1.24996
0.557 3.57836e-05 -1.24996
0.558 3.73866e-05 -1.24996
0.559 3.69048e-05 -1.24996
0.56 3.90719e-05 -1.24996
0.561 3.72946e-05 -1.24996
0.562 3.81267e-05 -1.24996
0.563 3.92517e-05 -1.24996
0.564 3.95414e-05 -1.24996
0.565 4.03413e-05 -1.24996
0.566 4.06714e-05 -1.24996
0.567 4.09555e-05 -1.24996
0.568 4.14319e-05 -1.24996
0.569 4.17775e-05 -1.24996
0.57 4.23074e-05 -1.24996
0.571 4.24931e-05 -1.24996
0.572 4.30945e-05 -1.24996
0.573 4.32852e-05 -1.24996
0.574 4.38853e-05 -1.24996
0.575 4.4103e-05 -1.24996
0.576 4.469e-05 -1.24996
0.577 4.48871e-05 -1.24996
0.578 4.54939e-05 -1.24997
0.579 4.55781e-05 -1.24997
0.58 4.62646e-05 -1.24997
0.581 4.62171e-05 -1.24997
0.582 4.70122e-05 -1.24997
0.583 4.68908e-05 -1.24997
0.584 4.77687e-05 -1.24997
0.585 4.75001e-05 -1.24997
0.586 4.8504e-05 -1.24997
0.587 4.81137e-05 -1.24997
0.588 4.92971e-05 -1.24997
0.589 4.87126e-05 -1.24997
0.59 5.00926e-05 -1.24997
0.591 4.91836e-05 -1.24997
0.592 5.09462e-05 -1.24997
0.593 4.96319e-05 -1.24997
0.594 5.18805e-05 -1.24997
0.595 5.00232e-05 -1.24997
0.596 5.29008e-05 -1.24997
0.597 5.04314e-05 -1.24997
0.598 5.41765e-05 -1.24997
0.599 5.30903e-05 -1.24998
0.6 5.22697e-05 -1.24998
0.601 5.29379e-05 -1.24998
0.602 5.24356e-05 -1.24998
0.603 5.35184e-05 -1.24998
0.604 5.27741e-05 -1.24998
0.605 5.41705e-05 -1.24998
0.606 5.30998e-05 -1.24998
0.607 5.49074e-05 -1.24998
0.608 5.34065e-05 -1.24998
0.609 5.57131e-05 -1.24998
0.61 5.3742e-05 -1.24998
0.611 5.4063e-05 -1.24998
0.612 5.48686e-05 -1.24998
0.613 5.47206e-05 -1.24998
0.614 5.54574e-05 -1.24998
0.615 5.50232e-05 -1.24998
0.616 5.58987e-05 -1.24998
0.617 5.52926e-05 -1.24998
0.618 5.62963e-05 -1.24998
0.619 5.55045e-05 -1.24998
0.62 5.6721e-05 -1.24999
0.621 5.5693e-05 -1.24999
0.622 5.72174e-05 -1.24999
0.623 5.58899e-05 -1.24999
0.624 5.77637e-05 -1.24999
0.625 5.62417e-05 -1.24999
0.626 5.90465e-05 -1.24999
0.627 5.6342e-05 -1.24999
0.628 5.5751e-05 -1.24999
0.629 5.68563e-05 -1.24999
0.63 5.63998e-05 -1.24999
0.631 5.69142e-05 -1.24999
0.632 5.65376e-05 -1.24999
0.633 5.70077e-05 -1.24999
0.634 5.6578e-05 -1.24999
0.635 5.70737e-05 -1.24999
0.636 5.65719e-05 -1.24999
0.637 5.71559e-05 -1.24999
0.638 5.65307e-05 -1.24999
0.639 5.73348e-05 -1.24999
0.64 5.65016e-05 -1.25
0.641 5.76059e-05 -1.25
0.642 5.66123e-05 -1.25
0.643 5.81225e-05 -1.25
0.644 5.70215e-05 -1.25
0.645 5.59993e-05 -1.25
0.646 5.64516e-05 -1.25
0.647 5.60554e-05 -1.25
0.648 5.61688e-05 -1.25
0.649 5.60466e-05 -1.25
0.65 5.60775e-05 -1.25
0.651 5.61097e-05 -1.25
0.652 5.61888e-05 -1.25
0.653 5.6249e-05 -1.25
0.654 5.63217e-05 -1.25
0.655 5.63818e-05 -1.25
0.656 5.64383e-05 -1.25
0.657 5.64974e-05 -1.25
0.658 5.65332e-05 -1.25
0.659 5.6578e-05 -1.25
0.66 5.65989e-05 -1.24999
0.661 5.66271e-05 -1.24999
0.662 5.66355e-05 -1.24999
0.663 5.66535e-05 -1.24999
0.664 5.66429e-05 -1.24999
0.665 5.66543e-05 -1.24999
0.666 5.66245e-05 -1.24999
0.667 5.66245e-05 -1.24999
0.668 5.65821e-05 -1.24999
0.669 5.65584e-05 -1.24999
0.67 5.65013e-05 -1.24999
0.671 5.64653e-05 -1.24999
0.672 5.63897e-05 -1.24999
0.673 5.63471e-05 -1.24999
0.674 5.6257e-05 -1.24999
0.675 5.61922e-05 -1.24999
0.676 5.60863e-05 -1.24999
0.677 5.60115e-05 -1.24999
0.678 5.59002e-05 -1.24999
0.679 5.58201e-05 -1.24999
0.68 5.5687e-05 -1.24999
0.681 5.55861e-05 -1.24998
0.682 5.54238e-05 -1.24998
0.683 5.53179e-05 -1.24998
0.684 5.51404e-05 -1.24998
0.685 5.50455e-05 -1.24998
0.686 5.48265e-05 -1.24998
0.687 5.46944e-05 -1.24998
0.688 5.44944e-05 -1.24998
0.689 5.43338e-05 -1.24998
0.69 5.41123e-05 -1.24998
0.691 5.39718e-05 -1.24998
0.692 5.37337e-05 -1.24998
0.693 5.35671e-05 -1.24998
0.694 5.33156e-05 -1.24998
0.695 5.31405e-05 -1.24998
0.696 5.2892e-05 -1.24998
0.697 5.27194e-05 -1.24998
0.698 5.24398e-05 -1.24998
0.699 5.22413e-05 -1.24998
0.7 5.19419e-05 -1.24998
0.701 5.17337e-05 -1.24997
0.702 5.14238e-05 -1.24997
0.703 5.12028e-05 -1.24997
0.704 5.08802e-05 -1.24997
0.705 5.06488e-05 -1.24997
0.706 5.0313e-05 -1.24997
0.707 5.00719e-05 -1.24997
0.708 4.97237e-05 -1.24997
0.709 4.94733e-05 -1.24997
0.71 4.91124e-05 -1.24997
0.711 4.88533e-05 -1.24997
0.712 4.84802e-05 -1.24997
0.713 4.82127e-05 -1.24997
0.714 4.78272e-05 -1.24997
0.715 4.75522e-05 -1.24997
0.716 4.71552e-05 -1.24997
0.717 4.68724e-05 -1.24997
0.718 4.64636e-05 -1.24997
0.719 4.61744e-05 -1.24997
0.72 4.57547e-05 -1.24997
0.721 4.54593e-05 -1.24997
0.722 4.50282e-05 -1.24997
0.723 4.4728e-05 -1.24997
0.724 4.42849e-05 -1.24996
0.725 4.39807e-05 -1.24996
0.726 4.35265e-05 -1.24996
0.727 4.32184e-05 -1.24996
0.728 4.27526e-05 -1.24996
0.729 4.24422e-05 -1.24996
0.73 4.19638e-05 -1.24996
0.731 4.16524e-05 -1.24996
0.732 4.11629e-05 -1.24996
0.733 4.085e-05 -1.24996
0.734 4.03492e-05 -1.24996
0.735 4.0038e-05 -1.24996
0.736 3.95242e-05 -1.24996
0.737 3.92168e-05 -1.24996
0.738 3.86881e-05 -1.24996
0.739 3.83869e-05 -1.24996
0.74 3.7843e-05 -1.24996
0.741 3.75479e-05 -1.24996
0.742 3.6991e-05 -1.24996
0.743 3.6699e-05 -1.24996
0.744 3.61331e-05 -1.24996
0.745 3.58425e-05 -1.24996
0.746 3.52688e-05 -1.24996
0.747 3.49804e-05 -1.24996
0.748 3.44e-05 -1.24995
0.749 3.41127e-05 -1.24995
0.75 3.35256e-05 -1.24995
0.751 3.32424e-05 -1.24995
0.752 3.26482e-05 -1.24995
0.753 3.2368e-05 -1.24995
0.754 3.17683e-05 -1.24995
0.755 3.14921e-05 -1.24995
0.756 3.08861e-05 -1.24995
0.757 3.0615e-05 -1.24995
0.758 3.00038e-05 -1.24995
0.759 2.97374e-05 -1.24995
0.76 2.91215e-05 -1.24995
0.761 2.8867e-05 -1.24995
0.762 2.82531e-05 -1.24995
0.763 2.79841e-05 -1.24995
0.764 2.73555e-05 -1.24995
0.765 2.71166e-05 -1.24995
0.766 2.64777e-05 -1.24995
0.767 2.62488e-05 -1.24995
0.768 2.56042e-05 -1.24995
0.769 2.53857e-05 -1.24995
0.77 2.47352e-05 -1.24995
0.771 2.45268e-05 -1.24995
0.772 2.38725e-05 -1.24995
0.773 2.36745e-05 -1.24995
0.774 2.30097e-05 -1.24995
0.775 2.28228e-05 -1.24995
0.776 2.21696e-05 -1.24995
0.777 2.19933e-05 -1.24995
0.778 2.13405e-05 -1.24994
0.779 2.11401e-05 -1.24994
0.78 2.04411e-05 -1.24994
0.781 2.02835e-05 -1.24995
0.782 1.97478e-05 -1.24995
0.783 1.92795e-05 -1.24995
0.784 1.90037e-05 -1.24994
0.785 1.8426e-05 -1.24995
0.786 1.81526e-05 -1.24994
0.787 1.78129e-05 -1.24994
0.788 1.73969e-05 -1.24994
0.789 1.70549e-05 -1.24994
0.79 1.66587e-05 -1.24994
0.791 1.62397e-05 -1.24994
0.792 1.58493e-05 -1.24994
0.793 1.55173e-05 -1.24994
0.794 1.51277e-05 -1.24994
0.795 1.47858e-05 -1.24994
0.796 1.44286e-05 -1.24994
0.797 1.40687e-05 -1.24994
0.798 1.37244e-05 -1.24994
0.799 1.33684e-05 -1.24994
0.8 1.30247e-05 -1.24994
0.801 1.26774e-05 -1.24994
0.802 1.23401e-05 -1.24994
0.803 1.20008e-05 -1.24994
0.804 1.167e-05 -1.24994
0.805 1.13386e-05 -1.24994
0.806 1.10123e-05 -1.24994
0.807 1.06822e-05 -1.24994
0.808 1.03905e-05 -1.24993
0.809 1.00735e-05 -1.24993
0.81 9.76457e-06 -1.24993
0.811 9.45741e-06 -1.24993
0.812 9.15662e-06 -1.24993
0.813 8.85787e-06 -1.24993
0.814 8.56524e-06 -1.24993
0.815 8.27568e-06 -1.24993
0.816 7.99166e-06 -1.24993
0.817 7.70435e-06 -1.24993
0.818 7.43909e-06 -1.24993
0.819 7.16887e-06 -1.24993
0.82 6.90651e-06 -1.24993
0.821 6.64298e-06 -1.24993
0.822 6.38718e-06 -1.24993
0.823 6.13461e-06 -1.24993
0.824 5.8858e-06 -1.24993
0.825 5.64271e-06 -1.24993
0.826 5.40605e-06 -1.24993
0.827 5.17421e-06 -1.24993
0.828 4.95669e-06 -1.24993
0.829 4.72761e-06 -1.24993
0.83 4.51843e-06 -1.24993
0.831 4.29308e-06 -1.24993
0.832 4.09884e-06 -1.24993
0.833 3.89142e-06 -1.24993
0.834 3.70605e-06 -1.24993
0.835 3.51379e-06 -1.24993
0.836 3.33237e-06 -1.24992
0.837 3.15292e-06 -1.24992
0.838 2.98108e-06 -1.24992
0.839 2.81465e-06 -1.24992
0.84 2.65177e-06 -1.24992
0.841 2.49497e-06 -1.24992
0.842 2.3437e-06 -1.24992
0.843 2.19753e-06 -1.24992
0.844 2.05777e-06 -1.24992
0.845 1.92209e-06 -1.24992
0.846 1.79762e-06 -1.24992
0.847 1.66825e-06 -1.24992
0.848 1.55189e-06 -1.24992
0.849 1.45054e-06 -1.24992
0.85 1.33907e-06 -1.24992
0.851 1.24275e-06 -1.24992
0.852 1.14676e-06 -1.24992
0.853 1.0605e-06 -1.24992
0.854 9.74496e-07 -1.24992
0.855 9.00457e-07 -1.24992
0.856 8.39355e-07 -1.24992
0.857 7.70995e-07 -1.24992
0.858 7.24332e-07 -1.24992
0.859 6.767e-07 -1.24992
0.86 6.2791e-07 -1.24992
0.861 5.97723e-07 -1.24992
0.862 5.63563e-07 -1.24992
0.863 5.39573e-07 -1.24992
0.864 5.19157e-07 -1.24992
0.865 5.06329e-07 -1.24992
0.866 4.98311e-07 -1.24992
0.867 5.01528e-07 -1.24992
0.868 5.02264e-07 -1.24992
0.869 5.19553e-07 -1.24992
0.87 5.33337e-07 -1.24992
0.871 5.57803e-07 -1.24992
0.872 5.88459e-07 -1.24992
0.873 6.27684e-07 -1.24992
0.874 6.62549e-07 -1.24992
0.875 7.21331e-07 -1.24992
0.876 7.66552e-07 -1.24992
0.877 8.33039e-07 -1.24992
0.878 8.92222e-07 -1.24992
0.879 9.75618e-07 -1.24992
0.88 1.04844e-06 -1.24992
0.881 1.12873e-06 -1.24992
0.882 1.24299e-06 -1.24992
0.883 1.3483e-06 -1.24992
0.884 1.40777e-06 -1.24992
0.885 1.54797e-06 -1.24992
0.886 1.66347e-06 -1.24991
0.887 1.77801e-06 -1.24991
0.888 1.98541e-06 -1.24992
0.889 2.06792e-06 -1.24992
0.89 2.13185e-06 -1.24992
0.891 2.37622e-06 -1.24992
0.892 2.45128e-06 -1.24991
0.893 2.68295e-06 -1.24991
0.894 2.81213e-06 -1.24991
0.895 3.01632e-06 -1.24991
0.896 3.15779e-06 -1.24991
0.897 3.35557e-06 -1.24992
0.898 3.61035e-06 -1.24992
0.899 3.69843e-06 -1.24992
0.9 3.90925e-06 -1.24992
0.901 3.98734e-06 -1.24992
0.902 4.3104e-06 -1.24992
0.903 4.47762e-06 -1.24992
0.904 4.73749e-06 -1.24992
0.905 4.99446e-06 -1.24992
0.906 5.20733e-06 -1.24993
0.907 5.35755e-06 -1.24993
0.908 5.61923e-06 -1.24993
0.909 5.78318e-06 -1.24993
0.91 6.02776e-06 -1.24993
0.911 6.39422e-06 -1.24993
0.912 6.52636e-06 -1.24993
0.913 6.91454e-06 -1.24993
0.914 7.05584e-06 -1.24993
0.915 7.36419e-06 -1.24993
0.916 7.6376e-06 -1.24993
0.917 7.89185e-06 -1.24993
0.918 8.21336e-06 -1.24993
0.919 8.39976e-06 -1.24993
0.92 8.87729e-06 -1.24993
0.921 9.00322e-06 -1.24993
0.922 9.48699e-06 -1.24993
0.923 9.62347e-06 -1.24993
0.924 1.01352e-05 -1.24993
0.925 1.01089e-05 -1.24993
0.926 1.06896e-05 -1.24993
0.927 1.08688e-05 -1.24994
0.928 1.11453e-05 -1.24993
0.929 1.15251e-05 -1.24993
0.93 1.18906e-05 -1.24993
0.931 1.22134e-05 -1.24993
0.932 1.24959e-05 -1.24993
0.933 1.2939e-05 -1.24993
0.934 1.32266e-05 -1.24993
0.935 1.36336e-05 -1.24993
0.936 1.39393e-05 -1.24993
0.937 1.42923e-05 -1.24993
0.938 1.46889e-05 -1.24994
0.939 1.50275e-05 -1.24994
0.94 1.53842e-05 -1.24994
0.941 1.57701e-05 -1.24994
0.942 1.60749e-05 -1.24994
0.943 1.66705e-05 -1.24994
0.944 1.68631e-05 -1.24994
0.945 1.73742e-05 -1.24994
0.946 1.75704e-05 -1.24994
0.947 1.80194e-05 -1.24994
0.948 1.83662e-05 -1.24994
0.949 1.88113e-05 -1.24994
0.95 1.91704e-05 -1.24994
0.951 1.96549e-05 -1.24994
0.952 1.99376e-05 -1.24994
0.953 2.04008e-05 -1.24994
0.954 2.07996e-05 -1.24994
0.955 2.11582e-05 -1.24994
0.956 2.14888e-05 -1.24995
0.957 2.18202e-05 -1.24995
0.958 2.23485e-05 -1.24995
0.959 2.27549e-05 -1.24994
0.96 2.32416e-05 -1.24995
0.961 2.36553e-05 -1.24995
0.962 2.40487e-05 -1.24995
0.963 2.46584e-05 -1.24995
0.964 2.49988e-05 -1.24995
0.965 2.54618e-05 -1.24995
0.966 2.58606e-05 -1.24995
0.967 2.6339e-05 -1.24995
0.968 2.6706e-05 -1.24995
0.969 2.71366e-05 -1.24995
0.97 2.75868e-05 -1.24995
0.971 2.79802e-05 -1.24995
0.972 2.84654e-05 -1.24995
0.973 2.88429e-05 -1.24995
0.974 2.9334e-05 -1.24995
0.975 2.96926e-05 -1.24995
0.976 3.01441e-05 -1.24995
0.977 3.05772e-05 -1.24995
0.978 3.10088e-05 -1.24995
0.979 3.14295e-05 -1.24995
0.98 3.19435e-05 -1.24995
0.981 3.22643e-05 -1.24995
0.982 3.26134e-05 -1.24995
0.983 3.29629e-05 -1.24996
0.984 3.35438e-05 -1.24995
0.985 3.38545e-05 -1.24996
0.986 3.44915e-05 -1.24995
0.987 3.48287e-05 -1.24995
0.988 3.53772e-05 -1.24995
0.989 3.56847e-05 -1.24995
0.99 3.62128e-05 -1.24996
0.991 3.65264e-05 -1.24996
0.992 3.7043e-05 -1.24996
0.993 3.73335e-05 -1.24996
0.994 3.78649e-05 -1.24996
0.995 3.81384e-05 -1.24996
0.996 3.86587e-05 -1.24996
0.997 3.89719e-05 -1.24996
0.998 3.94548e-05 -1.24996
0.999 3.97697e-05 -1.24996
1 4.02964e-05 -1.24996
1.001 4.06046e-05 -1.24996
1.002 4.10803e-05 -1.24996
1.003 4.13727e-05 -1.24996
1.004 4.18554e-05 -1.24996
1.005 4.21428e-05 -1.24996
1.006 4.26049e-05 -1.24996
1.007 4.28896e-05 -1.24996
1.008 4.33469e-05 -1.24996
1.009 4.35814e-05 -1.24996
1.01 4.40518e-05 -1.24996
1.011 4.42819e-05 -1.24996
1.012 4.47382e-05 -1.24997
1.013 4.50008e-05 -1.24997
1.014 4.54787e-05 -1.24997
1.015 4.57109e-05 -1.24997
1.016 4.61566e-05 -1.24997
1.017 4.6382e-05 -1.24997
1.018 4.68173e-05 -1.24997
1.019 4.70376e-05 -1.24997
1.02 4.74732e-05 -1.24997
1.021 4.76778e-05 -1.24997
1.022 4.80886e-05 -1.24997
1.023 4.82493e-05 -1.24997
1.024 4.86588e-05 -1.24997
1.025 4.88203e-05 -1.24997
1.026 4.92495e-05 -1.24997
1.027 4.94263e-05 -1.24997
1.028 4.9794e-05 -1.24997
1.029 4.99585e-05 -1.24997
1.03 5.03184e-05 -1.24997
1.031 5.04707e-05 -1.24997
1.032 5.08001e-05 -1.24997
1.033 5.09947e-05 -1.24997
1.034 5.12934e-05 -1.24998
1.035 5.14299e-05 -1.24998
1.036 5.17614e-05 -1.24998
1.037 5.18995e-05 -1.24998
1.038 5.21961e-05 -1.24998
1.039 5.22861e-05 -1.24998
1.04 5.2622e-05 -1.24998
1.041 5.26925e-05 -1.24998
1.042 5.29855e-05 -1.24998
1.043 5.30436e-05 -1.24998
1.044 5.3332e-05 -1.24998
1.045 5.33639e-05 -1.24998
1.046 5.3639e-05 -1.24998
1.047 5.36655e-05 -1.24998
1.048 5.39311e-05 -1.24998
1.049 5.39339e-05 -1.24998
1.05 5.4196e-05 -1.24998
1.051 5.41765e-05 -1.24998
1.052 5.44267e-05 -1.24998
1.053 5.43989e-05 -1.24999
1.054 5.4627e-05 -1.24999
1.055 5.45829e-05 -1.24999
1.056 5.48057e-05 -1.24999
1.057 5.47441e-05 -1.24999
1.058 5.49411e-05 -1.24999
1.059 5.4877e-05 -1.24999
1.06 5.50538e-05 -1.24999
1.061 5.49674e-05 -1.24999
1.062 5.51334e-05 -1.24999
1.063 5.50135e-05 -1.24999
1.064 5.51598e-05 -1.24999
1.065 5.50425e-05 -1.24999
1.066 5.51889e-05 -1.24999
1.067 5.50456e-05 -1.24999
1.068 5.5191e-05 -1.24999
1.069 5.50299e-05 -1.24999
1.07 5.51552e-05 -1.24999
1.071 5.49947e-05 -1.24999
1.072 5.50816e-05 -1.24999
1.073 5.4931e-05 -1.25
1.074 5.49817e-05 -1.25
1.075 5.48448e-05 -1.25
1.076 5.48539e-05 -1.25
1.077 5.47549e-05 -1.25
1.078 5.47009e-05 -1.25
1.079 5.46589e-05 -1.25
1.08 5.45575e-05 -1.25
1.081 5.4559e-05 -1.25
1.082 5.45048e-05 -1.25
1.083 5.45936e-05 -1.25
1.084 5.46518e-05 -1.25
1.085 5.47198e-05 -1.25
1.086 5.48068e-05 -1.25
1.087 5.48661e-05 -1.25
1.088 5.49286e-05 -1.25
1.089 5.49848e-05 -1.25
1.09 5.50216e-05 -1.25
1.091 5.50867e-05 -1.24999
1.092 5.50813e-05 -1.24999
1.093 5.5172e-05 -1.24999
1.094 5.50947e-05 -1.24999
1.095 5.5251e-05 -1.24999
1.096 5.50873e-05 -1.24999
1.097 5.52848e-05 -1.24999
1.098 5.50508e-05 -1.24999
1.099 5.52999e-05 -1.24999
1.1 5.49865e-05 -1.24999
1.101 5.53113e-05 -1.24999
1.102 5.48505e-05 -1.24999
1.103 5.53416e-05 -1.24999
1.104 5.46798e-05 -1.24999
1.105 5.53313e-05 -1.24999
1.106 5.44996e-05 -1.24999
1.107 5.52875e-05 -1.24999
1.108 5.42992e-05 -1.24999
1.109 5.52192e-05 -1.24999
1.11 5.40688e-05 -1.24999
1.111 5.5125e-05 -1.24998
1.112 5.3848e-05 -1.24998
1.113 5.50354e-05 -1.24998
1.114 5.34689e-05 -1.24998
1.115 5.4975e-05 -1.24998
1.116 5.31829e-05 -1.24998
1.117 5.48779e-05 -1.24998
1.118 5.28067e-05 -1.24998
1.119 5.48172e-05 -1.24998
1.12 5.24108e-05 -1.24998
1.121 5.47349e-05 -1.24998
1.122 5.20114e-05 -1.24998
1.123 5.20406e-05 -1.24998
1.124 5.20995e-05 -1.24998
1.125 5.20045e-05 -1.24998
1.126 5.18155e-05 -1.24998
1.127 5.15625e-05 -1.24998
1.128 5.1422e-05 -1.24998
1.129 5.11175e-05 -1.24998
1.13 5.0966e-05 -1.24998
1.131 5.06456e-05 -1.24998
1.132 5.05175e-05 -1.24998
1.133 5.01914e-05 -1.24997
1.134 5.00276e-05 -1.24997
1.135 4.96832e-05 -1.24997
1.136 4.95244e-05 -1.24997
1.137 4.9166e-05 -1.24997
1.138 4.89923e-05 -1.24997
1.139 4.86086e-05 -1.24997
1.14 4.84294e-05 -1.24997
1.141 4.80205e-05 -1.24997
1.142 4.78434e-05 -1.24997
1.143 4.7413e-05 -1.24997
1.144 4.72372e-05 -1.24997
1.145 4.67848e-05 -1.24997
1.146 4.66133e-05 -1.24997
1.147 4.61358e-05 -1.24997
1.148 4.5972e-05 -1.24997
1.149 4.54665e-05 -1.24997
1.15 4.5313e-05 -1.24997
1.151 4.47819e-05 -1.24997
1.152 4.46347e-05 -1.24997
1.153 4.40794e-05 -1.24997
1.154 4.3939e-05 -1.24996
1.155 4.33103e-05 -1.24996
1.156 4.30354e-05 -1.24996
1.157 4.26448e-05 -1.24996
1.158 4.23486e-05 -1.24996
1.159 4.19199e-05 -1.24996
1.16 4.16227e-05 -1.24996
1.161 4.11943e-05 -1.24996
1.162 4.08371e-05 -1.24996
1.163 4.03807e-05 -1.24996
1.164 4.01024e-05 -1.24996
1.165 3.9653e-05 -1.24996
1.166 3.93023e-05 -1.24996
1.167 3.88646e-05 -1.24996
1.168 3.84838e-05 -1.24996
1.169 3.80144e-05 -1.24996
1.17 3.76866e-05 -1.24996
1.171 3.723e-05 -1.24996
1.172 3.68554e-05 -1.24996
1.173 3.64128e-05 -1.24996
1.174 3.60358e-05 -1.24996
1.175 3.55876e-05 -1.24996
1.176 3.5207e-05 -1.24996
1.177 3.47542e-05 -1.24996
1.178 3.43718e-05 -1.24996
1.179 3.39147e-05 -1.24996
1.18 3.35319e-05 -1.24995
1.181 3.30702e-05 -1.24995
1.182 3.26876e-05 -1.24995
1.183 3.22219e-05 -1.24995
1.184 3.18398e-05 -1.24995
1.185 3.13704e-05 -1.24995
1.186 3.09896e-05 -1.24995
1.187 3.05171e-05 -1.24995
1.188 3.01376e-05 -1.24995
1.189 2.96623e-05 -1.24995
1.19 2.92853e-05 -1.24995
1.191 2.8807e-05 -1.24995
1.192 2.84328e-05 -1.24995
1.193 2.79522e-05 -1.24995
1.194 2.75812e-05 -1.24995
1.195 2.70987e-05 -1.24995
1.196 2.67315e-05 -1.24995
1.197 2.62484e-05 -1.24995
1.198 2.58834e-05 -1.24995
1.199 2.53978e-05 -1.24995
1.2 2.50314e-05 -1.24995
1.201 2.4552e-05 -1.24995
1.202 2.41846e-05 -1.24995
1.203 2.37056e-05 -1.24995
1.204 2.33449e-05 -1.24995
1.205 2.28803e-05 -1.24995
1.206 2.25161e-05 -1.24995
1.207 2.20557e-05 -1.24995
1.208 2.16926e-05 -1.24995
1.209 2.12311e-05 -1.24995
1.21 2.08703e-05 -1.24994
1.211 2.04248e-05 -1.24994
1.212 2.00667e-05 -1.24994
1.213 1.96173e-05 -1.24994
1.214 1.92612e-05 -1.24994
1.215 1.88319e-05 -1.24994
1.216 1.84788e-05 -1.24994
1.217 1.80557e-05 -1.24994
1.218 1.77192e-05 -1.24994
1.219 1.72926e-05 -1.24994
1.22 1.69855e-05 -1.24994
1.221 1.65936e-05 -1.24994
1.222 1.61794e-05 -1.24994
1.223 1.57815e-05 -1.24994
1.224 1.54869e-05 -1.24994
1.225 1.49621e-05 -1.24994
1.226 1.47317e-05 -1.24994
1.227 1.43286e-05 -1.24994
1.228 1.39296e-05 -1.24994
1.229 1.36482e-05 -1.24994
1.23 1.32676e-05 -1.24994
1.231 1.30096e-05 -1.24994
1.232 1.26312e-05 -1.24994
1.233 1.23444e-05 -1.24994
1.234 1.19416e-05 -1.24994
1.235 1.16493e-05 -1.24994
1.236 1.13126e-05 -1.24994
1.237 1.09111e-05 -1.24994
1.238 1.06797e-05 -1.24994
1.239 1.03438e-05 -1.24994
1.24 1.00688e-05 -1.24994
1.241 9.7208e-06 -1.24994
1.242 9.46962e-06 -1.24994
1.243 9.1939e-06 -1.24994
1.244 8.84411e-06 -1.24994
1.245 8.60716e-06 -1.24993
1.246 8.2885e-06 -1.24993
1.247 8.04023e-06 -1.24993
1.248 7.7363e-06 -1.24993
1.249 7.50848e-06 -1.24993
1.25 7.21629e-06 -1.24993
1.251 6.99238e-06 -1.24993
1.252 6.73128e-06 -1.24993
1.253 6.4971e-06 -1.24993
1.254 6.22803e-06 -1.24993
1.255 5.99944e-06 -1.24992
1.256 5.74503e-06 -1.24992
1.257 5.53245e-06 -1.24992
1.258 5.27787e-06 -1.24992
1.259 5.02064e-06 -1.24992
1.26 4.86097e-06 -1.24992
1.261 4.63399e-06 -1.24992
1.262 4.41446e-06 -1.24992
1.263 4.22169e-06 -1.24992
1.264 4.00844e-06 -1.24992
1.265 3.81628e-06 -1.24992
1.266 3.63882e-06 -1.24992
1.267 3.42581e-06 -1.24992
1.268 3.26457e-06 -1.24992
1.269 3.08086e-06 -1.24992
1.27 2.91935e-06 -1.24992
1.271 2.76015e-06 -1.24992
1.272 2.60637e-06 -1.24992
1.273 2.44494e-06 -1.24992
1.274 2.29805e-06 -1.24992
1.275 2.16405e-06 -1.24992
1.276 2.00909e-06 -1.24992
1.277 1.91066e-06 -1.24992
1.278 1.74923e-06 -1.24992
1.279 1.65615e-06 -1.24992
1.28 1.54277e-06 -1.24992
1.281 1.40777e-06 -1.24992
1.282 1.35567e-06 -1.24992
1.283 1.23596e-06 -1.24992
1.284 1.15107e-06 -1.24992
1.285 1.07232e-06 -1.24992
1.286 9.96743e-07 -1.24992
1.287 9.30653e-07 -1.24992
1.288 8.4244e-07 -1.24992
1.289 8.27098e-07 -1.24992
1.29 7.45757e-07 -1.24992
1.291 7.14391e-07 -1.24992
1.292 6.63424e-07 -1.24992
1.293 6.46626e-07 -1.24992
1.294 6.14938e-07 -1.24992
1.295 6.05913e-07 -1.24992
1.296 6.14525e-07 -1.24991
1.297 6.3172e-07 -1.24991
1.298 7.7318e-07 -1.24991
1.299 8.59786e-07 -1.24991
1.3 1.44997e-06 -1.24991
1.301 7.46352e-07 -1.24992
1.302 8.6975e-07 -1.24992
1.303 1.21996e-06 -1.24992
1.304 9.40336e-07 -1.24992
1.305 8.90235e-07 -1.24992
1.306 7.27216e-07 -1.24992
1.307 9.27401e-07 -1.24992
1.308 8.5063e-07 -1.24992
1.309 1.16186e-06 -1.24992
1.31 1.03479e-06 -1.24992
1.311 1.63493e-06 -1.24992
1.312 1.55604e-06 -1.24992
1.313 1.40423e-06 -1.24992
1.314 1.27502e-06 -1.24992
1.315 1.4519e-06 -1.24992
1.316 1.59749e-06 -1.24992
1.317 1.43627e-06 -1.24992
1.318 2.32896e-06 -1.24992
1.319 2.73137e-06 -1.24992
1.32 2.60189e-06 -1.24992
1.321 1.91278e-06 -1.24992
1.322 3.75151e-06 -1.24992
1.323 2.13026e-06 -1.24992
1.324 3.47631e-06 -1.24992
1.325 2.46673e-06 -1.24992
1.326 3.593e-06 -1.24992
1.327 4.03707e-06 -1.24992
1.328 3.49628e-06 -1.24993
1.329 3.33831e-06 -1.24993
1.33 3.63461e-06 -1.24993
1.331 4.00506e-06 -1.24993
1.332 3.55255e-06 -1.24993
1.333 5.24029e-06 -1.24993
1.334 3.86694e-06 -1.24993
1.335 4.03184e-06 -1.24993
1.336 4.8384e-06 -1.24993
1.337 4.54689e-06 -1.24993
1.338 5.75869e-06 -1.24993
1.339 5.72735e-06 -1.24993
1.34 5.52682e-06 -1.24993
1.341 5.56396e-06 -1.24993
1.342 6.11721e-06 -1.24993
1.343 6.1741e-06 -1.24993
1.344 6.57138e-06 -1.24993
1.345 6.56926e-06 -1.24993
1.346 7.29158e-06 -1.24993
1.347 6.81197e-06 -1.24993
1.348 8.27109e-06 -1.24993
1.349 7.14853e-06 -1.24993
1.35 7.52279e-06 -1.24993
1.351 8.59025e-06 -1.24993
1.352 8.21213e-06 -1.24993
1.353 9.57847e-06 -1.24993
1.354 8.56559e-06 -1.24993
1.355 1.056e-05 -1.24993
1.356 1.04945e-05 -1.24993
1.357 1.00151e-05 -1.24993
1.358 1.0841e-05 -1.24994
1.359 1.03169e-05 -1.24994
1.36 1.1969e-05 -1.24994
1.361 1.22656e-05 -1.24994
1.362 1.10263e-05 -1.24994
1.363 1.36418e-05 -1.24994
1.364 1.08293e-05 -1.24994
1.365 1.17433e-05 -1.24994
1.366 1.27344e-05 -1.24994
1.367 1.2818e-05 -1.24994
1.368 1.41455e-05 -1.24994
1.369 1.32062e-05 -1.24994
1.37 1.53177e-05 -1.24994
1.371 1.56527e-05 -1.24994
1.372 1.45765e-05 -1.24994
1.373 1.63428e-05 -1.24994
1.374 1.63395e-05 -1.24994
1.375 1.5749e-05 -1.24994
1.376 1.69505e-05 -1.24994
1.377 1.61292e-05 -1.24995
1.378 1.63036e-05 -1.24995
1.379 1.72635e-05 -1.24995
1.38 1.7453e-05 -1.24995
1.381 1.84223e-05 -1.24995
1.382 1.817e-05 -1.24995
1.383 1.94217e-05 -1.24995
1.384 1.88668e-05 -1.24995
1.385 2.06619e-05 -1.24995
1.386 2.08622e-05 -1.24995
1.387 2.01985e-05 -1.24995
1.388 2.15469e-05 -1.24995
1.389 2.04572e-05 -1.24995
1.39 2.1196e-05 -1.24995
1.391 2.20625e-05 -1.24995
1.392 2.23486e-05 -1.24995
1.393 2.29518e-05 -1.24995
1.394 2.33241e-05 -1.24995
1.395 2.35571e-05 -1.24995
1.396 2.42099e-05 -1.24995
1.397 2.44791e-05 -1.24995
1.398 2.51491e-05 -1.24995
1.399 2.53139e-05 -1.24995
1.4 2.61733e-05 -1.24995
1.401 2.6085e-05 -1.24995
1.402 2.66101e-05 -1.24995
1.403 2.70485e-05 -1.24995
1.404 2.76078e-05 -1.24995
1.405 2.7911e-05 -1.24995
1.406 2.84299e-05 -1.24995
1.407 2.8672e-05 -1.24995
1.408 2.92463e-05 -1.24995
1.409 2.96126e-05 -1.24995
1.41 3.01082e-05 -1.24995
1.411 3.04386e-05 -1.24996
1.412 3.09815e-05 -1.24995
1.413 3.12849e-05 -1.24996
1.414 3.18615e-05 -1.24996
1.415 3.21231e-05 -1.24996
1.416 3.27425e-05 -1.24996
1.417 3.2954e-05 -1.24996
1.418 3.36013e-05 -1.24996
1.419 3.37633e-05 -1.24996
1.42 3.43885e-05 -1.24996
1.421 3.45254e-05 -1.24996
1.422 3.52172e-05 -1.24996
1.423 3.51302e-05 -1.24996
1.424 3.6227e-05 -1.24996
1.425 3.592e-05 -1.24996
1.426 3.72038e-05 -1.24996
1.427 3.65843e-05 -1.24996
1.428 3.82176e-05 -1.24996
1.429 3.7241e-05 -1.24996
1.43 3.92183e-05 -1.24996
1.431 3.77988e-05 -1.24996
1.432 4.03232e-05 -1.24996
1.433 3.83553e-05 -1.24996
1.434 4.15511e-05 -1.24996
1.435 3.88233e-05 -1.24996
1.436 4.29418e-05 -1.24997
1.437 4.19691e-05 -1.24997
1.438 4.13306e-05 -1.24997
1.439 4.19135e-05 -1.24997
1.44 4.1727e-05 -1.24997
1.441 4.26603e-05 -1.24997
1.442 4.23333e-05 -1.24997
1.443 4.34556e-05 -1.24997
1.444 4.29813e-05 -1.24997
1.445 4.42979e-05 -1.24997
1.446 4.35956e-05 -1.24997
1.447 4.51596e-05 -1.24997
1.448 4.40861e-05 -1.24997
1.449 4.60035e-05 -1.24997
1.45 4.57895e-05 -1.24997
1.451 4.56666e-05 -1.24997
1.452 4.61241e-05 -1.24997
1.453 4.61304e-05 -1.24997
1.454 4.67892e-05 -1.24997
1.455 4.66792e-05 -1.24997
1.456 4.73488e-05 -1.24997
1.457 4.71669e-05 -1.24997
1.458 4.79756e-05 -1.24997
1.459 4.76435e-05 -1.24997
1.46 4.86031e-05 -1.24997
1.461 4.80714e-05 -1.24998
1.462 4.92375e-05 -1.24998
1.463 4.84661e-05 -1.24998
1.464 4.99276e-05 -1.24998
1.465 4.88714e-05 -1.24998
1.466 5.05962e-05 -1.24998
1.467 4.92551e-05 -1.24998
1.468 5.13785e-05 -1.24998
1.469 4.95944e-05 -1.24998
1.47 5.23109e-05 -1.24998
1.471 5.14488e-05 -1.24998
1.472 5.09432e-05 -1.24998
1.473 5.13251e-05 -1.24998
1.474 5.10833e-05 -1.24998
1.475 5.1687e-05 -1.24998
1.476 5.13257e-05 -1.24998
1.477 5.21271e-05 -1.24998
1.478 5.15768e-05 -1.24998
1.479 5.25295e-05 -1.24998
1.48 5.18423e-05 -1.24998
1.481 5.29233e-05 -1.24998
1.482 5.20924e-05 -1.24998
1.483 5.34151e-05 -1.24999
1.484 5.23078e-05 -1.24999
1.485 5.39504e-05 -1.24999
1.486 5.26063e-05 -1.24999
1.487 5.4804e-05 -1.24999
1.488 5.295e-05 -1.24999
1.489 5.24245e-05 -1.24999
1.49 5.33185e-05 -1.24999
1.491 5.29407e-05 -1.24999
1.492 5.34129e-05 -1.24999
1.493 5.31185e-05 -1.24999
1.494 5.34785e-05 -1.24999
1.495 5.323e-05 -1.24999
1.496 5.35381e-05 -1.24999
1.497 5.3267e-05 -1.24999
1.498 5.3578e-05 -1.24999
1.499 5.32862e-05 -1.24999
1.5 5.36421e-05 -1.24999
1.501 5.32763e-05 -1.24999
1.502 5.37013e-05 -1.24999
1.503 5.33185e-05 -1.25
1.504 5.38322e-05 -1.25
1.505 5.34457e-05 -1.25
1.506 5.41121e-05 -1.25
1.507 5.33384e-05 -1.25
1.508 5.30719e-05 -1.25
1.509 5.30044e-05 -1.25
1.51 5.29056e-05 -1.25
1.511 5.28604e-05 -1.25
1.512 5.27588e-05 -1.25
1.513 5.28362e-05 -1.25
1.514 5.2759e-05 -1.25
1.515 5.28571e-05 -1.25
1.516 5.29109e-05 -1.25
1.517 5.30635e-05 -1.25
1.518 5.32199e-05 -1.25
1.519 5.33637e-05 -1.25
1.52 5.36031e-05 -1.25
1.521 5.3809e-05 -1.25
1.522 5.30646e-05 -1.25
1.523 5.35634e-05 -1.25
1.524 5.30216e-05 -1.25
1.525 5.34945e-05 -1.24999
1.526 5.31625e-05 -1.24999
1.527 5.3542e-05 -1.24999
1.528 5.31747e-05 -1.24999
1.529 5.36352e-05 -1.24999
1.53 5.30824e-05 -1.24999
1.531 5.38456e-05 -1.24999
1.532 5.29533e-05 -1.24999
1.533 5.41073e-05 -1.24999
1.534 5.27864e-05 -1.24999
1.535 5.46018e-05 -1.24999
1.536 5.27494e-05 -1.24999
1.537 5.24544e-05 -1.24999
1.538 5.30779e-05 -1.24999
1.539 5.25844e-05 -1.24999
1.54 5.30201e-05 -1.24999
1.541 5.24235e-05 -1.24999
1.542 5.29345e-05 -1.24999
1.543 5.21699e-05 -1.24999
1.544 5.28831e-05 -1.24999
1.545 5.18205e-05 -1.24999
1.546 5.29183e-05 -1.24999
1.547 5.13986e-05 -1.24999
1.548 5.30764e-05 -1.24998
1.549 5.0945e-05 -1.24998
1.55 5.0973e-05 -1.24998
1.551 5.14501e-05 -1.24998
1.552 5.09982e-05 -1.24998
1.553 5.12753e-05 -1.24998
1.554 5.06407e-05 -1.24998
1.555 5.10597e-05 -1.24998
1.556 5.0173e-05 -1.24998
1.557 5.08492e-05 -1.24998
1.558 4.9621e-05 -1.24998
1.559 5.07007e-05 -1.24998
1.56 4.90998e-05 -1.24998
1.561 5.06505e-05 -1.24998
1.562 4.84821e-05 -1.24998
1.563 5.06408e-05 -1.24998
1.564 4.77757e-05 -1.24998
1.565 4.77194e-05 -1.24998
1.566 4.83859e-05 -1.24998
1.567 4.76875e-05 -1.24998
1.568 4.81684e-05 -1.24998
1.569 4.70636e-05 -1.24998
1.57 4.78772e-05 -1.24998
1.571 4.63542e-05 -1.24997
1.572 4.76876e-05 -1.24997
1.573 4.55548e-05 -1.24997
1.574 4.76189e-05 -1.24997
1.575 4.47065e-05 -1.24997
1.576 4.77821e-05 -1.24997
1.577 4.63178e-05 -1.24997
1.578 4.47147e-05 -1.24997
1.579 4.42998e-05 -1.24997
1.58 4.43297e-05 -1.24997
1.581 4.37082e-05 -1.24997
1.582 4.37991e-05 -1.24997
1.583 4.29734e-05 -1.24997
1.584 4.32936e-05 -1.24997
1.585 4.23605e-05 -1.24997
1.586 4.27936e-05 -1.24997
1.587 4.15877e-05 -1.24997
1.588 4.22613e-05 -1.24997
1.589 4.07834e-05 -1.24997
1.59 4.17532e-05 -1.24996
1.591 3.99164e-05 -1.24996
1.592 4.12709e-05 -1.24996
1.593 3.88742e-05 -1.24996
1.594 4.1026e-05 -1.24996
1.595 3.78953e-05 -1.24996
1.596 4.0922e-05 -1.24996
1.597 3.68918e-05 -1.24996
1.598 3.7079e-05 -1.24996
1.599 3.75092e-05 -1.24996
1.6 3.67751e-05 -1.24996
1.601 3.72352e-05 -1.24996
1.602 3.60569e-05 -1.24996
1.603 3.6598e-05 -1.24996
1.604 3.52032e-05 -1.24996
1.605 3.59286e-05 -1.24996
1.606 3.53614e-05 -1.24996
1.607 3.42751e-05 -1.24996
1.608 3.44121e-05 -1.24996
1.609 3.30345e-05 -1.24996
1.61 3.38828e-05 -1.24996
1.611 3.20636e-05 -1.24996
1.612 3.366e-05 -1.24996
1.613 3.06589e-05 -1.24996
1.614 3.05511e-05 -1.24996
1.615 3.13299e-05 -1.24996
1.616 3.00038e-05 -1.24996
1.617 3.10852e-05 -1.24996
1.618 2.89612e-05 -1.24996
1.619 3.10994e-05 -1.24996
1.62 2.76357e-05 -1.24995
1.621 2.75371e-05 -1.24995
1.622 2.86428e-05 -1.24995
1.623 2.68671e-05 -1.24995
1.624 2.88504e-05 -1.24996
1.625 2.79818e-05 -1.24995
1.626 2.63099e-05 -1.24996
1.627 2.66794e-05 -1.24995
1.628 2.50834e-05 -1.24995
1.629 2.61734e-05 -1.24995
1.63 2.40374e-05 -1.24995
1.631 2.40305e-05 -1.24995
1.632 2.41837e-05 -1.24995
1.633 2.39996e-05 -1.24995
1.634 2.32955e-05 -1.24995
1.635 2.29035e-05 -1.24995
1.636 2.25859e-05 -1.24995
1.637 2.21388e-05 -1.24995
1.638 2.17626e-05 -1.24995
1.639 2.13363e-05 -1.24995
1.64 2.09621e-05 -1.24995
1.641 2.05432e-05 -1.24995
1.642 2.01283e-05 -1.24995
1.643 1.96807e-05 -1.24995
1.644 1.93897e-05 -1.24995
1.645 1.88045e-05 -1.24995
1.646 1.87347e-05 -1.24995
1.647 1.79875e-05 -1.24995
1.648 1.79856e-05 -1.24995
1.649 1.73238e-05 -1.24995
1.65 1.73289e-05 -1.24994
1.651 1.66154e-05 -1.24994
1.652 1.66263e-05 -1.24994
1.653 1.58838e-05 -1.24994
1.654 1.59273e-05 -1.24994
1.655 1.52025e-05 -1.24994
1.656 1.52135e-05 -1.24994
1.657 1.47053e-05 -1.24994
1.658 1.42862e-05 -1.24994
1.659 1.396e-05 -1.24994
1.66 1.35475e-05 -1.24994
1.661 1.33062e-05 -1.24994
1.662 1.29199e-05 -1.24994
1.663 1.26413e-05 -1.24994
1.664 1.22614e-05 -1.24994
1.665 1.19841e-05 -1.24994
1.666 1.1615e-05 -1.24994
1.667 1.1357e-05 -1.24994
1.668 1.09858e-05 -1.24994
1.669 1.07182e-05 -1.24994
1.67 1.03583e-05 -1.24994
1.671 1.01283e-05 -1.24994
1.672 9.76493e-06 -1.24994
1.673 9.53681e-06 -1.24993
1.674 9.18224e-06 -1.24993
1.675 8.9523e-06 -1.24993
1.676 8.61006e-06 -1.24993
1.677 8.36695e-06 -1.24993
1.678 8.08416e-06 -1.24994
1.679 7.77855e-06 -1.24994
1.68 7.4995e-06 -1.24993
1.681 7.23228e-06 -1.24993
1.682 7.01562e-06 -1.24993
1.683 6.73275e-06 -1.24993
1.684 6.51078e-06 -1.24993
1.685 6.24116e-06 -1.24993
1.686 6.04041e-06 -1.24993
1.687 5.78696e-06 -1.24993
1.688 5.56212e-06 -1.24993
1.689 5.3049e-06 -1.24993
1.69 5.11447e-06 -1.24993
1.691 4.90431e-06 -1.24993
1.692 4.646e-06 -1.24993
1.693 4.47374e-06 -1.24993
1.694 4.24436e-06 -1.24993
1.695 4.0716e-06 -1.24993
1.696 3.85566e-06 -1.24993
1.697 3.67525e-06 -1.24993
1.698 3.50872e-06 -1.24993
1.699 3.29005e-06 -1.24993
1.7 3.15817e-06 -1.24993
1.701 2.96131e-06 -1.24993
1.702 2.79108e-06 -1.24993
1.703 2.6669e-06 -1.24993
1.704 2.48444e-06 -1.24993
1.705 2.36078e-06 -1.24992
1.706 2.20688e-06 -1.24992
1.707 2.07525e-06 -1.24992
1.708 1.92958e-06 -1.24992
1.709 1.81497e-06 -1.24992
1.71 1.65848e-06 -1.24992
1.711 1.57715e-06 -1.24993
1.712 1.46989e-06 -1.24993
1.713 1.3651e-06 -1.24992
1.714 1.26092e-06 -1.24992
1.715 1.17661e-06 -1.24992
1.716 1.07846e-06 -1.24992
1.717 9.96398e-07 -1.24992
1.718 9.24502e-07 -1.24992
1.719 8.52489e-07 -1.24992
1.72 7.95219e-07 -1.24992
1.721 7.30953e-07 -1.24992
1.722 6.83001e-07 -1.24992
1.723 6.36556e-07 -1.24992
1.724 5.96012e-07 -1.24992
1.725 5.60159e-07 -1.24992
1.726 5.33311e-07 -1.24992
1.727 5.09204e-07 -1.24992
1.728 4.91528e-07 -1.24992
1.729 4.79101e-07 -1.24992
1.73 4.7246e-07 -1.24992
1.731 4.70937e-07 -1.24992
1.732 4.78675e-07 -1.24992
1.733 4.91123e-07 -1.24992
1.734 5.05561e-07 -1.24992
1.735 5.26812e-07 -1.24992
1.736 5.55662e-07 -1.24992
1.737 5.92857e-07 -1.24992
1.738 6.34251e-07 -1.24992
1.739 6.70784e-07 -1.24992
1.74 7.37433e-07 -1.24992
1.741 7.79527e-07 -1.24992
1.742 8.60516e-07 -1.24992
1.743 9.12823e-07 -1.24992
1.744 1.00432e-06 -1.24992
1.745 1.07304e-06 -1.24992
1.746 1.17964e-06 -1.24992
1.747 1.28209e-06 -1.24992
1.748 1.34577e-06 -1.24992
1.749 1.511e-06 -1.24992
1.75 1.57561e-06 -1.24992
1.751 1.72514e-06 -1.24992
1.752 1.85237e-06 -1.24991
1.753 1.91954e-06 -1.24991
1.754 2.1691e-06 -1.24991
1.755 2.1891e-06 -1.24991
1.756 2.41982e-06 -1.24992
1.757 2.57724e-06 -1.24992
1.758 2.5406e-06 -1.24992
1.759 2.86058e-06 -1.24992
1.76 2.94674e-06 -1.24992
1.761 3.13042e-06 -1.24992
1.762 3.51026e-06 -1.24992
1.763 3.3634e-06 -1.24993
1.764 3.57477e-06 -1.24993
1.765 3.89788e-06 -1.24993
1.766 4.02791e-06 -1.24993
1.767 4.26406e-06 -1.24993
1.768 4.47897e-06 -1.24993
1.769 4.52347e-06 -1.24992
1.77 4.98143e-06 -1.24993
1.771 5.07536e-06 -1.24993
1.772 5.32003e-06 -1.24993
1.773 5.44489e-06 -1.24993
1.774 5.80346e-06 -1.24993
1.775 5.90349e-06 -1.24993
1.776 6.31298e-06 -1.24993
1.777 6.35169e-06 -1.24993
1.778 6.52788e-06 -1.24993
1.779 7.12563e-06 -1.24993
1.78 7.12992e-06 -1.24993
1.781 7.51837e-06 -1.24993
1.782 7.71397e-06 -1.24993
1.783 7.88278e-06 -1.24993
1.784 8.52938e-06 -1.24993
1.785 8.3855e-06 -1.24993
1.786 9.0858e-06 -1.24993
1.787 8.96522e-06 -1.24993
1.788 9.57665e-06 -1.24993
1.789 9.56945e-06 -1.24993
1.79 1.0299e-05 -1.24993
1.791 1.00595e-05 -1.24993
1.792 1.11812e-05 -1.24994
1.793 1.11143e-05 -1.24994
1.794 1.11613e-05 -1.24994
1.795 1.17523e-05 -1.24994
1.796 1.14676e-05 -1.24994
1.797 1.15966e-05 -1.24994
1.798 1.28467e-05 -1.24994
1.799 1.22615e-05 -1.24994
1.8 1.43038e-05 -1.24994
1.801 1.45712e-05 -1.24994
1.802 1.32825e-05 -1.24994
1.803 1.58306e-05 -1.24994
1.804 1.61037e-05 -1.24994
1.805 1.43595e-05 -1.24994
1.806 1.38502e-05 -1.24994
1.807 1.65459e-05 -1.24995
1.808 1.43567e-05 -1.24994
1.809 1.46128e-05 -1.24995
1.81 1.72116e-05 -1.24995
1.811 1.81771e-05 -1.24995
1.812 1.61126e-05 -1.24995
1.813 1.81893e-05 -1.24995
1.814 1.69469e-05 -1.24995
1.815 1.77512e-05 -1.24995
1.816 1.85883e-05 -1.24995
1.817 1.91459e-05 -1.24995
1.818 1.92383e-05 -1.24995
1.819 2.0024e-05 -1.24995
1.82 2.01832e-05 -1.24995
1.821 2.08745e-05 -1.24995
1.822 2.1224e-05 -1.24995
1.823 2.14084e-05 -1.24995
1.824 2.19393e-05 -1.24995
1.825 2.22671e-05 -1.24995
1.826 2.26579e-05 -1.24995
1.827 2.30684e-05 -1.24995
1.828 2.3366e-05 -1.24995
1.829 2.40424e-05 -1.24995
1.83 2.41326e-05 -1.24995
1.831 2.48588e-05 -1.24995
1.832 2.49828e-05 -1.24995
1.833 2.55619e-05 -1.24995
1.834 2.58369e-05 -1.24995
1.835 2.62379e-05 -1.24995
1.836 2.65984e-05 -1.24995
1.837 2.70871e-05 -1.24995
1.838 2.75702e-05 -1.24995
1.839 2.79559e-05 -1.24995
1.84 2.84324e-05 -1.24995
1.841 2.8785e-05 -1.24995
1.842 2.93485e-05