t ke gpe 
0 0 24.9983
0.00018146 1.96374e-10 24.9983
0.000672387 1.0783e-09 24.9983
0.00129423 1.85212e-09 24.9983
0.00201971 4.47152e-09 24.9983
0.00281774 8.57183e-09 24.9983
0.00371552 1.47318e-08 24.9983
0.00476293 2.41345e-08 24.9983
0.00581035 3.58226e-08 24.9983
0.00685776 4.97843e-08 24.9983
0.00790517 6.60003e-08 24.9983
0.00895259 8.44762e-08 24.9983
0.01 1.05196e-07 24.9983
0.0114286 1.37004e-07 24.9983
0.0128571 1.73073e-07 24.9983
0.0142857 2.13017e-07 24.9983
0.0157143 2.57559e-07 24.9983
0.0171429 3.04939e-07 24.9983
0.0185714 3.58228e-07 24.9983
0.02 4.13498e-07 24.9983
0.0216667 4.83434e-07 24.9983
0.0233333 5.58376e-07 24.9983
0.025 6.38717e-07 24.9983
0.0266667 7.23858e-07 24.9983
0.0283333 8.14136e-07 24.9983
0.03 9.08715e-07 24.9983
0.0316667 1.00842e-06 24.9983
0.0333333 1.11251e-06 24.9983
0.035 1.22146e-06 24.9983
0.0366667 1.34171e-06 24.9983
0.0383333 1.45893e-06 24.9983
0.04 1.58037e-06 24.9983
0.0416667 1.70712e-06 24.9983
0.0433333 1.83489e-06 24.9983
0.045 1.9697e-06 24.9983
0.0466667 2.10573e-06 24.9983
0.0483333 2.24623e-06 24.9983
0.05 2.39223e-06 24.9983
0.0516667 2.53858e-06 24.9983
0.0533333 2.68954e-06 24.9983
0.055 2.84162e-06 24.9983
0.0566667 2.99873e-06 24.9983
0.0583333 3.15447e-06 24.9983
0.06 3.31494e-06 24.9983
0.0616667 3.47847e-06 24.9983
0.0633333 3.64811e-06 24.9983
0.065 3.81341e-06 24.9983
0.0666667 3.98141e-06 24.9983
0.0683333 4.15053e-06 24.9983
0.07 4.32045e-06 24.9983
0.0716667 4.49637e-06 24.9983
0.0733333 4.67081e-06 24.9983
0.075 4.8501e-06 24.9983
0.0766667 5.02861e-06 24.9983
0.0783333 5.20706e-06 24.9983
0.08 5.38612e-06 24.9983
0.0816667 5.56913e-06 24.9983
0.0833333 5.74523e-06 24.9983
0.085 5.92681e-06 24.9983
0.0866667 6.1155e-06 24.9983
0.0883333 6.30439e-06 24.9983
0.09 6.47999e-06 24.9982
0.0916667 6.66054e-06 24.9982
0.0933333 6.84464e-06 24.9982
0.095 7.03041e-06 24.9982
0.0966667 7.20983e-06 24.9982
0.0983333 7.38733e-06 24.9982
0.1 7.56778e-06 24.9982
0.101667 7.74691e-06 24.9982
0.103333 7.92572e-06 24.9982
0.105 8.10635e-06 24.9982
0.106667 8.28158e-06 24.9982
0.108333 8.45706e-06 24.9982
0.11 8.63402e-06 24.9982
0.111667 8.80528e-06 24.9982
0.113333 8.97862e-06 24.9982
0.115 9.15037e-06 24.9982
0.116667 9.32237e-06 24.9982
0.118333 9.49156e-06 24.9981
0.12 9.65803e-06 24.9981
0.121667 9.82642e-06 24.9981
0.123333 9.98983e-06 24.9981
0.125 1.01558e-05 24.9982
0.126667 1.03193e-05 24.9982
0.128333 1.04801e-05 24.9982
0.13 1.06402e-05 24.9982
0.131667 1.07993e-05 24.9982
0.133333 1.09564e-05 24.9982
0.135 1.11114e-05 24.9982
0.136667 1.12581e-05 24.9982
0.138333 1.14092e-05 24.9982
0.14 1.15601e-05 24.9982
0.141667 1.17089e-05 24.9981
0.143333 1.18573e-05 24.9981
0.145 1.20049e-05 24.9982
0.146667 1.21564e-05 24.9982
0.148333 1.23047e-05 24.9982
0.15 1.24502e-05 24.9982
0.151667 1.2583e-05 24.9982
0.153333 1.27236e-05 24.9982
0.155 1.28665e-05 24.9982
0.156667 1.30032e-05 24.9982
0.158333 1.31438e-05 24.9982
0.16 1.32803e-05 24.9981
0.161667 1.3417e-05 24.9981
0.163333 1.35515e-05 24.9981
0.165 1.36871e-05 24.9981
0.166667 1.38237e-05 24.9981
0.168333 1.39645e-05 24.9981
0.17 1.40951e-05 24.9981
0.171667 1.42248e-05 24.9981
0.173333 1.43619e-05 24.9981
0.175 1.45009e-05 24.9981
0.176667 1.46331e-05 24.9981
0.178333 1.47605e-05 24.9981
0.18 1.4905e-05 24.9981
0.181667 1.50419e-05 24.9981
0.183333 1.51687e-05 24.9981
0.185 1.5312e-05 24.9981
0.186667 1.54517e-05 24.998
0.188333 1.55937e-05 24.998
0.19 1.57409e-05 24.998
0.191667 1.58728e-05 24.998
0.193333 1.60189e-05 24.998
0.195 1.61646e-05 24.998
0.196667 1.63133e-05 24.998
0.198333 1.64609e-05 24.998
0.2 1.66092e-05 24.998
0.201667 1.67612e-05 24.998
0.203333 1.69124e-05 24.998
0.205 1.70666e-05 24.998
0.206667 1.72205e-05 24.998
0.208333 1.73826e-05 24.998
0.21 1.7546e-05 24.998
0.211667 1.77108e-05 24.998
0.213333 1.78765e-05 24.998
0.215 1.80475e-05 24.998
0.216667 1.82199e-05 24.998
0.218333 1.83945e-05 24.998
0.22 1.85796e-05 24.998
0.221667 1.87592e-05 24.998
0.223333 1.89485e-05 24.998
0.225 1.9138e-05 24.998
0.226667 1.93335e-05 24.9979
0.228333 1.95287e-05 24.9979
0.23 1.97294e-05 24.9979
0.231667 1.99351e-05 24.9979
0.233333 2.01433e-05 24.9979
0.235 2.03561e-05 24.9979
0.236667 2.05767e-05 24.9979
0.238333 2.07977e-05 24.9979
0.24 2.10365e-05 24.9979
0.241667 2.12564e-05 24.9979
0.243333 2.14898e-05 24.9979
0.245 2.1729e-05 24.9979
0.246667 2.19705e-05 24.9979
0.248333 2.22177e-05 24.9979
0.25 2.24695e-05 24.9979
0.251667 2.27317e-05 24.9979
0.253333 2.29636e-05 24.9978
0.255 2.32424e-05 24.9978
0.256667 2.35137e-05 24.9978
0.258333 2.37838e-05 24.9978
0.26 2.40662e-05 24.9978
0.261667 2.43478e-05 24.9978
0.263333 2.46377e-05 24.9978
0.265 2.4931e-05 24.9978
0.266667 2.52255e-05 24.9978
0.268333 2.55354e-05 24.9978
0.27 2.58425e-05 24.9978
0.271667 2.61592e-05 24.9978
0.273333 2.64732e-05 24.9978
0.275 2.67967e-05 24.9978
0.276667 2.71232e-05 24.9977
0.278333 2.74534e-05 24.9977
0.28 2.77924e-05 24.9977
0.281667 2.81311e-05 24.9977
0.283333 2.84769e-05 24.9977
0.285 2.88269e-05 24.9977
0.286667 2.91816e-05 24.9977
0.288333 2.95426e-05 24.9977
0.29 2.99027e-05 24.9977
0.291667 3.02809e-05 24.9977
0.293333 3.06609e-05 24.9977
0.295 3.10372e-05 24.9977
0.296667 3.14185e-05 24.9977
0.298333 3.18043e-05 24.9977
0.3 3.21975e-05 24.9977
0.301667 3.25927e-05 24.9976
0.303333 3.29909e-05 24.9976
0.305 3.33952e-05 24.9976
0.306667 3.38027e-05 24.9976
0.308333 3.42153e-05 24.9976
0.31 3.46302e-05 24.9976
0.311667 3.50487e-05 24.9976
0.313333 3.54702e-05 24.9976
0.315 3.5897e-05 24.9976
0.316667 3.633e-05 24.9976
0.318333 3.67647e-05 24.9976
0.32 3.72034e-05 24.9976
0.321667 3.76433e-05 24.9976
0.323333 3.80866e-05 24.9975
0.325 3.8534e-05 24.9975
0.326667 3.89842e-05 24.9975
0.328333 3.94409e-05 24.9975
0.33 3.98982e-05 24.9975
0.331667 4.03577e-05 24.9975
0.333333 4.08188e-05 24.9975
0.335 4.12851e-05 24.9975
0.336667 4.17611e-05 24.9975
0.338333 4.22248e-05 24.9975
0.34 4.27013e-05 24.9975
0.341667 4.31786e-05 24.9975
0.343333 4.36578e-05 24.9974
0.345 4.41395e-05 24.9974
0.346667 4.46242e-05 24.9974
0.348333 4.51128e-05 24.9974
0.35 4.5602e-05 24.9974
0.351667 4.6092e-05 24.9974
0.353333 4.65828e-05 24.9974
0.355 4.70753e-05 24.9974
0.356667 4.75735e-05 24.9974
0.358333 4.80755e-05 24.9974
0.36 4.85716e-05 24.9973
0.361667 4.90831e-05 24.9973
0.363333 4.96028e-05 24.9973
0.365 5.01212e-05 24.9973
0.366667 5.06489e-05 24.9973
0.368333 5.11343e-05 24.9973
0.37 5.16533e-05 24.9973
0.371667 5.21872e-05 24.9973
0.373333 5.27144e-05 24.9972
0.375 5.32356e-05 24.9972
0.376667 5.37623e-05 24.9972
0.378333 5.42926e-05 24.9972
0.38 5.4821e-05 24.9972
0.381667 5.53539e-05 24.9972
0.383333 5.58905e-05 24.9972
0.385 5.64275e-05 24.9971
0.386667 5.69714e-05 24.9971
0.388333 5.75065e-05 24.9971
0.39 5.80492e-05 24.9971
0.391667 5.85937e-05 24.9971
0.393333 5.91416e-05 24.9971
0.395 5.96931e-05 24.997
0.396667 6.02457e-05 24.997
0.398333 6.07979e-05 24.997
0.4 6.13565e-05 24.997
0.401667 6.19165e-05 24.997
0.403333 6.24794e-05 24.9969
0.405 6.3041e-05 24.9969
0.406667 6.36108e-05 24.9969
0.408333 6.41821e-05 24.9969
0.41 6.4762e-05 24.9969
0.411667 6.53307e-05 24.9969
0.413333 6.59163e-05 24.9969
0.415 6.64976e-05 24.9968
0.416667 6.7086e-05 24.9968
0.418333 6.76822e-05 24.9968
0.42 6.82721e-05 24.9968
0.421667 6.88828e-05 24.9967
0.423333 6.94735e-05 24.9967
0.425 7.00825e-05 24.9967
0.426667 7.06921e-05 24.9967
0.428333 7.13042e-05 24.9967
0.43 7.19388e-05 24.9967
0.431667 7.25245e-05 24.9966
0.433333 7.3174e-05 24.9966
0.435 7.3797e-05 24.9966
0.436667 7.44353e-05 24.9966
0.438333 7.50722e-05 24.9966
0.44 7.57183e-05 24.9966
0.441667 7.63714e-05 24.9965
0.443333 7.70259e-05 24.9965
0.445 7.76809e-05 24.9965
0.446667 7.83493e-05 24.9965
0.448333 7.90205e-05 24.9965
0.45 7.97046e-05 24.9964
0.451667 8.0394e-05 24.9964
0.453333 8.10803e-05 24.9964
0.455 8.17733e-05 24.9964
0.456667 8.24753e-05 24.9964
0.458333 8.31865e-05 24.9963
0.46 8.38986e-05 24.9963
0.461667 8.46169e-05 24.9963
0.463333 8.53475e-05 24.9963
0.465 8.60832e-05 24.9962
0.466667 8.68222e-05 24.9962
0.468333 8.7587e-05 24.9962
0.47 8.83508e-05 24.9962
0.471667 8.90955e-05 24.9962
0.473333 8.98793e-05 24.9961
0.475 9.06634e-05 24.9961
0.476667 9.14522e-05 24.9961
0.478333 9.22468e-05 24.9961
0.48 9.3055e-05 24.9961
0.481667 9.38653e-05 24.996
0.483333 9.46911e-05 24.996
0.485 9.55233e-05 24.996
0.486667 9.63693e-05 24.996
0.488333 9.72171e-05 24.9959
0.49 9.80777e-05 24.9959
0.491667 9.89444e-05 24.9959
0.493333 9.98234e-05 24.9959
0.495 0.000100709 24.9959
0.496667 0.000101608 24.9958
0.498333 0.000102514 24.9958
0.5 0.00010343 24.9958
0.501667 0.000104357 24.9958
0.503333 0.000105287 24.9957
0.505 0.000106242 24.9957
0.506667 0.00010719 24.9957
0.508333 0.000108151 24.9957
0.51 0.000109126 24.9956
0.511667 0.000110104 24.9956
0.513333 0.000111101 24.9956
0.515 0.000112107 24.9956
0.516667 0.000113125 24.9955
0.518333 0.000114137 24.9955
0.52 0.00011518 24.9955
0.521667 0.000116222 24.9955
0.523333 0.000117285 24.9954
0.525 0.000118351 24.9954
0.526667 0.000119429 24.9954
0.528333 0.000120526 24.9954
0.53 0.000121627 24.9953
0.531667 0.000122739 24.9953
0.533333 0.000123861 24.9953
0.535 0.000124995 24.9953
0.536667 0.00012614 24.9952
0.538333 0.000127296 24.9952
0.54 0.000128464 24.9952
0.541667 0.000129642 24.9952
0.543333 0.000130832 24.9951
0.545 0.000132033 24.9951
0.546667 0.000133244 24.9951
0.548333 0.000134468 24.995
0.55 0.000135692 24.995
0.551667 0.00013695 24.995
0.553333 0.000138204 24.995
0.555 0.000139472 24.9949
0.556667 0.000140751 24.9949
0.558333 0.00014204 24.9949
0.56 0.000143348 24.9948
0.561667 0.000144661 24.9948
0.563333 0.000145992 24.9948
0.565 0.000147329 24.9948
0.566667 0.000148675 24.9947
0.568333 0.00015003 24.9947
0.57 0.000151398 24.9947
0.571667 0.000152802 24.9946
0.573333 0.000154193 24.9946
0.575 0.000155598 24.9946
0.576667 0.000157012 24.9945
0.578333 0.000158437 24.9945
0.58 0.000159875 24.9945
0.581667 0.000161347 24.9945
0.583333 0.000162802 24.9944
0.585 0.000164272 24.9944
0.586667 0.000165769 24.9944
0.588333 0.000167242 24.9943
0.59 0.000168762 24.9943
0.591667 0.00017026 24.9942
0.593333 0.000171792 24.9942
0.595 0.00017333 24.9942
0.596667 0.000174878 24.9941
0.598333 0.000176439 24.9941
0.6 0.00017801 24.9941
0.601667 0.0001796 24.994
0.603333 0.000181199 24.994
0.605 0.000182794 24.994
0.606667 0.000184422 24.9939
0.608333 0.00018604 24.9939
0.61 0.000187684 24.9938
0.611667 0.000189332 24.9938
0.613333 0.000190996 24.9938
0.615 0.000192666 24.9937
0.616667 0.000194351 24.9937
0.618333 0.000196046 24.9936
0.62 0.000197752 24.9936
0.621667 0.00019947 24.9936
0.623333 0.000201199 24.9935
0.625 0.00020294 24.9935
0.626667 0.000204692 24.9934
0.628333 0.00020645 24.9934
0.63 0.000208246 24.9934
0.631667 0.000210013 24.9933
0.633333 0.000211812 24.9933
0.635 0.000213626 24.9932
0.636667 0.000215449 24.9931
0.638333 0.00021731 24.9931
0.64 0.000219137 24.993
0.641667 0.000221003 24.993
0.643333 0.000222868 24.9929
0.645 0.000224769 24.9928
0.646667 0.000226654 24.9928
0.648333 0.000228549 24.9928
0.65 0.000230507 24.9927
0.651667 0.000232519 24.9927
0.653333 0.000234522 24.9926
0.655 0.000236433 24.9925
0.656667 0.000238347 24.9925
0.658333 0.000240342 24.9925
0.66 0.00024238 24.9924
0.661667 0.000244284 24.9924
0.663333 0.000246422 24.9924
0.665 0.000248463 24.9923
0.666667 0.000250428 24.9922
0.668333 0.00025256 24.9922
0.67 0.000254818 24.9922
0.671667 0.000256883 24.9921
0.673333 0.000258911 24.9921
0.675 0.000261063 24.992
0.676667 0.000263188 24.992
0.678333 0.000265331 24.9919
0.68 0.000267483 24.9919
0.681667 0.000269663 24.9918
0.683333 0.000271822 24.9917
0.685 0.000274061 24.9917
0.686667 0.000276261 24.9916
0.688333 0.000278504 24.9916
0.69 0.000280743 24.9915
0.691667 0.000283006 24.9915
0.693333 0.000285282 24.9914
0.695 0.000287578 24.9914
0.696667 0.000289889 24.9913
0.698333 0.000292183 24.9913
0.7 0.000294561 24.9912
0.701667 0.000296864 24.9911
0.703333 0.000299271 24.9911
0.705 0.000301664 24.991
0.706667 0.000304114 24.991
0.708333 0.000306486 24.9909
0.71 0.000308968 24.9909
0.711667 0.000311375 24.9908
0.713333 0.000313913 24.9908
0.715 0.000316402 24.9907
0.716667 0.000318901 24.9906
0.718333 0.000321429 24.9906
0.72 0.000324023 24.9905
0.721667 0.000326555 24.9905
0.723333 0.000329163 24.9904
0.725 0.000331775 24.9903
0.726667 0.000334405 24.9903
0.728333 0.00033709 24.9902
0.73 0.000339736 24.9901
0.731667 0.000342484 24.9901
0.733333 0.000345113 24.99
0.735 0.000347876 24.9899
0.736667 0.00035069 24.9899
0.738333 0.000353438 24.9898
0.74 0.000356252 24.9897
0.741667 0.000359058 24.9897
0.743333 0.000361958 24.9896
0.745 0.000364825 24.9895
0.746667 0.000367733 24.9895
0.748333 0.000370664 24.9894
0.75 0.000373613 24.9893
0.751667 0.000376557 24.9892
0.753333 0.000379548 24.9892
0.755 0.000382565 24.9891
0.756667 0.000385597 24.989
0.758333 0.000388656 24.9889
0.76 0.000391757 24.9889
0.761667 0.00039488 24.9888
0.763333 0.00039826 24.9887
0.765 0.000401323 24.9886
0.766667 0.000404469 24.9885
0.768333 0.000407677 24.9885
0.77 0.000410929 24.9884
0.771667 0.00041421 24.9883
0.773333 0.000417662 24.9882
0.775 0.000421063 24.9881
0.776667 0.000424452 24.988
0.778333 0.000427813 24.988
0.78 0.000431489 24.9879
0.781667 0.000434924 24.9878
0.783333 0.000438455 24.9877
0.785 0.000441925 24.9876
0.786667 0.000445783 24.9875
0.788333 0.000449288 24.9874
0.79 0.000452925 24.9874
0.791667 0.000456541 24.9873
0.793333 0.000460182 24.9872
0.795 0.000463814 24.9871
0.796667 0.000467515 24.987
0.798333 0.000471222 24.9869
0.8 0.000474986 24.9868
0.801667 0.000478746 24.9867
0.803333 0.000482548 24.9866
0.805 0.000486471 24.9865
0.806667 0.000490509 24.9865
0.808333 0.00049435 24.9864
0.81 0.00049827 24.9863
0.811667 0.000502268 24.9862
0.813333 0.000506288 24.9861
0.815 0.000510277 24.986
0.816667 0.000514307 24.9859
0.818333 0.000518373 24.9858
0.82 0.000522382 24.9857
0.821667 0.000526448 24.9856
0.823333 0.000530615 24.9855
0.825 0.000534857 24.9854
0.826667 0.000539141 24.9853
0.828333 0.000543389 24.9852
0.83 0.000547708 24.9851
0.831667 0.000552043 24.985
0.833333 0.000556399 24.9849
0.835 0.000560865 24.9848
0.836667 0.000565241 24.9847
0.838333 0.000569776 24.9846
0.84 0.00057429 24.9844
0.841667 0.00057883 24.9843
0.843333 0.000583359 24.9842
0.845 0.000588037 24.9841
0.846667 0.000592706 24.984
0.848333 0.000597387 24.9839
0.85 0.000602125 24.9838
0.851667 0.00060686 24.9837
0.853333 0.000611639 24.9835
0.855 0.000616524 24.9834
0.856667 0.000621353 24.9833
0.858333 0.000626279 24.9832
0.86 0.000631225 24.9831
0.861667 0.000636201 24.9829
0.863333 0.000641241 24.9828
0.865 0.000646305 24.9827
0.866667 0.00065135 24.9826
0.868333 0.000656524 24.9824
0.87 0.000661665 24.9823
0.871667 0.000666888 24.9822
0.873333 0.000672114 24.9821
0.875 0.000677605 24.9819
0.876667 0.000682526 24.9818
0.878333 0.000688211 24.9817
0.88 0.000693599 24.9815
0.881667 0.000698979 24.9814
0.883333 0.000704436 24.9813
0.885 0.00070999 24.9811
0.886667 0.000715552 24.981
0.888333 0.000721141 24.9809
0.89 0.00072681 24.9808
0.891667 0.00073248 24.9806
0.893333 0.000738174 24.9805
0.895 0.000743942 24.9803
0.896667 0.000749748 24.9802
0.898333 0.000755608 24.9801
0.9 0.000761507 24.9799
0.901667 0.000767424 24.9798
0.903333 0.000773395 24.9796
0.905 0.000779446 24.9795
0.906667 0.000785931 24.9794
0.908333 0.000791871 24.9792
0.91 0.000798064 24.9791
0.911667 0.000804266 24.9789
0.913333 0.000810542 24.9787
0.915 0.000816844 24.9786
0.916667 0.000823113 24.9784
0.918333 0.00082961 24.9783
0.92 0.000836062 24.9781
0.921667 0.000842563 24.978
0.923333 0.000849114 24.9778
0.925 0.000855711 24.9776
0.926667 0.000862352 24.9775
0.928333 0.000869067 24.9773
0.93 0.000875817 24.9771
0.931667 0.000882616 24.977
0.933333 0.000889492 24.9768
0.935 0.000896415 24.9767
0.936667 0.00090339 24.9765
0.938333 0.000910311 24.9763
0.94 0.000917394 24.9761
0.941667 0.000924492 24.976
0.943333 0.000931662 24.9758
0.945 0.000938873 24.9756
0.946667 0.000946145 24.9754
0.948333 0.000953465 24.9753
0.95 0.000960842 24.9751
0.951667 0.000968273 24.9749
0.953333 0.000975838 24.9747
0.955 0.000983255 24.9745
0.956667 0.000990946 24.9744
0.958333 0.000998609 24.9742
0.96 0.00100638 24.974
0.961667 0.00101409 24.9738
0.963333 0.001022 24.9736
0.965 0.00102983 24.9734
0.966667 0.00103776 24.9732
0.968333 0.00104577 24.973
0.97 0.00105384 24.9729
0.971667 0.00106196 24.9727
0.973333 0.00107015 24.9725
0.975 0.00107839 24.9723
0.976667 0.00108672 24.9721
0.978333 0.00109511 24.9719
0.98 0.00110385 24.9717
0.981667 0.00111221 24.9714
0.983333 0.00112062 24.9712
0.985 0.00112926 24.971
0.986667 0.00113799 24.9708
0.988333 0.0011468 24.9706
0.99 0.00115566 24.9704
0.991667 0.00116459 24.9702
0.993333 0.00117358 24.97
0.995 0.00118264 24.9697
0.996667 0.00119176 24.9695
0.998333 0.00120097 24.9693
1 0.00121023 24.9691
1.00167 0.00121956 24.9688
1.00333 0.00122897 24.9686
1.005 0.00123852 24.9684
1.00667 0.00124819 24.9681
1.00833 0.00125816 24.9679
1.01 0.00126785 24.9677
1.01167 0.00127763 24.9674
1.01333 0.00128756 24.9672
1.015 0.00129749 24.967
1.01667 0.00130746 24.9667
1.01833 0.0013175 24.9665
1.02 0.00132769 24.9662
1.02167 0.00133788 24.966
1.02333 0.00134819 24.9657
1.025 0.00135857 24.9655
1.02667 0.00136903 24.9652
1.02833 0.00137958 24.965
1.03 0.0013902 24.9647
1.03167 0.0014009 24.9645
1.03333 0.00141168 24.9642
1.035 0.00142256 24.964
1.03667 0.0014335 24.9637
1.03833 0.00144455 24.9634
1.04 0.00145568 24.9632
1.04167 0.00146692 24.9629
1.04333 0.00147808 24.9626
1.045 0.00148955 24.9624
1.04667 0.00150111 24.9621
1.04833 0.00151262 24.9618
1.05 0.00152431 24.9615
1.05167 0.00153602 24.9612
1.05333 0.00154787 24.961
1.055 0.00155986 24.9607
1.05667 0.00157173 24.9604
1.05833 0.0015838 24.9601
1.06 0.00159608 24.9598
1.06167 0.0016085 24.9595
1.06333 0.00162083 24.9592
1.065 0.00163331 24.9589
1.06667 0.00164589 24.9586
1.06833 0.00165856 24.9583
1.07 0.00167133 24.958
1.07167 0.0016883 24.9577
1.07333 0.00169905 24.9574
1.075 0.00171231 24.9571
1.07667 0.00172539 24.9567
1.07833 0.00173875 24.9564
1.08 0.0017521 24.9561
1.08167 0.00176559 24.9558
1.08333 0.00177913 24.9555
1.085 0.00179274 24.9551
1.08667 0.00180656 24.9548
1.08833 0.0018205 24.9544
1.09 0.00183445 24.9541
1.09167 0.00184863 24.9538
1.09333 0.00186273 24.9534
1.095 0.00187705 24.9531
1.09667 0.00189148 24.9528
1.09833 0.00190619 24.9524
1.1 0.00192053 24.9521
1.10167 0.00193561 24.9517
1.10333 0.00195108 24.9514
1.105 0.00196602 24.951
1.10667 0.0019809 24.9506
1.10833 0.00199614 24.9503
1.11 0.0020115 24.9499
1.11167 0.00202696 24.9495
1.11333 0.00204315 24.9492
1.115 0.00205868 24.9488
1.11667 0.00207477 24.9484
1.11833 0.00209059 24.948
1.12 0.00210685 24.9476
1.12167 0.00212306 24.9473
1.12333 0.00213933 24.9469
1.125 0.00215573 24.9465
1.12667 0.00217226 24.9461
1.12833 0.00218892 24.9457
1.13 0.00220571 24.9453
1.13167 0.00222262 24.9449
1.13333 0.00223966 24.9445
1.135 0.00225683 24.9441
1.13667 0.00227412 24.9436
1.13833 0.00229225 24.9432
1.14 0.00230974 24.9428
1.14167 0.00232718 24.9424
1.14333 0.00234498 24.942
1.145 0.00236294 24.9415
1.14667 0.00238102 24.9411
1.14833 0.00239921 24.9407
1.15 0.00241755 24.9402
1.15167 0.00243599 24.9398
1.15333 0.00245462 24.9394
1.155 0.00247341 24.9389
1.15667 0.0024923 24.9385
1.15833 0.0025114 24.938
1.16 0.00253106 24.9375
1.16167 0.00255027 24.9371
1.16333 0.00256969 24.9366
1.165 0.00258939 24.9361
1.16667 0.0026092 24.9357
1.16833 0.00262908 24.9352
1.17 0.00264931 24.9347
1.17167 0.00266948 24.9342
1.17333 0.00269051 24.9337
1.175 0.00271132 24.9332
1.17667 0.00273165 24.9327
1.17833 0.00275259 24.9322
1.18 0.00277372 24.9317
1.18167 0.00279494 24.9312
1.18333 0.00281627 24.9307
1.185 0.00283783 24.9302
1.18667 0.00285943 24.9297
1.18833 0.00288125 24.9292
1.19 0.00290329 24.9286
1.19167 0.00292538 24.9281
1.19333 0.00294773 24.9276
1.195 0.00297027 24.927
1.19667 0.00299291 24.9265
1.19833 0.00301549 24.926
1.2 0.00303852 24.9254
1.20167 0.00306171 24.9249
1.20333 0.00308504 24.9243
1.205 0.0031086 24.9237
1.20667 0.00313216 24.9232
1.20833 0.00315608 24.9226
1.21 0.00318013 24.922
1.21167 0.00320435 24.9214
1.21333 0.00322872 24.9209
1.215 0.00325305 24.9203
1.21667 0.00327791 24.9197
1.21833 0.003303 24.9191
1.22 0.00332812 24.9185
1.22167 0.0033534 24.9179
1.22333 0.00337875 24.9173
1.225 0.00340455 24.9166
1.22667 0.00343033 24.916
1.22833 0.00345649 24.9154
1.23 0.00348273 24.9148
1.23167 0.00350922 24.9141
1.23333 0.00353586 24.9135
1.235 0.00356269 24.9128
1.23667 0.00358972 24.9122
1.23833 0.0036169 24.9116
1.24 0.00364445 24.9109
1.24167 0.00367216 24.9102
1.24333 0.00369992 24.9096
1.245 0.00372823 24.9089
1.24667 0.00375649 24.9082
1.24833 0.00378455 24.9076
1.25 0.00381342 24.9069
1.25167 0.00384177 24.9062
1.25333 0.00387171 24.9055
1.255 0.00390091 24.9048
1.25667 0.00393019 24.9041
1.25833 0.0039602 24.9034
1.26 0.00399014 24.9026
1.26167 0.00402046 24.9019
1.26333 0.00405114 24.9012
1.265 0.00408178 24.9005
1.26667 0.00411274 24.8997
1.26833 0.00414388 24.8989
1.27 0.00417531 24.8982
1.27167 0.00420693 24.8974
1.27333 0.00423869 24.8967
1.275 0.00427099 24.8959
1.27667 0.00430314 24.8951
1.27833 0.00433581 24.8943
1.28 0.0043686 24.8936
1.28167 0.00440174 24.8928
1.28333 0.00443498 24.892
1.285 0.00446828 24.8912
1.28667 0.0045027 24.8904
1.28833 0.0045361 24.8896
1.29 0.00457025 24.8888
1.29167 0.00460482 24.8879
1.29333 0.00463984 24.8871
1.295 0.00467507 24.8863
1.29667 0.00471011 24.8854
1.29833 0.00474564 24.8845
1.3 0.00478157 24.8837
1.30167 0.00481797 24.8828
1.30333 0.00485441 24.8819
1.305 0.00489088 24.8811
1.30667 0.00492789 24.8802
1.30833 0.00496536 24.8793
1.31 0.00500352 24.8784
1.31167 0.00504102 24.8775
1.31333 0.00507888 24.8766
1.315 0.00511722 24.8757
1.31667 0.00515615 24.8747
1.31833 0.00519498 24.8738
1.32 0.00523416 24.8729
1.32167 0.00527375 24.8719
1.32333 0.0053136 24.871
1.325 0.00535341 24.87
1.32667 0.00539379 24.8691
1.32833 0.00543462 24.8681
1.33 0.0054747 24.8671
1.33167 0.00551738 24.8661
1.33333 0.00555899 24.8651
1.335 0.0056005 24.8641
1.33667 0.00564283 24.8631
1.33833 0.00568617 24.8621
1.34 0.00572916 24.8611
1.34167 0.00577215 24.86
1.34333 0.00581547 24.859
1.345 0.00586 24.8579
1.34667 0.00590491 24.8569
1.34833 0.00594936 24.8558
1.35 0.0059944 24.8547
1.35167 0.00603968 24.8537
1.35333 0.00608554 24.8526
1.355 0.00613116 24.8515
1.35667 0.00617718 24.8504
1.35833 0.0062236 24.8493
1.36 0.00627091 24.8482
1.36167 0.00631771 24.847
1.36333 0.00636539 24.8459
1.365 0.00641356 24.8447
1.36667 0.00646211 24.8436
1.36833 0.00651053 24.8424
1.37 0.00656001 24.8413
1.37167 0.00660907 24.8401
1.37333 0.00665893 24.8389
1.375 0.00670918 24.8377
1.37667 0.00675972 24.8365
1.37833 0.00681076 24.8353
1.38 0.00686199 24.8341
1.38167 0.00691355 24.8328
1.38333 0.00696557 24.8316
1.385 0.00701797 24.8304
1.38667 0.00707074 24.8291
1.38833 0.00712399 24.8279
1.39 0.00717745 24.8266
1.39167 0.00723117 24.8253
1.39333 0.0072852 24.824
1.395 0.00734162 24.8227
1.39667 0.00739459 24.8214
1.39833 0.0074529 24.8201
1.4 0.00750738 24.8187
1.40167 0.00756274 24.8174
1.40333 0.0076222 24.816
1.405 0.00767944 24.8147
1.40667 0.00773622 24.8133
1.40833 0.00779539 24.8119
1.41 0.00785365 24.8105
1.41167 0.00791276 24.8091
1.41333 0.0079719 24.8077
1.415 0.0080316 24.8062
1.41667 0.00809172 24.8048
1.41833 0.00815236 24.8034
1.42 0.00821363 24.8019
1.42167 0.00827552 24.8004
1.42333 0.00833754 24.7989
1.425 0.00839923 24.7974
1.42667 0.00846304 24.7959
1.42833 0.00852695 24.7944
1.43 0.0085907 24.7929
1.43167 0.00865455 24.7914
1.43333 0.00872138 24.7898
1.435 0.00878689 24.7882
1.43667 0.00885307 24.7867
1.43833 0.00891877 24.7851
1.44 0.00898593 24.7835
1.44167 0.0090532 24.7819
1.44333 0.00912056 24.7803
1.445 0.00918883 24.7787
1.44667 0.00925748 24.777
1.44833 0.00932685 24.7754
1.45 0.00939789 24.7737
1.45167 0.00946722 24.7721
1.45333 0.00953805 24.7704
1.455 0.00960945 24.7687
1.45667 0.00968117 24.7669
1.45833 0.00975343 24.7652
1.46 0.00982587 24.7635
1.46167 0.00989985 24.7617
1.46333 0.00997317 24.76
1.465 0.0100483 24.7582
1.46667 0.010123 24.7564
1.46833 0.0101992 24.7546
1.47 0.0102746 24.7528
1.47167 0.0103506 24.7509
1.47333 0.0104292 24.7491
1.475 0.010507 24.7472
1.47667 0.0105853 24.7454
1.47833 0.0106631 24.7435
1.48 0.0107429 24.7416
1.48167 0.0108239 24.7397
1.48333 0.0109055 24.7378
1.485 0.0109866 24.7358
1.48667 0.0110683 24.7339
1.48833 0.0111512 24.7319
1.49 0.0112349 24.7299
1.49167 0.0113192 24.728
1.49333 0.0114024 24.726
1.495 0.0114866 24.7239
1.49667 0.0115721 24.7219
1.49833 0.0116575 24.7199
1.5 0.011745 24.7178
1.50167 0.0118324 24.7157
1.50333 0.0119205 24.7136
1.505 0.0120089 24.7115
1.50667 0.0120983 24.7094
1.50833 0.0121891 24.7072
1.51 0.0122795 24.7051
1.51167 0.0123705 24.7029
1.51333 0.0124625 24.7007
1.515 0.0125558 24.6985
1.51667 0.0126495 24.6963
1.51833 0.0127433 24.694
1.52 0.0128375 24.6918
1.52167 0.0129336 24.6895
1.52333 0.0130299 24.6872
1.525 0.0131256 24.6849
1.52667 0.0132241 24.6826
1.52833 0.0133231 24.6802
1.53 0.0134222 24.6779
1.53167 0.0135209 24.6755
1.53333 0.0136217 24.6731
1.535 0.0137225 24.6707
1.53667 0.0138245 24.6683
1.53833 0.0139262 24.6659
1.54 0.0140296 24.6634
1.54167 0.0141337 24.661
1.54333 0.0142377 24.6585
1.545 0.0143433 24.656
1.54667 0.0144496 24.6534
1.54833 0.014557 24.6509
1.55 0.0146636 24.6483
1.55167 0.0147727 24.6457
1.55333 0.0148823 24.6431
1.555 0.0149922 24.6405
1.55667 0.0151028 24.6379
1.55833 0.0152145 24.6352
1.56 0.0153277 24.6325
1.56167 0.0154401 24.6299
1.56333 0.0155545 24.6271
1.565 0.015671 24.6244
1.56667 0.0157855 24.6217
1.56833 0.0159026 24.6189
1.57 0.0160208 24.6161
1.57167 0.0161387 24.6133
1.57333 0.016258 24.6105
1.575 0.0163784 24.6076
1.57667 0.0164994 24.6048
1.57833 0.0166199 24.6019
1.58 0.0167441 24.599
1.58167 0.0168686 24.596
1.58333 0.0169893 24.5931
1.585 0.0171139 24.5901
1.58667 0.0172424 24.5872
1.58833 0.0173709 24.5841
1.59 0.0174953 24.5811
1.59167 0.0176259 24.578
1.59333 0.0177549 24.575
1.595 0.0178873 24.5719
1.59667 0.0180194 24.5687
1.59833 0.0181508 24.5656
1.6 0.0182855 24.5624
1.60167 0.0184203 24.5592
1.60333 0.0185548 24.556
1.605 0.0186906 24.5528
1.60667 0.0188291 24.5495
1.60833 0.0189669 24.5462
1.61 0.0191075 24.5429
1.61167 0.0192459 24.5396
1.61333 0.019388 24.5362
1.615 0.0195309 24.5328
1.61667 0.0196739 24.5294
1.61833 0.0198174 24.526
1.62 0.0199631 24.5226
1.62167 0.0201084 24.5191
1.62333 0.020257 24.5156
1.625 0.0204058 24.5121
1.62667 0.0205549 24.5085
1.62833 0.020705 24.5049
1.63 0.0208573 24.5013
1.63167 0.0210112 24.4977
1.63333 0.0211651 24.4941
1.635 0.0213202 24.4904
1.63667 0.0214745 24.4867
1.63833 0.0216314 24.483
1.64 0.0217877 24.4792
1.64167 0.0219479 24.4754
1.64333 0.0221075 24.4716
1.645 0.0222692 24.4678
1.64667 0.0224316 24.4639
1.64833 0.0225953 24.4601
1.65 0.0227603 24.4561
1.65167 0.022927 24.4522
1.65333 0.0230928 24.4482
1.655 0.0232613 24.4442
1.65667 0.0234311 24.4402
1.65833 0.0236015 24.4362
1.66 0.0237739 24.4321
1.66167 0.0239469 24.428
1.66333 0.0241222 24.4239
1.665 0.0242969 24.4197
1.66667 0.0244737 24.4155
1.66833 0.0246516 24.4113
1.67 0.0248311 24.4071
1.67167 0.0250116 24.4028
1.67333 0.025194 24.3985
1.675 0.0253764 24.3941
1.67667 0.0255602 24.3898
1.67833 0.0257456 24.3854
1.68 0.0259318 24.3809
1.68167 0.0261196 24.3765
1.68333 0.0263084 24.372
1.685 0.0265008 24.3674
1.68667 0.0266928 24.3629
1.68833 0.0268866 24.3583
1.69 0.0270816 24.3537
1.69167 0.0272776 24.349
1.69333 0.0274754 24.3444
1.695 0.0276745 24.3397
1.69667 0.0278745 24.3349
1.69833 0.0280762 24.3302
1.7 0.0282789 24.3253
1.70167 0.0284828 24.3205
1.70333 0.0286886 24.3156
1.705 0.0288958 24.3107
1.70667 0.0291149 24.3058
1.70833 0.0293237 24.3008
1.71 0.0295348 24.2958
1.71167 0.0297498 24.2908
1.71333 0.0299668 24.2857
1.715 0.0301843 24.2806
1.71667 0.0304023 24.2754
1.71833 0.0306221 24.2702
1.72 0.0308395 24.265
1.72167 0.0310625 24.2597
1.72333 0.0312858 24.2545
1.725 0.0315147 24.2492
1.72667 0.0317355 24.2438
1.72833 0.0319563 24.2384
1.73 0.0321852 24.2329
1.73167 0.032416 24.2275
1.73333 0.0326456 24.222
1.735 0.0328707 24.2164
1.73667 0.033118 24.2108
1.73833 0.03336 24.2052
1.74 0.0336028 24.1996
1.74167 0.0338458 24.1939
1.74333 0.0340899 24.1881
1.745 0.0343375 24.1824
1.74667 0.034586 24.1765
1.74833 0.0348358 24.1707
1.75 0.0350882 24.1648
1.75167 0.0353416 24.1589
1.75333 0.0355919 24.1529
1.755 0.0358478 24.1469
1.75667 0.0361033 24.1409
1.75833 0.0363597 24.1348
1.76 0.0366222 24.1287
1.76167 0.0368819 24.1225
1.76333 0.0371452 24.1163
1.765 0.0374106 24.11
1.76667 0.0376747 24.1037
1.76833 0.0379445 24.0974
1.77 0.0382157 24.091
1.77167 0.0384856 24.0846
1.77333 0.0387604 24.0781
1.775 0.0390363 24.0716
1.77667 0.0393127 24.065
1.77833 0.039594 24.0584
1.78 0.0398766 24.0518
1.78167 0.0401594 24.0451
1.78333 0.0404448 24.0384
1.785 0.0407327 24.0316
1.78667 0.0410214 24.0248
1.78833 0.0413123 24.0179
1.79 0.0416042 24.011
1.79167 0.0419023 24.0041
1.79333 0.0422005 23.9971
1.795 0.0424977 23.99
1.79667 0.0427946 23.9829
1.79833 0.0431012 23.9758
1.8 0.0434053 23.9686
1.80167 0.0437106 23.9614
1.80333 0.0440183 23.9541
1.805 0.0443282 23.9468
1.80667 0.0446404 23.9394
1.80833 0.0449562 23.932
1.81 0.0452734 23.9245
1.81167 0.0455939 23.917
1.81333 0.0459142 23.9094
1.815 0.0462375 23.9018
1.81667 0.0465631 23.8942
1.81833 0.0468937 23.8865
1.82 0.0472253 23.8787
1.82167 0.0475577 23.8709
1.82333 0.0478908 23.863
1.825 0.0482281 23.8551
1.82667 0.0485642 23.8471
1.82833 0.0489052 23.8391
1.83 0.0492467 23.8311
1.83167 0.0495927 23.823
1.83333 0.0499406 23.8148
1.835 0.0502878 23.8066
1.83667 0.0506419 23.7983
1.83833 0.0509975 23.7899
1.84 0.051354 23.7815
1.84167 0.0517132 23.7731
1.84333 0.0520729 23.7646
1.845 0.0524351 23.7561
1.84667 0.0528 23.7475
1.84833 0.0531651 23.7388
1.85 0.053537 23.7301
1.85167 0.053908 23.7214
1.85333 0.0542841 23.7125
1.855 0.0546617 23.7037
1.85667 0.0550408 23.6947
1.85833 0.0554219 23.6858
1.86 0.0558042 23.6767
1.86167 0.0561888 23.6676
1.86333 0.0565787 23.6585
1.865 0.0569723 23.6492
1.86667 0.0573667 23.6399
1.86833 0.057764 23.6306
1.87 0.0581628 23.6212
1.87167 0.0585639 23.6118
1.87333 0.0589679 23.6023
1.875 0.0593754 23.5927
1.87667 0.0597867 23.5831
1.87833 0.0601997 23.5734
1.88 0.0606151 23.5636
1.88167 0.0610338 23.5538
1.88333 0.0614549 23.5439
1.885 0.061875 23.534
1.88667 0.0622994 23.524
1.88833 0.062727 23.5139
1.89 0.0631557 23.5038
1.89167 0.0635907 23.4936
1.89333 0.0640263 23.4834
1.895 0.0644657 23.473
1.89667 0.0649075 23.4627
1.89833 0.0653512 23.4522
1.9 0.0657984 23.4417
1.90167 0.0662475 23.4312
1.90333 0.0667021 23.4205
1.905 0.0671588 23.4099
1.90667 0.0676197 23.3991
1.90833 0.0680788 23.3883
1.91 0.0685478 23.3774
1.91167 0.0690139 23.3664
1.91333 0.0694824 23.3554
1.915 0.0699521 23.3443
1.91667 0.0704255 23.3331
1.91833 0.0709068 23.3219
1.92 0.0713877 23.3106
1.92167 0.0718714 23.2992
1.92333 0.0723583 23.2878
1.925 0.0728496 23.2763
1.92667 0.0733447 23.2647
1.92833 0.0738404 23.2531
1.93 0.0743398 23.2413
1.93167 0.074842 23.2296
1.93333 0.0753447 23.2177
1.935 0.0758503 23.2058
1.93667 0.0763624 23.1938
1.93833 0.076875 23.1817
1.94 0.0773917 23.1696
1.94167 0.0779135 23.1574
1.94333 0.0784447 23.1451
1.945 0.0789821 23.1328
1.94667 0.0795093 23.1203
1.94833 0.0800366 23.1078
1.95 0.0805745 23.0952
1.95167 0.0811145 23.0826
1.95333 0.0816581 23.0699
1.955 0.0821998 23.0571
1.95667 0.0827412 23.0442
1.95833 0.0832954 23.0312
1.96 0.0838506 23.0182
1.96167 0.0844074 23.0051
1.96333 0.0849664 22.9919
1.965 0.0855308 22.9786
1.96667 0.0860967 22.9653
1.96833 0.0866668 22.9519
1.97 0.0872508 22.9384
1.97167 0.0878288 22.9248
1.97333 0.0884166 22.9111
1.975 0.0890205 22.8974
1.97667 0.0896162 22.8836
1.97833 0.0902099 22.8697
1.98 0.0908058 22.8558
1.98167 0.0914081 22.8417
1.98333 0.0920123 22.8276
1.985 0.0926176 22.8134
1.98667 0.0932267 22.7991
1.98833 0.0938497 22.7847
1.99 0.0944685 22.7702
1.99167 0.0950902 22.7557
1.99333 0.0957145 22.741
1.995 0.0963389 22.7263
1.99667 0.0969648 22.7115
1.99833 0.0976056 22.6967
2 0.0982392 22.6817
2.00167 0.0988798 22.6666
2.00333 0.0995288 22.6515
2.005 0.100184 22.6363
2.00667 0.100836 22.621
2.00833 0.101492 22.6056
2.01 0.102149 22.5901
2.01167 0.102816 22.5745
2.01333 0.103482 22.5588
2.015 0.104154 22.5431
2.01667 0.104828 22.5273
2.01833 0.105506 22.5114
2.02 0.106191 22.4954
2.02167 0.106887 22.4793
2.02333 0.107572 22.4631
2.025 0.108266 22.4468
2.02667 0.108966 22.4305
2.02833 0.109669 22.414
2.03 0.110375 22.3975
2.03167 0.111087 22.3809
2.03333 0.111804 22.3641
2.035 0.112523 22.3473
2.03667 0.113246 22.3304
2.03833 0.113966 22.3134
2.04 0.114695 22.2963
2.04167 0.115428 22.2791
2.04333 0.116167 22.2619
2.045 0.116915 22.2445
2.04667 0.117657 22.227
2.04833 0.118413 22.2095
2.05 0.119174 22.1918
2.05167 0.119933 22.1741
2.05333 0.120697 22.1563
2.055 0.121468 22.1383
2.05667 0.122239 22.1202
2.05833 0.123014 22.1021
2.06 0.123796 22.0839
2.06167 0.124579 22.0655
2.06333 0.125361 22.0471
2.065 0.126157 22.0286
2.06667 0.126952 22.0099
2.06833 0.127756 21.9912
2.07 0.128557 21.9724
2.07167 0.129363 21.9535
2.07333 0.130182 21.9345
2.075 0.131 21.9154
2.07667 0.13182 21.8961
2.07833 0.132646 21.8768
2.08 0.133478 21.8574
2.08167 0.134328 21.8379
2.08333 0.135166 21.8182
2.085 0.136011 21.7985
2.08667 0.136862 21.7786
2.08833 0.13772 21.7587
2.09 0.138582 21.7387
2.09167 0.139444 21.7185
2.09333 0.14031 21.6983
2.095 0.141183 21.6779
2.09667 0.142063 21.6575
2.09833 0.142939 21.637
2.1 0.143823 21.6163
2.10167 0.144722 21.5955
2.10333 0.145621 21.5746
2.105 0.146521 21.5536
2.10667 0.147425 21.5325
2.10833 0.148337 21.5113
2.11 0.149248 21.49
2.11167 0.150161 21.4685
2.11333 0.151086 21.447
2.115 0.152006 21.4254
2.11667 0.152936 21.4036
2.11833 0.15388 21.3818
2.12 0.154834 21.3599
2.12167 0.155774 21.3378
2.12333 0.156728 21.3157
2.125 0.15769 21.2934
2.12667 0.158653 21.271
2.12833 0.159613 21.2485
2.13 0.160585 21.2259
2.13167 0.161574 21.2032
2.13333 0.162568 21.1804
2.135 0.163548 21.1574
2.13667 0.164553 21.1344
2.13833 0.165541 21.1112
2.14 0.166521 21.0879
2.14167 0.167521 21.0645
2.14333 0.168547 21.041
2.145 0.169535 21.0174
2.14667 0.170584 20.9936
2.14833 0.171609 20.9697
2.15 0.172646 20.9457
2.15167 0.173688 20.9217
2.15333 0.174729 20.8975
2.155 0.17578 20.8732
2.15667 0.176798 20.8488
2.15833 0.177819 20.8242
2.16 0.178852 20.7996
2.16167 0.179901 20.7748
2.16333 0.181103 20.7498
2.165 0.18201 20.7248
2.16667 0.183264 20.6997
2.16833 0.184332 20.6744
2.17 0.18533 20.6491
2.17167 0.186474 20.6236
2.17333 0.187582 20.598
2.175 0.188651 20.5723
2.17667 0.189745 20.5464
2.17833 0.190851 20.5205
2.18 0.191967 20.4944
2.18167 0.193188 20.4682
2.18333 0.194301 20.4419
2.185 0.195424 20.4155
2.18667 0.196568 20.3889
2.18833 0.197723 20.3622
2.19 0.198871 20.3354
2.19167 0.200022 20.3085
2.19333 0.201176 20.2815
2.195 0.202356 20.2543
2.19667 0.203523 20.227
2.19833 0.204699 20.1996
2.2 0.205871 20.172
2.20167 0.20707 20.1443
2.20333 0.208259 20.1165
2.205 0.20946 20.0885
2.20667 0.210685 20.0605
2.20833 0.211879 20.0323
2.21 0.213105 20.0041
2.21167 0.214306 19.9757
2.21333 0.215517 19.9472
2.215 0.216747 19.9186
2.21667 0.217986 19.8898
2.21833 0.219238 19.8609
2.22 0.220464 19.8319
2.22167 0.221709 19.8028
2.22333 0.222946 19.7736
2.225 0.224222 19.7442
2.22667 0.225489 19.7147
2.22833 0.226754 19.685
2.23 0.22803 19.6553
2.23167 0.229311 19.6254
2.23333 0.230594 19.5954
2.235 0.231888 19.5653
2.23667 0.233185 19.535
2.23833 0.234489 19.5047
2.24 0.235798 19.4742
2.24167 0.237123 19.4436
2.24333 0.238446 19.4128
2.245 0.239771 19.3819
2.24667 0.241107 19.3509
2.24833 0.242445 19.3197
2.25 0.243767 19.2885
2.25167 0.24512 19.2571
2.25333 0.246464 19.2255
2.255 0.247813 19.1939
2.25667 0.249176 19.1621
2.25833 0.25054 19.1302
2.26 0.251915 19.0982
2.26167 0.253282 19.0661
2.26333 0.254669 19.0338
2.265 0.256089 19.0014
2.26667 0.257471 18.9689
2.26833 0.258897 18.9363
2.27 0.26029 18.9035
2.27167 0.261694 18.8706
2.27333 0.263114 18.8376
2.275 0.264551 18.8044
2.27667 0.265973 18.7712
2.27833 0.267395 18.7378
2.28 0.268831 18.7042
2.28167 0.270261 18.6706
2.28333 0.271725 18.6368
2.285 0.273201 18.603
2.28667 0.274629 18.569
2.28833 0.276072 18.5348
2.29 0.277534 18.5005
2.29167 0.278994 18.4661
2.29333 0.280457 18.4315
2.295 0.281925 18.3968
2.29667 0.2834 18.3621
2.29833 0.284889 18.3271
2.3 0.286384 18.2921
2.30167 0.287883 18.257
2.30333 0.289393 18.2217
2.305 0.29088 18.1863
2.30667 0.292383 18.1508
2.30833 0.293887 18.1152
2.31 0.295406 18.0794
2.31167 0.2969 18.0436
2.31333 0.298433 18.0076
2.315 0.299982 17.9715
2.31667 0.301526 17.9353
2.31833 0.303053 17.8989
2.32 0.304636 17.8624
2.32167 0.306188 17.8258
2.32333 0.307737 17.7891
2.325 0.309287 17.7523
2.32667 0.310841 17.7153
2.32833 0.312399 17.6782
2.33 0.313972 17.641
2.33167 0.315545 17.6037
2.33333 0.317118 17.5663
2.335 0.318696 17.5287
2.33667 0.320268 17.4911
2.33833 0.321843 17.4533
2.34 0.323423 17.4154
2.34167 0.324993 17.3774
2.34333 0.326575 17.3393
2.345 0.328183 17.301
2.34667 0.329802 17.2626
2.34833 0.331412 17.2242
2.35 0.333061 17.1856
2.35167 0.334614 17.147
2.35333 0.336216 17.1082
2.355 0.337811 17.0693
2.35667 0.339418 17.0303
2.35833 0.341036 16.9911
2.36 0.342701 16.9519
2.36167 0.344326 16.9126
2.36333 0.345965 16.8731
2.365 0.347609 16.8336
2.36667 0.34926 16.7939
2.36833 0.350895 16.7541
2.37 0.352528 16.7143
2.37167 0.354168 16.6743
2.37333 0.355818 16.6343
2.375 0.357468 16.5941
2.37667 0.359119 16.5539
2.37833 0.360765 16.5135
2.38 0.362413 16.4731
2.38167 0.36406 16.4325
2.38333 0.365722 16.3918
2.385 0.367385 16.3511
2.38667 0.369058 16.3102
2.38833 0.370719 16.2693
2.39 0.3724 16.2282
2.39167 0.37407 16.1871
2.39333 0.375737 16.1458
2.395 0.377397 16.1045
2.39667 0.379069 16.063
2.39833 0.380742 16.0215
2.4 0.382442 15.9799
2.40167 0.384137 15.9382
2.40333 0.385825 15.8965
2.405 0.387497 15.8546
2.40667 0.389178 15.8126
2.40833 0.390863 15.7706
2.41 0.392561 15.7285
2.41167 0.39426 15.6863
2.41333 0.395963 15.644
2.415 0.397659 15.6016
2.41667 0.39937 15.5592
2.41833 0.401088 15.5166
2.42 0.402802 15.474
2.42167 0.404505 15.4313
2.42333 0.406219 15.3885
2.425 0.407948 15.3456
2.42667 0.409687 15.3027
2.42833 0.411401 15.2597
2.43 0.413114 15.2166
2.43167 0.414805 15.1734
2.43333 0.416518 15.1301
2.435 0.418243 15.0868
2.43667 0.419983 15.0434
2.43833 0.421718 14.9999
2.44 0.423452 14.9564
2.44167 0.425186 14.9127
2.44333 0.426953 14.869
2.445 0.428707 14.8252
2.44667 0.430464 14.7814
2.44833 0.432231 14.7374
2.45 0.433983 14.6935
2.45167 0.435744 14.6494
2.45333 0.437504 14.6053
2.455 0.439279 14.5611
2.45667 0.441042 14.5168
2.45833 0.44284 14.4724
2.46 0.444666 14.428
2.46167 0.446488 14.3835
2.46333 0.448297 14.339
2.465 0.450106 14.2944
2.46667 0.451901 14.2497
2.46833 0.453737 14.2049
2.47 0.455597 14.1601
2.47167 0.457464 14.1152
2.47333 0.459311 14.0702
2.475 0.461183 14.0252
2.47667 0.46303 13.9801
2.47833 0.464887 13.9349
2.48 0.46674 13.8896
2.48167 0.468617 13.8443
2.48333 0.470467 13.799
2.485 0.47235 13.7535
2.48667 0.474198 13.708
2.48833 0.476086 13.6624
2.49 0.477967 13.6168
2.49167 0.47988 13.571
2.49333 0.481794 13.5253
2.495 0.483726 13.4794
2.49667 0.485675 13.4335
2.49833 0.487595 13.3875
2.5 0.489517 13.3415
2.50167 0.491451 13.2953
2.50333 0.493389 13.2491
2.505 0.495327 13.2029
2.50667 0.497251 13.1566
2.50833 0.499197 13.1102
2.51 0.501151 13.0638
2.51167 0.503106 13.0172
2.51333 0.505053 12.9707
2.515 0.507024 12.924
2.51667 0.509008 12.8773
2.51833 0.510976 12.8306
2.52 0.512935 12.7838
2.52167 0.514911 12.7369
2.52333 0.516869 12.69
2.525 0.518815 12.643
2.52667 0.520804 12.5959
2.52833 0.522794 12.5487
2.53 0.524773 12.5015
2.53167 0.526734 12.4543
2.53333 0.528739 12.407
2.535 0.530689 12.3596
2.53667 0.532673 12.3121
2.53833 0.534705 12.2646
2.54 0.536745 12.217
2.54167 0.538761 12.1694
2.54333 0.540799 12.1217
2.545 0.542788 12.074
2.54667 0.544791 12.0262
2.54833 0.546758 11.9784
2.55 0.548786 11.9305
2.55167 0.550779 11.8825
2.55333 0.552794 11.8345
2.555 0.554803 11.7864
2.55667 0.556812 11.7383
2.55833 0.558816 11.6901
2.56 0.560848 11.6419
2.56167 0.562846 11.5936
2.56333 0.564861 11.5453
2.565 0.566847 11.4969
2.56667 0.568876 11.4485
2.56833 0.570876 11.3999
2.57 0.572895 11.3514
2.57167 0.574901 11.3028
2.57333 0.576906 11.2541
2.575 0.578905 11.2054
2.57625 0.580365 11.1689
2.5775 0.581874 11.1323
2.57875 0.583423 11.0957
2.58 0.585008 11.059
2.58143 0.586701 11.0171
2.58286 0.588428 10.9752
2.58429 0.590197 10.9332
2.58571 0.591909 10.8913
2.58714 0.593645 10.8492
2.58857 0.595375 10.8072
2.59 0.59712 10.7651
2.59167 0.599127 10.7159
2.59333 0.601147 10.6667
2.595 0.603144 10.6175
2.59667 0.605214 10.5682
2.59833 0.607252 10.5189
2.6 0.609285 10.4695
2.60143 0.611011 10.4272
2.60286 0.612763 10.3848
2.60429 0.614473 10.3423
2.60571 0.616177 10.2998
2.60714 0.617936 10.2573
2.60857 0.619649 10.2148
2.61 0.62139 10.1722
2.61143 0.623109 10.1296
2.61286 0.6248 10.0869
2.61429 0.626533 10.0443
2.61571 0.628264 10.0016
2.61714 0.629968 9.95893
2.61857 0.63174 9.91619
2.62 0.633472 9.87346
2.62143 0.635201 9.83069
2.62286 0.636929 9.78793
2.62429 0.638679 9.74513
2.62571 0.640366 9.70232
2.62714 0.642115 9.65947
2.62857 0.643832 9.61663
2.63 0.645566 9.57374
2.63143 0.647296 9.53087
2.63286 0.649033 9.48797
2.63429 0.650726 9.44506
2.63571 0.652475 9.4021
2.63714 0.654196 9.35914
2.63857 0.655912 9.31616
2.64 0.657659 9.27317
2.64143 0.659405 9.23013
2.64286 0.661113 9.18708
2.64429 0.662878 9.14398
2.64571 0.664613 9.10087
2.64714 0.666325 9.05774
2.64857 0.668062 9.01461
2.65 0.669776 8.97144
2.65143 0.671528 8.92828
2.65286 0.673208 8.88507
2.65429 0.674972 8.84188
2.65571 0.676705 8.79865
2.65714 0.678438 8.75541
2.65857 0.680142 8.71216
2.66 0.681888 8.66891
2.66143 0.683627 8.62561
2.66286 0.685379 8.5823
2.66429 0.687061 8.53895
2.66571 0.688831 8.4956
2.66714 0.690532 8.45223
2.66857 0.692299 8.40885
2.67 0.694008 8.36544
2.67143 0.695758 8.32203
2.67286 0.697458 8.27859
2.67429 0.69921 8.23515
2.67571 0.700927 8.19168
2.67714 0.702628 8.14818
2.67857 0.704348 8.10467
2.68 0.706105 8.06117
2.68143 0.707871 8.01762
2.68286 0.709688 7.97407
2.68429 0.711417 7.93051
2.68571 0.713188 7.88695
2.68714 0.714899 7.84338
2.68857 0.716636 7.79981
2.69 0.718346 7.75622
2.69143 0.720096 7.71262
2.69286 0.721838 7.66902
2.69429 0.723607 7.62541
2.69571 0.725331 7.58178
2.69714 0.72716 7.53814
2.69857 0.728888 7.49449
2.7 0.730663 7.45083
2.70143 0.732399 7.40715
2.70286 0.734137 7.36347
2.70429 0.735892 7.31975
2.70571 0.737685 7.27605
2.70714 0.739374 7.23233
2.70857 0.741143 7.18862
2.71 0.742906 7.14487
2.71143 0.744671 7.10113
2.71286 0.746431 7.05735
2.71429 0.74821 7.01359
2.71571 0.749945 6.96981
2.71714 0.751709 6.92604
2.71857 0.75349 6.88224
2.72 0.755265 6.83847
2.72143 0.75706 6.79467
2.72286 0.758827 6.7509
2.72429 0.760584 6.7071
2.72571 0.762371 6.66332
2.72714 0.764152 6.6195
2.72857 0.765924 6.57566
2.73 0.767743 6.53184
2.73143 0.769466 6.48803
2.73286 0.77129 6.44418
2.73429 0.773067 6.40034
2.73571 0.774832 6.35645
2.73714 0.776598 6.31256
2.73857 0.77838 6.26865
2.74 0.780155 6.22474
2.74143 0.78194 6.18081
2.74286 0.783754 6.13689
2.74429 0.785524 6.09294
2.74571 0.787364 6.049
2.74714 0.789175 6.00503
2.74857 0.791042 5.96109
2.75 0.792864 5.91706
2.75143 0.794693 5.87308
2.75286 0.796523 5.82906
2.75429 0.798329 5.78505
2.75571 0.80012 5.74102
2.75714 0.801979 5.69702
2.75857 0.803834 5.65299
2.76 0.805645 5.60898
2.76143 0.807413 5.56496
2.76286 0.809284 5.52096
2.76429 0.811054 5.47692
2.76571 0.812917 5.4329
2.76714 0.814676 5.38888
2.76857 0.816548 5.34488
2.77 0.818347 5.30088
2.77143 0.820208 5.25689
2.77286 0.821989 5.21289
2.77429 0.82387 5.16891
2.77571 0.825702 5.1249
2.77714 0.827602 5.08091
2.77857 0.829441 5.03684
2.78 0.831297 4.9928
2.78143 0.833087 4.94874
2.78286 0.834983 4.90474
2.78429 0.836815 4.86069
2.78571 0.838704 4.81666
2.78714 0.840586 4.77259
2.78857 0.842384 4.72852
2.79 0.844236 4.68444
2.79143 0.84613 4.64038
2.79286 0.847936 4.59629
2.79429 0.849854 4.55223
2.79571 0.851687 4.50815
2.79714 0.853553 4.46406
2.79857 0.85545 4.41995
2.8 0.857337 4.37586
2.80125 0.858948 4.33726
2.8025 0.860612 4.29867
2.80375 0.862262 4.26005
2.805 0.86388 4.22146
2.80625 0.865527 4.18285
2.8075 0.867186 4.14425
2.80875 0.868808 4.10565
2.81 0.87047 4.06705
2.81125 0.872112 4.02845
2.8125 0.873759 3.98986
2.81375 0.875384 3.95125
2.815 0.877037 3.91266
2.81625 0.878631 3.87406
2.8175 0.880301 3.83547
2.81875 0.881963 3.79687
2.82 0.883629 3.75829
2.82125 0.885285 3.7197
2.8225 0.886944 3.68112
2.82375 0.8886 3.64252
2.825 0.890218 3.60393
2.82625 0.891896 3.56531
2.8275 0.893542 3.52671
2.82875 0.895212 3.4881
2.83 0.896864 3.44952
2.83143 0.898733 3.4054
2.83286 0.900606 3.36131
2.83429 0.902488 3.31719
2.83571 0.90437 3.27311
2.83714 0.906249 3.229
2.83857 0.908136 3.18493
2.84 0.910064 3.14087
2.84143 0.911999 3.09681
2.84286 0.913852 3.05273
2.84429 0.915787 3.00866
2.84571 0.91768 2.96458
2.84714 0.919579 2.92054
2.8481 0.920863 2.89115
2.84905 0.922132 2.86175
2.85 0.923401 2.83236
2.85125 0.925067 2.79381
2.8525 0.926701 2.75526
2.85375 0.928369 2.71673
2.855 0.93003 2.67819
2.85625 0.931722 2.63967
2.8575 0.933385 2.60114
2.85875 0.935029 2.56264
2.86 0.936681 2.52413
2.86125 0.938362 2.48562
2.8625 0.940022 2.44711
2.86375 0.9417 2.40863
2.865 0.943332 2.37014
2.86625 0.945004 2.33167
2.8675 0.946649 2.2932
2.86875 0.948312 2.25474
2.87 0.949973 2.21628
2.87125 0.951642 2.17784
2.8725 0.953337 2.13938
2.87375 0.955034 2.10092
2.875 0.956689 2.06247
2.87625 0.958353 2.02404
2.8775 0.96003 1.98561
2.87875 0.961722 1.9472
2.88 0.963378 1.90879
2.88125 0.965052 1.8704
2.8825 0.966704 1.83201
2.88375 0.968383 1.79365
2.885 0.970033 1.75528
2.88625 0.971704 1.71693
2.8875 0.973368 1.67858
2.88875 0.975025 1.64024
2.89 0.976674 1.60191
2.89125 0.978321 1.56359
2.8925 0.979964 1.52527
2.89375 0.981645 1.48699
2.895 0.983304 1.4487
2.89625 0.984975 1.41045
2.8975 0.986637 1.3722
2.89875 0.988312 1.33395
2.9 0.98999 1.2957
2.90125 0.991633 1.25748
2.9025 0.993273 1.21923
2.90375 0.994937 1.18101
2.905 0.996609 1.14279
2.90625 0.998272 1.10459
2.9075 0.999892 1.06641
2.90875 1.00153 1.02823
2.91 1.00317 0.990064
2.91125 1.00482 0.951923
2.9125 1.00647 0.913786
2.91375 1.0081 0.87568
2.915 1.00972 0.837572
2.91625 1.01135 0.79949
2.9175 1.01298 0.761408
2.91875 1.01464 0.723351
2.92 1.01626 0.685295
2.92125 1.0179 0.647267
2.9225 1.01953 0.609241
2.92375 1.02118 0.571249
2.925 1.0228 0.533254
2.92625 1.02442 0.495287
2.9275 1.02604 0.457333
2.92875 1.02767 0.419392
2.93 1.02928 0.38146
2.93125 1.03092 0.343544
2.9325 1.03256 0.30563
2.93375 1.0342 0.267735
2.935 1.0358 0.229842
2.93625 1.03742 0.191986
2.9375 1.03902 0.15412
2.93875 1.04063 0.116256
2.94 1.04221 0.0783934
2.94125 1.04382 0.0405645
2.9425 1.0454 0.00275166
2.94375 1.04703 -0.0350315
2.945 1.04859 -0.0727952
2.94625 1.05021 -0.110545
2.9475 1.05181 -0.148256
2.94875 1.05344 -0.185937
2.95 1.05501 -0.223664
2.95125 1.05664 -0.261341
2.9525 1.0582 -0.299025
2.95375 1.0598 -0.336623
2.955 1.06137 -0.374269
2.95625 1.06296 -0.411856
2.9575 1.06449 -0.449459
2.95875 1.06604 -0.486978
2.96 1.06758 -0.524501
2.96125 1.06916 -0.561969
2.9625 1.07069 -0.599458
2.96375 1.07227 -0.636907
2.965 1.0738 -0.674322
2.96625 1.07537 -0.711742
2.9675 1.07688 -0.749134
2.96875 1.07845 -0.786486
2.97 1.07999 -0.823801
2.97125 1.08156 -0.861094
2.9725 1.08303 -0.898392
2.97375 1.08458 -0.935646
2.975 1.08608 -0.972869
2.97625 1.08762 -1.01004
2.9775 1.08918 -1.04721
2.97875 1.09067 -1.08435
2.98 1.09215 -1.12146
2.98125 1.09371 -1.15852
2.9825 1.09519 -1.19557
2.98375 1.09678 -1.23257
2.985 1.09829 -1.26957
2.98625 1.09984 -1.30655
2.9875 1.10132 -1.34349
2.98875 1.10285 -1.38038
2.99 1.10431 -1.41729
2.99125 1.10583 -1.45416
2.9925 1.10728 -1.49101
2.99375 1.10878 -1.52781
2.995 1.11022 -1.56461
2.99625 1.11172 -1.60134
2.9975 1.11316 -1.63807
2.99875 1.11466 -1.67476
3 1.11611 -1.71145
3.00125 1.1176 -1.74808
3.0025 1.11904 -1.78471
3.00375 1.12054 -1.82127
3.005 1.12198 -1.85783
3.00625 1.12345 -1.89433
3.0075 1.12488 -1.93083
3.00875 1.12635 -1.96728
3.01 1.12774 -2.00373
3.01125 1.12919 -2.04011
3.0125 1.13062 -2.07649
3.01375 1.1321 -2.11281
3.015 1.1335 -2.14912
3.01625 1.13494 -2.18538
3.0175 1.13633 -2.22164
3.01875 1.13776 -2.25785
3.02 1.13915 -2.29404
3.02125 1.14057 -2.33017
3.0225 1.14195 -2.36629
3.02375 1.14336 -2.40236
3.025 1.14473 -2.43841
3.02625 1.14613 -2.4744
3.0275 1.14753 -2.51037
3.02875 1.14894 -2.54627
3.03 1.15036 -2.58217
3.03125 1.15178 -2.61801
3.0325 1.15316 -2.65385
3.03375 1.15454 -2.68963
3.035 1.15587 -2.72539
3.03625 1.15728 -2.76108
3.0375 1.15866 -2.79676
3.03875 1.16006 -2.83237
3.04 1.16142 -2.86797
3.04125 1.16278 -2.90351
3.0425 1.16411 -2.93901
3.04375 1.16548 -2.97446
3.045 1.16678 -3.00991
3.04625 1.16813 -3.04527
3.0475 1.16943 -3.0806
3.04875 1.1708 -3.11587
3.05 1.17209 -3.15113
3.05125 1.17342 -3.18634
3.0525 1.1747 -3.22151
3.05375 1.17602 -3.25662
3.055 1.17729 -3.29171
3.05625 1.17862 -3.32675
3.0575 1.17989 -3.36177
3.05875 1.18123 -3.3967
3.06 1.18251 -3.43162
3.06125 1.18383 -3.46647
3.0625 1.18508 -3.5013
3.06375 1.18639 -3.53607
3.065 1.18765 -3.57082
3.06625 1.18899 -3.6055
3.0675 1.19024 -3.64017
3.06875 1.19154 -3.67478
3.07 1.19277 -3.70937
3.07125 1.19406 -3.74388
3.0725 1.19527 -3.77838
3.07375 1.19657 -3.81281
3.075 1.19776 -3.84722
3.07625 1.19903 -3.88156
3.0775 1.20024 -3.91588
3.07875 1.20152 -3.95013
3.08 1.20272 -3.98435
3.08125 1.20399 -4.0185
3.0825 1.20516 -4.05262
3.08375 1.20642 -4.08665
3.085 1.20767 -4.12067
3.08625 1.2089 -4.15463
3.0875 1.2101 -4.18855
3.08875 1.21136 -4.2224
3.09 1.21254 -4.25623
3.09125 1.21379 -4.28999
3.0925 1.21496 -4.32372
3.09375 1.21619 -4.35736
3.095 1.21734 -4.39097
3.09625 1.21853 -4.42455
3.0975 1.21972 -4.45807
3.09875 1.22089 -4.49153
3.1 1.22206 -4.52491
3.10125 1.22322 -4.55824
3.1025 1.22439 -4.59156
3.10375 1.22559 -4.62479
3.105 1.22671 -4.65796
3.10625 1.22787 -4.6911
3.1075 1.229 -4.72421
3.10875 1.23018 -4.75721
3.11 1.2313 -4.79025
3.11125 1.23247 -4.82316
3.1125 1.23359 -4.85608
3.11375 1.23476 -4.88892
3.115 1.23586 -4.92165
3.11625 1.23703 -4.95432
3.1175 1.23814 -4.98699
3.11875 1.23929 -5.01956
3.12 1.24037 -5.05212
3.12125 1.24153 -5.08459
3.1225 1.24263 -5.11702
3.12375 1.24378 -5.14938
3.125 1.24484 -5.18168
3.12625 1.24598 -5.21386
3.1275 1.24705 -5.24605
3.12875 1.24818 -5.27819
3.13 1.24925 -5.31026
3.13125 1.25039 -5.34223
3.1325 1.25147 -5.37417
3.13375 1.25258 -5.40601
3.135 1.25362 -5.43786
3.13625 1.25471 -5.46957
3.1375 1.25573 -5.50125
3.13875 1.25681 -5.53283
3.14 1.25782 -5.56438
3.14125 1.25886 -5.59582
3.1425 1.25988 -5.62724
3.14375 1.26096 -5.65852
3.145 1.26198 -5.68981
3.14625 1.26309 -5.72102
3.1475 1.26411 -5.75218
3.14875 1.2652 -5.78325
3.15 1.26625 -5.81429
3.15125 1.26729 -5.84521
3.1525 1.2683 -5.87611
3.15375 1.26937 -5.90691
3.155 1.2704 -5.93768
3.15625 1.27147 -5.96833
3.1575 1.27249 -5.99896
3.15875 1.27354 -6.02946
3.16 1.27454 -6.05995
3.16125 1.27556 -6.09034
3.1625 1.27654 -6.12067
3.16375 1.27757 -6.15093
3.165 1.27858 -6.18116
3.16625 1.27963 -6.21129
3.1675 1.28058 -6.24138
3.16875 1.28159 -6.27135
3.17 1.28254 -6.30128
3.17125 1.28354 -6.33111
3.1725 1.28447 -6.36091
3.17375 1.28543 -6.3906
3.175 1.28638 -6.42024
3.17625 1.28739 -6.44978
3.1775 1.28832 -6.47929
3.17875 1.28931 -6.50869
3.18 1.29021 -6.53806
3.18125 1.29123 -6.56732
3.1825 1.29212 -6.59653
3.18375 1.2931 -6.62563
3.185 1.29399 -6.65468
3.18625 1.29497 -6.68362
3.1875 1.29587 -6.71253
3.18875 1.29683 -6.74133
3.19 1.29769 -6.77009
3.19125 1.29862 -6.79874
3.1925 1.29945 -6.82735
3.19375 1.30039 -6.85584
3.195 1.30124 -6.88429
3.19625 1.30216 -6.91261
3.1975 1.30302 -6.94091
3.19833 1.30362 -6.9597
3.19917 1.30417 -6.97848
3.2 1.30475 -6.9972
3.20111 1.30548 -7.02213
3.20222 1.30626 -7.04698
3.20333 1.30698 -7.07178
3.20444 1.30776 -7.09649
3.20556 1.30848 -7.12117
3.20667 1.30926 -7.14574
3.20778 1.30997 -7.17029
3.20889 1.31073 -7.19474
3.21 1.31146 -7.21915
3.21111 1.31224 -7.24346
3.21222 1.31295 -7.26775
3.21333 1.31373 -7.29193
3.21444 1.31443 -7.31609
3.21556 1.31518 -7.34014
3.21667 1.31589 -7.36417
3.21778 1.31664 -7.3881
3.21889 1.31733 -7.412
3.22 1.31808 -7.43581
3.22111 1.31876 -7.45957
3.22222 1.3195 -7.48324
3.22333 1.32018 -7.50687
3.22444 1.32091 -7.5304
3.22556 1.32155 -7.5539
3.22667 1.32224 -7.57731
3.22778 1.32287 -7.60068
3.22889 1.32355 -7.62396
3.23 1.32419 -7.64721
3.23111 1.32488 -7.67035
3.23222 1.32552 -7.69344
3.23333 1.3262 -7.71644
3.23444 1.32682 -7.73939
3.23556 1.32748 -7.76225
3.23667 1.32809 -7.78506
3.23778 1.32873 -7.8078
3.23889 1.32931 -7.83049
3.24 1.32994 -7.85307
3.24111 1.33052 -7.87562
3.24222 1.33116 -7.89807
3.24333 1.33174 -7.92048
3.24444 1.3324 -7.94278
3.24556 1.33297 -7.96505
3.24667 1.33362 -7.98723
3.24778 1.33421 -8.00935
3.24889 1.33483 -8.03138
3.25 1.33541 -8.05335
3.25111 1.33604 -8.07524
3.25222 1.33659 -8.09708
3.25333 1.33721 -8.11883
3.25444 1.33776 -8.14053
3.25556 1.33836 -8.16213
3.25667 1.33887 -8.1837
3.25778 1.33946 -8.20515
3.25889 1.33998 -8.22657
3.26 1.34056 -8.24788
3.26111 1.34106 -8.26915
3.26222 1.34161 -8.29032
3.26333 1.34209 -8.31146
3.26444 1.34258 -8.33249
3.26556 1.34302 -8.35347
3.26667 1.34351 -8.37436
3.26778 1.34394 -8.39521
3.26889 1.3444 -8.41595
3.27 1.34481 -8.43664
3.27111 1.34526 -8.45723
3.27222 1.34563 -8.47778
3.27333 1.34605 -8.49823
3.27444 1.3464 -8.51864
3.27556 1.34677 -8.53895
3.27667 1.34711 -8.55922
3.27778 1.3475 -8.57939
3.27889 1.34782 -8.59953
3.28 1.34819 -8.61956
3.28111 1.34851 -8.63955
3.28222 1.3489 -8.65943
3.28333 1.34923 -8.67927
3.28444 1.3496 -8.69901
3.28556 1.34992 -8.7187
3.28667 1.35029 -8.73829
3.28778 1.35057 -8.75784
3.28889 1.35091 -8.7773
3.29 1.35118 -8.79671
3.29111 1.35151 -8.81601
3.29222 1.35176 -8.83529
3.29333 1.3521 -8.85445
3.29444 1.35237 -8.87359
3.29556 1.35268 -8.89261
3.29667 1.3529 -8.9116
3.29778 1.35321 -8.93047
3.29889 1.35342 -8.94931
3.3 1.3537 -8.96804
3.30111 1.35391 -8.98673
3.30222 1.35417 -9.00529
3.30333 1.35436 -9.0238
3.30444 1.35461 -9.04221
3.30556 1.35481 -9.06057
3.30667 1.3551 -9.07881
3.30778 1.35529 -9.09699
3.30889 1.35558 -9.11506
3.31 1.35574 -9.13311
3.31111 1.35597 -9.15104
3.31222 1.35614 -9.16892
3.31333 1.35637 -9.18664
3.31444 1.35657 -9.20435
3.31556 1.3568 -9.22195
3.31667 1.35695 -9.23952
3.31778 1.35719 -9.25696
3.31889 1.35735 -9.27435
3.32 1.35756 -9.29162
3.32111 1.35771 -9.30883
3.32222 1.35793 -9.32597
3.32333 1.35805 -9.34309
3.32444 1.35823 -9.36005
3.32556 1.35833 -9.37695
3.32667 1.3585 -9.39373
3.32778 1.35864 -9.41048
3.32889 1.35877 -9.4271
3.33 1.35891 -9.4437
3.33111 1.35906 -9.46014
3.33222 1.35916 -9.47657
3.33333 1.35929 -9.49285
3.33444 1.35936 -9.50914
3.33556 1.35948 -9.52532
3.33667 1.35953 -9.54141
3.33778 1.35963 -9.5574
3.33889 1.35966 -9.57333
3.34 1.35975 -9.58912
3.34111 1.35975 -9.60487
3.34222 1.35985 -9.6205
3.34333 1.35985 -9.6361
3.34444 1.35994 -9.65156
3.34556 1.3599 -9.66695
3.34667 1.35996 -9.68226
3.34778 1.35995 -9.69745
3.34889 1.36003 -9.71258
3.35 1.36005 -9.72763
3.35111 1.36015 -9.74258
3.35222 1.36019 -9.75743
3.35333 1.36029 -9.77223
3.35444 1.36031 -9.78694
3.35556 1.36039 -9.80155
3.35667 1.36038 -9.81614
3.35778 1.36043 -9.83065
3.35889 1.36038 -9.84504
3.36 1.3604 -9.85931
3.36111 1.36036 -9.87349
3.36222 1.36041 -9.88757
3.36333 1.36034 -9.90158
3.36444 1.36035 -9.91553
3.36556 1.36026 -9.92934
3.36667 1.36023 -9.94307
3.36778 1.36011 -9.95675
3.36889 1.36005 -9.97031
3.37 1.35994 -9.98383
3.37111 1.35989 -9.99718
3.37222 1.35976 -10.0105
3.37333 1.35971 -10.0237
3.37444 1.3596 -10.0368
3.37556 1.35955 -10.0498
3.37667 1.35945 -10.0628
3.37778 1.3594 -10.0756
3.37889 1.35928 -10.0884
3.38 1.35922 -10.101
3.38111 1.35908 -10.1135
3.38222 1.35901 -10.126
3.38333 1.35884 -10.1385
3.38444 1.35874 -10.1508
3.38556 1.35857 -10.163
3.38667 1.35847 -10.1751
3.38778 1.35828 -10.1871
3.38889 1.35814 -10.199
3.39 1.35791 -10.2109
3.39111 1.35777 -10.2226
3.39222 1.35754 -10.2343
3.39333 1.35741 -10.2459
3.39444 1.35719 -10.2573
3.39556 1.35705 -10.2687
3.39667 1.35683 -10.28
3.39778 1.35667 -10.2912
3.39889 1.35644 -10.3023
3.4 1.3563 -10.3133
3.40111 1.35608 -10.3243
3.40222 1.35589 -10.3351
3.40333 1.35564 -10.3459
3.40444 1.35545 -10.3565
3.40556 1.35519 -10.3671
3.40667 1.355 -10.3776
3.40778 1.35473 -10.388
3.40889 1.35452 -10.3983
3.41 1.35423 -10.4085
3.41111 1.35401 -10.4186
3.41222 1.35374 -10.4287
3.41333 1.35352 -10.4386
3.41444 1.35323 -10.4485
3.41556 1.35299 -10.4583
3.41667 1.35269 -10.468
3.41778 1.35245 -10.4775
3.41889 1.35215 -10.487
3.42 1.3519 -10.4964
3.42111 1.35157 -10.5057
3.42222 1.35131 -10.5149
3.42333 1.35097 -10.524
3.42444 1.35068 -10.533
3.42556 1.35032 -10.5419
3.42667 1.35003 -10.5507
3.42778 1.34965 -10.5594
3.42889 1.34934 -10.568
3.43 1.34896 -10.5766
3.43111 1.34864 -10.585
3.43222 1.34826 -10.5933
3.43333 1.34795 -10.6016
3.43444 1.34755 -10.6097
3.43556 1.34722 -10.6178
3.43667 1.34681 -10.6258
3.43778 1.34646 -10.6336
3.43889 1.34604 -10.6414
3.44 1.34569 -10.6491
3.44111 1.34528 -10.6567
3.44222 1.34494 -10.6642
3.44333 1.34451 -10.6716
3.44444 1.34414 -10.6789
3.44556 1.34372 -10.6862
3.44667 1.34335 -10.6933
3.44778 1.3429 -10.7003
3.44889 1.34251 -10.7073
3.45 1.34204 -10.7141
3.45111 1.34162 -10.7208
3.45222 1.34113 -10.7275
3.45333 1.3407 -10.734
3.45444 1.34017 -10.7405
3.45556 1.33972 -10.7469
3.45667 1.3392 -10.7532
3.45778 1.33874 -10.7593
3.45889 1.33822 -10.7654
3.46 1.33775 -10.7714
3.46111 1.3372 -10.7773
3.46222 1.33672 -10.7831
3.46333 1.33616 -10.7889
3.46444 1.33566 -10.7945
3.46556 1.33508 -10.8
3.46667 1.33458 -10.8054
3.46778 1.33399 -10.8108
3.46889 1.3335 -10.816
3.47 1.33294 -10.8212
3.47111 1.33244 -10.8263
3.47222 1.33188 -10.8313
3.47333 1.33137 -10.8361
3.47444 1.3308 -10.8409
3.47556 1.33031 -10.8456
3.47667 1.32972 -10.8501
3.47778 1.32921 -10.8546
3.47852 1.32881 -10.8575
3.47926 1.32842 -10.8604
3.48 1.328 -10.8632
3.481 1.3275 -10.867
3.482 1.32694 -10.8707
3.483 1.32643 -10.8742
3.484 1.32589 -10.8778
3.485 1.32538 -10.8812
3.486 1.3248 -10.8846
3.487 1.32427 -10.8879
3.488 1.32369 -10.8911
3.489 1.32316 -10.8943
3.49 1.32257 -10.8973
3.491 1.32203 -10.9003
3.492 1.32145 -10.9032
3.493 1.32091 -10.9061
3.494 1.32032 -10.9088
3.495 1.31977 -10.9115
3.496 1.31914 -10.9141
3.497 1.31856 -10.9166
3.498 1.31791 -10.919
3.499 1.31732 -10.9214
3.5 1.31668 -10.9237
3.501 1.31608 -10.9259
3.502 1.31544 -10.928
3.503 1.31487 -10.93
3.504 1.31423 -10.932
3.505 1.31366 -10.9338
3.506 1.31302 -10.9357
3.507 1.31244 -10.9374
3.508 1.31178 -10.939
3.509 1.31118 -10.9406
3.51 1.31053 -10.9421
3.511 1.30993 -10.9435
3.512 1.30926 -10.9448
3.513 1.30866 -10.946
3.514 1.30799 -10.9472
3.515 1.30738 -10.9483
3.516 1.3067 -10.9493
3.517 1.30608 -10.9502
3.518 1.30537 -10.9511
3.519 1.30472 -10.9518
3.52 1.30398 -10.9525
3.521 1.30332 -10.9531
3.522 1.30258 -10.9537
3.523 1.30191 -10.9541
3.524 1.30116 -10.9545
3.525 1.30048 -10.9548
3.526 1.29973 -10.9551
3.527 1.29906 -10.9552
3.528 1.29831 -10.9553
3.529 1.29761 -10.9552
3.53 1.29682 -10.9551
3.531 1.29611 -10.9549
3.532 1.29532 -10.9546
3.533 1.29459 -10.9542
3.534 1.2938 -10.9538
3.535 1.29306 -10.9532
3.536 1.29228 -10.9526
3.537 1.29153 -10.9519
3.538 1.29076 -10.9511
3.539 1.29005 -10.9502
3.54 1.28927 -10.9492
3.541 1.28857 -10.9482
3.542 1.28779 -10.9471
3.543 1.28706 -10.9458
3.544 1.28627 -10.9446
3.545 1.28555 -10.9432
3.546 1.28475 -10.9418
3.547 1.284 -10.9402
3.548 1.28319 -10.9386
3.549 1.28243 -10.9369
3.55 1.28159 -10.9352
3.551 1.28081 -10.9333
3.552 1.27997 -10.9314
3.553 1.27915 -10.9294
3.554 1.27831 -10.9274
3.555 1.27751 -10.9252
3.556 1.27664 -10.923
3.557 1.27584 -10.9207
3.558 1.27497 -10.9183
3.559 1.27415 -10.9158
3.56 1.27326 -10.9132
3.561 1.27245 -10.9106
3.562 1.27154 -10.9078
3.563 1.27071 -10.905
3.564 1.26977 -10.9021
3.565 1.26892 -10.8992
3.566 1.26801 -10.8961
3.567 1.26714 -10.893
3.568 1.26623 -10.8898
3.569 1.26534 -10.8865
3.57 1.26444 -10.8831
3.571 1.26358 -10.8797
3.572 1.26266 -10.8761
3.573 1.26179 -10.8725
3.574 1.26086 -10.8689
3.575 1.25996 -10.8651
3.576 1.25904 -10.8612
3.577 1.25817 -10.8573
3.578 1.25724 -10.8533
3.579 1.25635 -10.8491
3.58 1.2554 -10.845
3.581 1.25449 -10.8407
3.582 1.25354 -10.8363
3.583 1.25265 -10.8319
3.584 1.25171 -10.8274
3.585 1.25082 -10.8227
3.586 1.24986 -10.8181
3.587 1.24895 -10.8133
3.588 1.24797 -10.8085
3.589 1.24706 -10.8035
3.59 1.24607 -10.7985
3.591 1.24514 -10.7934
3.592 1.24414 -10.7883
3.593 1.24322 -10.783
3.594 1.24221 -10.7777
3.595 1.24128 -10.7722
3.596 1.2403 -10.7668
3.597 1.23935 -10.7612
3.598 1.23834 -10.7556
3.599 1.23738 -10.7498
3.6 1.23638 -10.744
3.601 1.23543 -10.7381
3.602 1.23444 -10.7322
3.603 1.2335 -10.7261
3.604 1.23249 -10.72
3.605 1.23151 -10.7138
3.606 1.23048 -10.7075
3.607 1.22949 -10.7011
3.608 1.22844 -10.6947
3.609 1.22747 -10.6882
3.61 1.22644 -10.6816
3.611 1.22547 -10.6749
3.612 1.22443 -10.6681
3.613 1.22344 -10.6612
3.614 1.22239 -10.6543
3.615 1.22138 -10.6473
3.616 1.2203 -10.6402
3.617 1.21927 -10.633
3.618 1.21819 -10.6258
3.619 1.21718 -10.6184
3.62 1.21612 -10.611
3.621 1.2151 -10.6035
3.622 1.214 -10.5959
3.623 1.21296 -10.5883
3.624 1.21185 -10.5806
3.625 1.21081 -10.5728
3.626 1.20973 -10.5649
3.627 1.20868 -10.5569
3.628 1.2076 -10.5489
3.629 1.20656 -10.5408
3.63 1.20545 -10.5326
3.631 1.20439 -10.5243
3.632 1.20326 -10.516
3.633 1.20219 -10.5076
3.634 1.20106 -10.4991
3.635 1.19998 -10.4905
3.636 1.19886 -10.4818
3.637 1.19781 -10.4731
3.638 1.19671 -10.4643
3.639 1.19563 -10.4554
3.64 1.1945 -10.4464
3.641 1.19341 -10.4374
3.642 1.19228 -10.4283
3.643 1.19122 -10.4191
3.644 1.1901 -10.4098
3.645 1.189 -10.4004
3.646 1.18787 -10.391
3.647 1.18678 -10.3814
3.648 1.1856 -10.3718
3.649 1.18449 -10.3622
3.65 1.1833 -10.3524
3.651 1.1822 -10.3425
3.652 1.18105 -10.3326
3.653 1.17994 -10.3226
3.654 1.17878 -10.3126
3.655 1.17769 -10.3024
3.656 1.17651 -10.2922
3.657 1.17538 -10.2819
3.658 1.1742 -10.2715
3.659 1.1731 -10.2611
3.66 1.17192 -10.2505
3.661 1.17081 -10.2399
3.662 1.16966 -10.2292
3.663 1.16853 -10.2185
3.664 1.16735 -10.2076
3.665 1.16624 -10.1967
3.666 1.16505 -10.1857
3.667 1.16396 -10.1747
3.668 1.16279 -10.1635
3.669 1.16172 -10.1523
3.67 1.16054 -10.141
3.671 1.15944 -10.1297
3.672 1.15824 -10.1182
3.673 1.15714 -10.1067
3.674 1.15594 -10.0952
3.675 1.15483 -10.0835
3.676 1.15367 -10.0717
3.677 1.15257 -10.0599
3.678 1.15138 -10.048
3.679 1.15026 -10.036
3.68 1.14904 -10.024
3.681 1.14794 -10.0119
3.682 1.1467 -9.99966
3.683 1.1456 -9.98738
3.684 1.14442 -9.97505
3.685 1.14329 -9.96264
3.686 1.14205 -9.95018
3.687 1.14086 -9.93763
3.688 1.13963 -9.92502
3.689 1.13849 -9.91231
3.69 1.13728 -9.89956
3.691 1.13614 -9.8867
3.692 1.13488 -9.87379
3.693 1.13374 -9.8608
3.694 1.1325 -9.84774
3.695 1.13139 -9.8346
3.696 1.13017 -9.82139
3.697 1.12901 -9.80809
3.698 1.12784 -9.79473
3.699 1.12665 -9.7813
3.7 1.12541 -9.7678
3.701 1.12425 -9.75422
3.702 1.12301 -9.74058
3.703 1.12184 -9.72685
3.704 1.1207 -9.71307
3.705 1.11943 -9.69921
3.706 1.11817 -9.68529
3.707 1.11696 -9.67129
3.708 1.11581 -9.65723
3.709 1.11464 -9.64308
3.71 1.1134 -9.62888
3.711 1.11224 -9.61459
3.712 1.11102 -9.60024
3.713 1.10986 -9.5858
3.714 1.10864 -9.57132
3.715 1.10735 -9.55674
3.716 1.10622 -9.54211
3.717 1.10504 -9.52739
3.718 1.10376 -9.51261
3.719 1.10267 -9.49776
3.72 1.10148 -9.48286
3.721 1.10026 -9.46787
3.722 1.09903 -9.45283
3.723 1.09785 -9.43771
3.724 1.09663 -9.42253
3.725 1.09545 -9.40727
3.726 1.09423 -9.39195
3.727 1.09303 -9.37656
3.728 1.09171 -9.36111
3.729 1.09052 -9.34559
3.73 1.08923 -9.33001
3.731 1.08799 -9.31434
3.732 1.08675 -9.29864
3.73289 1.08568 -9.28462
3.73378 1.08436 -9.27054
3.73467 1.08348 -9.2564
3.73556 1.08234 -9.24221
3.73644 1.08129 -9.22797
3.73733 1.08016 -9.21368
3.73822 1.07913 -9.19933
3.73911 1.07812 -9.18495
3.74 1.07683 -9.1705
3.74091 1.07571 -9.15566
3.74182 1.07456 -9.14076
3.74273 1.07357 -9.12583
3.74364 1.07239 -9.11083
3.74455 1.07125 -9.0958
3.74545 1.0702 -9.0807
3.74636 1.06903 -9.06556
3.74727 1.068 -9.05036
3.74818 1.0669 -9.03511
3.74909 1.0658 -9.01979
3.75 1.06471 -9.00443
3.75091 1.06361 -8.989
3.75182 1.06253 -8.97353
3.75273 1.06135 -8.958
3.75364 1.06023 -8.94243
3.75455 1.05915 -8.92679
3.75545 1.05798 -8.91111
3.75636 1.05697 -8.89537
3.75727 1.05585 -8.8796
3.75818 1.05481 -8.86376
3.75909 1.05368 -8.84788
3.76 1.05254 -8.83194
3.76091 1.05148 -8.81597
3.76182 1.0504 -8.79993
3.76273 1.04936 -8.78386
3.76364 1.04835 -8.76772
3.76455 1.04744 -8.75154
3.76545 1.04612 -8.7353
3.76636 1.04497 -8.71901
3.76727 1.04393 -8.70266
3.76818 1.04279 -8.68627
3.76909 1.04174 -8.66984
3.77 1.0407 -8.65337
3.77091 1.03962 -8.63684
3.77182 1.03857 -8.62027
3.77273 1.03756 -8.60365
3.77364 1.03644 -8.58699
3.77455 1.03543 -8.57026
3.77545 1.03429 -8.55349
3.77636 1.03329 -8.53666
3.77727 1.03232 -8.51979
3.77818 1.03111 -8.50286
3.77909 1.03002 -8.4859
3.78 1.02893 -8.46888
3.78091 1.02784 -8.45183
3.78182 1.02674 -8.43472
3.78273 1.02563 -8.41757
3.78364 1.02449 -8.40037
3.78455 1.02319 -8.38313
3.78545 1.02217 -8.36583
3.78636 1.02114 -8.3485
3.78727 1.01996 -8.3311
3.78818 1.01883 -8.31367
3.78909 1.01772 -8.29618
3.79 1.01659 -8.27865
3.79091 1.01543 -8.26107
3.79182 1.01421 -8.24347
3.79273 1.01302 -8.2258
3.79364 1.01174 -8.2081
3.79455 1.01059 -8.19035
3.79545 1.00919 -8.17256
3.79636 1.00801 -8.15472
3.79727 1.00671 -8.13684
3.79818 1.00562 -8.11891
3.79909 1.00437 -8.100