-0.468812 -0.465352
-0.469095 -0.462891
-0.469085 -0.458984
-0.469305 -0.455078
-0.469268 -0.451172
-0.469047 -0.447266
-0.468606 -0.443359
-0.460669 -0.498047
-0.46184 -0.494141
-0.464909 -0.486328
-0.463342 -0.490234
-0.464909 -0.486328
-0.460669 -0.498047
-0.46184 -0.494141
-0.466103 -0.482422
-0.467027 -0.478516
-0.466103 -0.482422
-0.467712 -0.474609
-0.468135 -0.470703
-0.458984 -0.470703
-0.465989 -0.466797
-0.465989 -0.466797
-0.461172 -0.463325
-0.458984 -0.466433
-0.460378 -0.46187
-0.455469 -0.466168
-0.45483 -0.462891
-0.458936 -0.460413
-0.456363 -0.46055
-0.468606 -0.443359
-0.467916 -0.439453
-0.466918 -0.435547
-0.465555 -0.431641
-0.465555 -0.431641
-0.463803 -0.427734
-0.461503 -0.423828
-0.461503 -0.423828
-0.458594 -0.419922
-0.458594 -0.419922
-0.455078 -0.416307
-0.451172 -0.413224
-0.451172 -0.413224
-0.447266 -0.410931
-0.447266 -0.410931
-0.443359 -0.409242
-0.439453 -0.408053
-0.435547 -0.407113
-0.431641 -0.405948
-0.431641 -0.405948
-0.427734 -0.403803
-0.424329 -0.400391
-0.424329 -0.400391
-0.421548 -0.396484
-0.421548 -0.396484
-0.419152 -0.392578
-0.419152 -0.392578
-0.416618 -0.388672
-0.414019 -0.384766
-0.414019 -0.384766
-0.411369 -0.380859
-0.411369 -0.380859
-0.40872 -0.376953
-0.377245 -0.423828
-0.376953 -0.424032
-0.377245 -0.423828
-0.378803 -0.419922
-0.379107 -0.416016
-0.378803 -0.419922
-0.378732 -0.412109
-0.378732 -0.412109
-0.378106 -0.408203
-0.377501 -0.404297
-0.377043 -0.400391
-0.376796 -0.396484
-0.376775 -0.392578
-0.376985 -0.388672
-0.377456 -0.384766
-0.37906 -0.376953
-0.378171 -0.380859
-0.37906 -0.376953
-0.464412 -0.361328
-0.462416 -0.365234
-0.464412 -0.361328
-0.458984 -0.36875
-0.455078 -0.371085
-0.455078 -0.371085
-0.462416 -0.365234
-0.464994 -0.357422
-0.464703 -0.353516
-0.464703 -0.353516
-0.463419 -0.349609
-0.460938 -0.345703
-0.460938 -0.345703
-0.451172 -0.372564
-0.447266 -0.373525
-0.443359 -0.374099
-0.439453 -0.374335
-0.458984 -0.343726
-0.455078 -0.340615
-0.455078 -0.340615
-0.451172 -0.338427
-0.451172 -0.338427
-0.447266 -0.337135
-0.443359 -0.336547
-0.439453 -0.33648
-0.474025 -0.30628
-0.470703 -0.307576
-0.474864 -0.302734
-0.474645 -0.298828
-0.473097 -0.294922
-0.473097 -0.294922
-0.470703 -0.292365
-0.471741 -0.267578
-0.467892 -0.271484
-0.471741 -0.267578
-0.475246 -0.263672
-0.477819 -0.259766
-0.480057 -0.255859
-0.482612 -0.251953
-0.480057 -0.255859
-0.475246 -0.263672
-0.477819 -0.259766
-0.466797 -0.306336
-0.46449 -0.302734
-0.46449 -0.302734
-0.463579 -0.298828
-0.466797 -0.289886
-0.463952 -0.294922
-0.464776 -0.292858
-0.453142 -0.291016
-0.456136 -0.287109
-0.458832 -0.283203
-0.456136 -0.287109
-0.446514 -0.298828
-0.439664 -0.306641
-0.436813 -0.310547
-0.439664 -0.306641
-0.442959 -0.302734
-0.446514 -0.298828
-0.442959 -0.302734
-0.449954 -0.294922
-0.453142 -0.291016
-0.449954 -0.294922
-0.442317 -0.290362
-0.43962 -0.292005
-0.442923 -0.287109
-0.441706 -0.284931
-0.442923 -0.287109
-0.439272 -0.284395
-0.464571 -0.275391
-0.461607 -0.279297
-0.464571 -0.275391
-0.467892 -0.271484
-0.461607 -0.279297
-0.435547 -0.374252
-0.431641 -0.373818
-0.427734 -0.372978
-0.423828 -0.371633
-0.423828 -0.371633
-0.419922 -0.369545
-0.416016 -0.366216
-0.415141 -0.365234
-0.406245 -0.373047
-0.415141 -0.365234
-0.412784 -0.361328
-0.41138 -0.357422
-0.410787 -0.353516
-0.410773 -0.349609
-0.411183 -0.345703
-0.435547 -0.335879
-0.43406 -0.333984
-0.43406 -0.333984
-0.432299 -0.330078
-0.431622 -0.326172
-0.431906 -0.322266
-0.434521 -0.314453
-0.432889 -0.318359
-0.434521 -0.314453
-0.413936 -0.333984
-0.415079 -0.330078
-0.411901 -0.341797
-0.41285 -0.337891
-0.413936 -0.333984
-0.416198 -0.326172
-0.417277 -0.322266
-0.418323 -0.318359
-0.419273 -0.314453
-0.418323 -0.318359
-0.406633 -0.326172
-0.40768 -0.322266
-0.408625 -0.318359
-0.409425 -0.314453
-0.406245 -0.373047
-0.404086 -0.369141
-0.402446 -0.365234
-0.402446 -0.365234
-0.40136 -0.361328
-0.400872 -0.357422
-0.400766 -0.353516
-0.40108 -0.349609
-0.401679 -0.345703
-0.38271 -0.361328
-0.380085 -0.373047
-0.381081 -0.369141
-0.381808 -0.365234
-0.38271 -0.361328
-0.386905 -0.355782
-0.387781 -0.353516
-0.384766 -0.358431
-0.381786 -0.353516
-0.385568 -0.349609
-0.386707 -0.345703
-0.385568 -0.349609
-0.386707 -0.345703
-0.382784 -0.357422
-0.381786 -0.353516
-0.377057 -0.357089
-0.376459 -0.353516
-0.380859 -0.349878
-0.380859 -0.346895
-0.378487 -0.351143
-0.402442 -0.341797
-0.4033 -0.337891
-0.402442 -0.341797
-0.404281 -0.333984
-0.405427 -0.330078
-0.389047 -0.337891
-0.394531 -0.332031
-0.395198 -0.329421
-0.390847 -0.333984
-0.39206 -0.330078
-0.406633 -0.326172
-0.396413 -0.326172
-0.396324 -0.322266
-0.391274 -0.326172
-0.391742 -0.322266
-0.396783 -0.318359
-0.397349 -0.314453
-0.391287 -0.318495
-0.39091 -0.315808
-0.387919 -0.341797
-0.389047 -0.337891
-0.387919 -0.341797
-0.390847 -0.333984
-0.39206 -0.330078
-0.386707 -0.328159
-0.391274 -0.326172
-0.386365 -0.324965
-0.384904 -0.322266
-0.39032 -0.313606
-0.382771 -0.318359
-0.382771 -0.318359
-0.380419 -0.314453
-0.436813 -0.310547
-0.435547 -0.291539
-0.431641 -0.290052
-0.435547 -0.284111
-0.431641 -0.282561
-0.427734 -0.289391
-0.423805 -0.289995
-0.429401 -0.289017
-0.428267 -0.281566
-0.425549 -0.289041
-0.421888 -0.281254
-0.420045 -0.310547
-0.420221 -0.306641
-0.419551 -0.302734
-0.418971 -0.298828
-0.410324 -0.310547
-0.411418 -0.306641
-0.410324 -0.310547
-0.412202 -0.302734
-0.41277 -0.298828
-0.419294 -0.294922
-0.419922 -0.292284
-0.416016 -0.292568
-0.416016 -0.292568
-0.41843 -0.287109
-0.419929 -0.283203
-0.41843 -0.287109
-0.413683 -0.296189
-0.42666 -0.281054
-0.423883 -0.280809
-0.421755 -0.281177
-0.398095 -0.310547
-0.398862 -0.306641
-0.399717 -0.302734
-0.400575 -0.298828
-0.398095 -0.310547
-0.398862 -0.306641
-0.402351 -0.291016
-0.401463 -0.294922
-0.402351 -0.291016
-0.403187 -0.287109
-0.403892 -0.283203
-0.388833 -0.310547
-0.38658 -0.306641
-0.38658 -0.306641
-0.386819 -0.304471
-0.384766 -0.302302
-0.384766 -0.302302
-0.378614 -0.310547
-0.378614 -0.310547
-0.377833 -0.306641
-0.379819 -0.301375
-0.381354 -0.300467
-0.378501 -0.304021
-0.381125 -0.291016
-0.382785 -0.287109
-0.383705 -0.283203
-0.379097 -0.293106
-0.381125 -0.291016
-0.376953 -0.293882
-0.382785 -0.287109
-0.404476 -0.279297
-0.404885 -0.275391
-0.4049 -0.271484
-0.404341 -0.267578
-0.403064 -0.263672
-0.403064 -0.263672
-0.400804 -0.259766
-0.397778 -0.255859
-0.397778 -0.255859
-0.396484 -0.254456
-0.392578 -0.251585
-0.384806 -0.279297
-0.385772 -0.275391
-0.386059 -0.271484
-0.385231 -0.267578
-0.383798 -0.263672
-0.382897 -0.259766
-0.388672 -0.251443
-0.383463 -0.255859
-0.385573 -0.252935
-0.382897 -0.259766
-0.383463 -0.255859
-0.345411 -0.485599
-0.345498 -0.482422
-0.342025 -0.485542
-0.330078 -0.486328
-0.341793 -0.482422
-0.324728 -0.492466
-0.322266 -0.492553
-0.326586 -0.490234
-0.325329 -0.486636
-0.322266 -0.485628
-0.319329 -0.490234
-0.319878 -0.487295
-0.316406 -0.488281
-0.324242 -0.48036
-0.322266 -0.481552
-0.322266 -0.481552
-0.320313 -0.476562
-0.318914 -0.478516
-0.373047 -0.426842
-0.373047 -0.426842
-0.369141 -0.42817
-0.361328 -0.42983
-0.365234 -0.429183
-0.361328 -0.42983
-0.357422 -0.430277
-0.353516 -0.430519
-0.349609 -0.430476
-0.345703 -0.430125
-0.341797 -0.429361
-0.341797 -0.429361
-0.337891 -0.428082
-0.333984 -0.426179
-0.333984 -0.426179
-0.330078 -0.423635
-0.326172 -0.420386
-0.326172 -0.420386
-0.325679 -0.419922
-0.322032 -0.416016
-0.318898 -0.412109
-0.322032 -0.416016
-0.318898 -0.412109
-0.31621 -0.408203
-0.31621 -0.408203
-0.313886 -0.404297
-0.311841 -0.400391
-0.272154 -0.486328
-0.266317 -0.487456
-0.270775 -0.483434
-0.267578 -0.482832
-0.267578 -0.470703
-0.265042 -0.485738
-0.259569 -0.486328
-0.257496 -0.486328
-0.253297 -0.487555
-0.264769 -0.483716
-0.258449 -0.484097
-0.254762 -0.484108
-0.254616 -0.477393
-0.251953 -0.477163
-0.254264 -0.474609
-0.254399 -0.472175
-0.248445 -0.474609
-0.251953 -0.47235
-0.311841 -0.400391
-0.3101 -0.396484
-0.308528 -0.392578
-0.308528 -0.392578
-0.307236 -0.388672
-0.30623 -0.384766
-0.305604 -0.380859
-0.305485 -0.376953
-0.363893 -0.340446
-0.364793 -0.337891
-0.361328 -0.341303
-0.36429 -0.334716
-0.361328 -0.333693
-0.358609 -0.340505
-0.357377 -0.337891
-0.358595 -0.335109
-0.328216 -0.347754
-0.329397 -0.345703
-0.311823 -0.361328
-0.322266 -0.35206
-0.325542 -0.349609
-0.329397 -0.345703
-0.322266 -0.35206
-0.318359 -0.355097
-0.318359 -0.355097
-0.314453 -0.358573
-0.329015 -0.341797
-0.340079 -0.321756
-0.337877 -0.324793
-0.339291 -0.323365
-0.340024 -0.319985
-0.337891 -0.3185
-0.33541 -0.324518
-0.333532 -0.322266
-0.334169 -0.318791
-0.329015 -0.341797
-0.325336 -0.339204
-0.322266 -0.338215
-0.318359 -0.33754
-0.314453 -0.33722
-0.369141 -0.297503
-0.365234 -0.301032
-0.365234 -0.301032
-0.361328 -0.303342
-0.373047 -0.294715
-0.369141 -0.297503
-0.357422 -0.304233
-0.353516 -0.303934
-0.349609 -0.299159
-0.349208 -0.298828
-0.348376 -0.294922
-0.347892 -0.291016
-0.347892 -0.291016
-0.347078 -0.287109
-0.347078 -0.287109
-0.345513 -0.283203
-0.343693 -0.279297
-0.343711 -0.263672
-0.345106 -0.259766
-0.345157 -0.255859
-0.344603 -0.251953
-0.313134 -0.309957
-0.312227 -0.306641
-0.311896 -0.302734
-0.343693 -0.279297
-0.341767 -0.275391
-0.340668 -0.271484
-0.341439 -0.267578
-0.343711 -0.263672
-0.305926 -0.373047
-0.307045 -0.369141
-0.308986 -0.365234
-0.311823 -0.361328
-0.308986 -0.365234
-0.283203 -0.344345
-0.310547 -0.337216
-0.306641 -0.33754
-0.302734 -0.33816
-0.298828 -0.339022
-0.308654 -0.312511
-0.294922 -0.340151
-0.294922 -0.340151
-0.291016 -0.341535
-0.287109 -0.342945
-0.283203 -0.344345
-0.279297 -0.345662
-0.275391 -0.346706
-0.271484 -0.347522
-0.271484 -0.347522
-0.267578 -0.348158
-0.263672 -0.348777
-0.259766 -0.349622
-0.255859 -0.350906
-0.251953 -0.352839
-0.255859 -0.350906
-0.310658 -0.311255
-0.312227 -0.306641
-0.306641 -0.310448
-0.311896 -0.302734
-0.309411 -0.300277
-0.306641 -0.29974
-0.304004 -0.309133
-0.301809 -0.306641
-0.302955 -0.302734
-0.304449 -0.300588
-0.265934 -0.270587
-0.265966 -0.268839
-0.261988 -0.273531
-0.263836 -0.271484
-0.263419 -0.267887
-0.259766 -0.272113
-0.259766 -0.267243
-0.255861 -0.270488
-0.255602 -0.266515
-0.251721 -0.267578
-0.251953 -0.264725
-0.49235 -0.236328
-0.488489 -0.244141
-0.485656 -0.248047
-0.488489 -0.244141
-0.49067 -0.240234
-0.49235 -0.236328
-0.493619 -0.232422
-0.494607 -0.228516
-0.495239 -0.224609
-0.495575 -0.220703
-0.485656 -0.248047
-0.495553 -0.216797
-0.495106 -0.212891
-0.495553 -0.216797
-0.495106 -0.212891
-0.49629 -0.208984
-0.497734 -0.206283
-0.49629 -0.208984
-0.492849 -0.205078
-0.492849 -0.205078
-0.489993 -0.201172
-0.488348 -0.199162
-0.486328 -0.19808
-0.486328 -0.19808
-0.482422 -0.196199
-0.478516 -0.194935
-0.482422 -0.196199
-0.478516 -0.194935
-0.474609 -0.194257
-0.470703 -0.194279
-0.453658 -0.208984
-0.455657 -0.205078
-0.466797 -0.19512
-0.462891 -0.196971
-0.466797 -0.19512
-0.458192 -0.201172
-0.458984 -0.200285
-0.458192 -0.201172
-0.451172 -0.21224
-0.447266 -0.214211
-0.453658 -0.208984
-0.443359 -0.214427
-0.443359 -0.214427
-0.439453 -0.214117
-0.435547 -0.213707
-0.431641 -0.213242
-0.431641 -0.213242
-0.427734 -0.212701
-0.423828 -0.212101
-0.419922 -0.211459
-0.416016 -0.210828
-0.416016 -0.210828
-0.412109 -0.210241
-0.408203 -0.209739
-0.404297 -0.20934
-0.400391 -0.209069
-0.396484 -0.208943
-0.392578 -0.208981
-0.388672 -0.209199
-0.384766 -0.209618
-0.376953 -0.21116
-0.380859 -0.210264
-0.376953 -0.21116
-0.406452 -0.00195312
-0.392578 -0.0164455
-0.399602 -0.00976562
-0.403039 -0.00585938
-0.406452 -0.00195312
-0.403039 -0.00585938
-0.396484 -0.0128721
-0.396484 -0.0128721
-0.392578 -0.0164455
-0.389614 -0.00195312
-0.384766 -0.0234055
-0.388672 -0.02
-0.388672 -0.02
-0.384766 -0.0234055
-0.380859 -0.0264599
-0.380859 -0.0264599
-0.376953 -0.0293225
-0.376953 -0.0140367
-0.384766 -0.0068423
-0.385769 -0.00585938
-0.389614 -0.00195312
-0.384766 -0.0068423
-0.380859 -0.0105649
-0.380859 -0.0105649
-0.376953 -0.0140367
-0.361328 -0.218108
-0.344141 -0.248047
-0.344116 -0.244141
-0.344673 -0.240234
-0.345871 -0.236328
-0.35025 -0.228516
-0.357422 -0.221015
-0.357422 -0.221015
-0.353566 -0.224609
-0.347701 -0.232422
-0.35025 -0.228516
-0.347701 -0.232422
-0.373047 -0.212324
-0.369141 -0.213846
-0.365234 -0.215768
-0.365234 -0.215768
-0.361328 -0.218108
-0.314453 -0.0626069
-0.373047 -0.0322303
-0.369141 -0.034922
-0.369141 -0.034922
-0.361328 -0.0399955
-0.365234 -0.0374443
-0.361328 -0.0399955
-0.349609 -0.0464062
-0.345703 -0.0485091
-0.357422 -0.0421316
-0.357422 -0.0421316
-0.353516 -0.044434
-0.353516 -0.0309484
-0.349609 -0.0464062
-0.349609 -0.0332204
-0.345703 -0.0354146
-0.345703 -0.0354146
-0.373047 -0.0322303
-0.373047 -0.017209
-0.369141 -0.0201971
-0.369141 -0.0201971
-0.365234 -0.0231352
-0.361328 -0.0259357
-0.365234 -0.0231352
-0.357422 -0.0284485
-0.357422 -0.0284485
-0.353516 -0.0309484
-0.341797 -0.0502932
-0.341797 -0.0502932
-0.337891 -0.0522249
-0.333984 -0.0538538
-0.330078 -0.0557655
-0.333984 -0.0538538
-0.330078 -0.0557655
-0.337891 -0.0394427
-0.341797 -0.0374958
-0.337891 -0.0394427
-0.333984 -0.041374
-0.330078 -0.0432301
-0.330078 -0.0432301
-0.326172 -0.0573773
-0.326172 -0.0573773
-0.322266 -0.0592293
-0.322266 -0.0592293
-0.322266 -0.0468206
-0.318359 -0.0609111
-0.314453 -0.0626069
-0.318359 -0.0484741
-0.314453 -0.0501987
-0.314453 -0.0501987
-0.326172 -0.0450331
-0.322266 -0.0468206
-0.310547 -0.0643811
-0.306641 -0.0659987
-0.306641 -0.0659987
-0.302734 -0.0677918
-0.298828 -0.0693375
-0.294922 -0.0708648
-0.291016 -0.0722017
-0.294922 -0.0708648
-0.287109 -0.0732794
-0.283203 -0.0742222
-0.283203 -0.0742222
-0.283203 -0.0619519
-0.249377 -0.0996094
-0.251936 -0.0957031
-0.267578 -0.0778822
-0.279297 -0.0750367
-0.275391 -0.0757768
-0.279297 -0.0638465
-0.275391 -0.0660035
-0.275391 -0.0660035
-0.271484 -0.0764821
-0.267578 -0.0778822
-0.271484 -0.0676872
-0.267578 -0.0683706
-0.257596 -0.0878906
-0.261004 -0.0839844
-0.263672 -0.0808732
-0.261004 -0.0839844
-0.254596 -0.0917969
-0.257596 -0.0878906
-0.254596 -0.0917969
-0.263672 -0.0671241
-0.263672 -0.0671241
-0.259766 -0.0635634
-0.310547 -0.0516944
-0.306641 -0.0532319
-0.302734 -0.0546659
-0.298828 -0.0559744
-0.302734 -0.0546659
-0.294922 -0.0573487
-0.291016 -0.0587256
-0.291016 -0.0587256
-0.287109 -0.0601905
-0.283203 -0.0619519
-0.259766 -0.0635634
-0.255859 -0.0609458
-0.251953 -0.0593372
-0.251953 -0.0593372
-0.249401 -0.487698
-0.245235 -0.487881
-0.240234 -0.487938
-0.236328 -0.487876
-0.245895 -0.482422
-0.24762 -0.478516
-0.245895 -0.482422
-0.24762 -0.478516
-0.248445 -0.474609
-0.245594 -0.470703
-0.243965 -0.474609
-0.245594 -0.470703
-0.232422 -0.487336
-0.228516 -0.487261
-0.224609 -0.487524
-0.220703 -0.487806
-0.244992 -0.466797
-0.244079 -0.462891
-0.243185 -0.458984
-0.242306 -0.455078
-0.242306 -0.455078
-0.241358 -0.451172
-0.240417 -0.447266
-0.239534 -0.443359
-0.238685 -0.439453
-0.238685 -0.439453
-0.216797 -0.487933
-0.212891 -0.487936
-0.208984 -0.487906
-0.205078 -0.487882
-0.201172 -0.487855
-0.197266 -0.487813
-0.193359 -0.48776
-0.189453 -0.487713
-0.237754 -0.435547
-0.236624 -0.431641
-0.235338 -0.427734
-0.233986 -0.423828
-0.233986 -0.423828
-0.232567 -0.419922
-0.231357 -0.416016
-0.230449 -0.412109
-0.230449 -0.412109
-0.229804 -0.408203
-0.234512 -0.376953
-0.229498 -0.404297
-0.229516 -0.400391
-0.23036 -0.392578
-0.229819 -0.396484
-0.23036 -0.392578
-0.231144 -0.388672
-0.232099 -0.384766
-0.233214 -0.380859
-0.234512 -0.376953
-0.185547 -0.487686
-0.181641 -0.487685
-0.177734 -0.48771
-0.173828 -0.487755
-0.169922 -0.487806
-0.166016 -0.487847
-0.162109 -0.487864
-0.158203 -0.487851
-0.154297 -0.487809
-0.150391 -0.487741
-0.146484 -0.487649
-0.142578 -0.487537
-0.138672 -0.48741
-0.134766 -0.487272
-0.130859 -0.487128
-0.126953 -0.486979
-0.242536 -0.361328
-0.237751 -0.369141
-0.236042 -0.373047
-0.237751 -0.369141
-0.239882 -0.365234
-0.242536 -0.361328
-0.248047 -0.355552
-0.248047 -0.355552
-0.245977 -0.357422
-0.248625 -0.266172
-0.248047 -0.263274
-0.244023 -0.263783
-0.244141 -0.261076
-0.240803 -0.262593
-0.240234 -0.260249
-0.236328 -0.259488
-0.235342 -0.257531
-0.232784 -0.259667
-0.230211 -0.258343
-0.232422 -0.256911
-0.229771 -0.256411
-0.193129 -0.298828
-0.191308 -0.300815
-0.18975 -0.298828
-0.192628 -0.296225
-0.189973 -0.296153
-0.157229 -0.314453
-0.15502 -0.314453
-0.15729 -0.311831
-0.185464 -0.251418
-0.182821 -0.251618
-0.154974 -0.311873
-0.149137 -0.270098
-0.150013 -0.267578
-0.146484 -0.270443
-0.144701 -0.266381
-0.144318 -0.269822
-0.144379 -0.267578
-0.149141 -0.265122
-0.146484 -0.265045
-0.144496 -0.265582
-0.123047 -0.486829
-0.119141 -0.486678
-0.115234 -0.486527
-0.111328 -0.486376
-0.107422 -0.48621
-0.103516 -0.48604
-0.0996094 -0.48587
-0.0957031 -0.485706
-0.0917969 -0.485554
-0.0878906 -0.485419
-0.0839844 -0.485302
-0.0800781 -0.485204
-0.0761719 -0.485123
-0.0722656 -0.485058
-0.0683594 -0.485006
-0.0644531 -0.484961
-0.0605469 -0.484909
-0.0566406 -0.484836
-0.0527344 -0.484728
-0.0488281 -0.484578
-0.0449219 -0.484383
-0.0449219 -0.484383
-0.0410156 -0.484125
-0.0371094 -0.483811
-0.0332031 -0.483406
-0.0292969 -0.48279
-0.0253906 -0.481827
-0.0214844 -0.480302
-0.0214844 -0.480302
-0.0175781 -0.47746
-0.0152606 -0.474609
-0.0152606 -0.474609
-0.0138513 -0.470703
-0.0132604 -0.466797
-0.0129575 -0.462891
-0.0128019 -0.458984
-0.0127199 -0.455078
-0.0126778 -0.451172
-0.0126578 -0.447266
-0.0126496 -0.443359
-0.0126469 -0.439453
-0.0126453 -0.435547
-0.0126424 -0.431641
-0.0126371 -0.427734
-0.0126298 -0.423828
-0.0126213 -0.419922
-0.0126133 -0.416016
-0.0126075 -0.412109
-0.0126053 -0.408203
-0.012608 -0.404297
-0.0126168 -0.400391
-0.0126324 -0.396484
-0.0126556 -0.392578
-0.0126869 -0.388672
-0.0127266 -0.384766
-0.012775 -0.380859
-0.0128316 -0.376953
-0.0128958 -0.373047
-0.012967 -0.369141
-0.013045 -0.365234
-0.0131305 -0.361328
-0.0132243 -0.357422
-0.0133268 -0.353516
-0.0134381 -0.349609
-0.0135586 -0.345703
-0.0136883 -0.341797
-0.0138257 -0.337891
-0.0139725 -0.333984
-0.0141264 -0.330078
-0.0142858 -0.326172
-0.0144506 -0.322266
-0.0146209 -0.318359
-0.0147961 -0.314453
-0.015691 -0.294922
-0.0159573 -0.291016
-0.0162822 -0.287109
-0.0166414 -0.283203
-0.0149751 -0.310547
-0.0151572 -0.306641
-0.0153396 -0.302734
-0.0155185 -0.298828
-0.015691 -0.294922
-0.0170114 -0.279297
-0.0173907 -0.275391
-0.0177841 -0.271484
-0.0181948 -0.267578
-0.0186111 -0.263672
-0.0190108 -0.259766
-0.0196089 -0.251953
-0.0193601 -0.255859
-0.0196089 -0.251953
-0.224609 -0.125251
-0.220703 -0.127716
-0.220703 -0.127716
-0.212891 -0.132301
-0.216797 -0.130144
-0.216797 -0.130144
-0.212891 -0.132301
-0.208984 -0.134328
-0.205078 -0.13586
-0.201172 -0.137228
-0.201172 -0.137228
-0.197266 -0.138363
-0.193359 -0.139279
-0.189453 -0.140039
-0.185547 -0.24909
-0.182777 -0.249016
-0.185547 -0.140746
-0.181641 -0.141547
-0.177734 -0.142445
-0.173828 -0.143483
-0.185547 -0.140746
-0.169922 -0.144771
-0.169922 -0.144771
-0.166016 -0.146351
-0.162109 -0.148153
-0.158203 -0.150211
-0.162109 -0.148153
-0.146484 -0.157656
-0.142578 -0.160779
-0.142578 -0.160779
-0.124966 -0.185547
-0.126867 -0.181641
-0.128941 -0.177734
-0.131339 -0.173828
-0.128941 -0.177734
-0.137233 -0.166016
-0.134034 -0.169922
-0.137233 -0.166016
-0.138672 -0.164464
-0.134034 -0.169922
-0.154297 -0.152428
-0.154297 -0.152428
-0.150391 -0.15488
-0.146484 -0.157656
-0.24078 -0.111328
-0.236328 -0.115978
-0.237081 -0.115234
-0.24078 -0.111328
-0.236328 -0.115978
-0.246708 -0.103516
-0.243928 -0.107422
-0.246708 -0.103516
-0.249377 -0.0996094
-0.232422 -0.119409
-0.228516 -0.122539
-0.228516 -0.122539
-0.224609 -0.125251
-0.248047 -0.0581193
-0.248047 -0.0581193
-0.244141 -0.0568796
-0.240234 -0.0554889
-0.236328 -0.0537337
-0.240234 -0.0554889
-0.236328 -0.0537337
-0.232422 -0.0522298
-0.232422 -0.0522298
-0.228516 -0.0502696
-0.228516 -0.0502696
-0.224609 -0.0481295
-0.220703 -0.0449931
-0.224609 -0.0481295
-0.220703 -0.0449931
-0.217634 -0.0410156
-0.217634 -0.0410156
-0.215537 -0.0371094
-0.215537 -0.0371094
-0.213675 -0.0332031
-0.21176 -0.0292969
-0.20917 -0.0253906
-0.21176 -0.0292969
-0.20917 -0.0253906
-0.208984 -0.0251547
-0.205078 -0.0214086
-0.201172 -0.018664
-0.201172 -0.018664
-0.197266 -0.0158579
-0.197266 -0.0158579
-0.193359 -0.0125231
-0.193359 -0.0125231
-0.189453 -0.0088131
-0.189453 -0.0088131
-0.185547 -0.00600349
-0.181641 -0.00502284
-0.177734 -0.00555824
-0.173828 -0.00694793
-0.169922 -0.00833669
-0.166016 -0.00976756
-0.169922 -0.00833669
-0.162109 -0.010934
-0.158203 -0.0119441
-0.158203 -0.0119441
-0.146484 -0.0152221
-0.142578 -0.016471
-0.154297 -0.0129961
-0.150391 -0.014076
-0.146484 -0.0152221
-0.138672 -0.0179538
-0.134766 -0.0194874
-0.134766 -0.0194874
-0.126953 -0.0231283
-0.130859 -0.0212273
-0.126953 -0.0231283
-0.138672 -0.000214543
-0.134766 -0.00221574
-0.130859 -0.00434963
-0.130859 -0.00434963
-0.126953 -0.00642441
-0.109446 -0.224609
-0.111257 -0.220703
-0.102146 -0.236328
-0.0957031 -0.242405
-0.0996094 -0.239129
-0.102146 -0.236328
-0.0957031 -0.242405
-0.105041 -0.232422
-0.107419 -0.228516
-0.105041 -0.232422
-0.109446 -0.224609
-0.117299 -0.205078
-0.112897 -0.216797
-0.114403 -0.212891
-0.112897 -0.216797
-0.115894 -0.208984
-0.117299 -0.205078
-0.118722 -0.201172
-0.120186 -0.197266
-0.121636 -0.193359
-0.123259 -0.189453
-0.121636 -0.193359
-0.0917969 -0.244577
-0.0878906 -0.245812
-0.0878906 -0.245812
-0.0839844 -0.246193
-0.0800781 -0.245796
-0.0800781 -0.245796
-0.0761719 -0.244641
-0.0722656 -0.242683
-0.0722656 -0.242683
-0.0683594 -0.239804
-0.0649286 -0.236328
-0.0649286 -0.236328
-0.0620032 -0.232422
-0.124966 -0.185547
-0.0620032 -0.232422
-0.0597102 -0.228516
-0.0579144 -0.224609
-0.0579144 -0.224609
-0.0564631 -0.220703
-0.0552714 -0.216797
-0.0543566 -0.212891
-0.0543566 -0.212891
-0.0536702 -0.208984
-0.0531527 -0.205078
-0.0527894 -0.201172
-0.0525655 -0.197266
-0.0524628 -0.193359
-0.0524681 -0.189453
-0.0199173 -0.248047
-0.0202992 -0.244141
-0.0208275 -0.240234
-0.021505 -0.236328
-0.0235662 -0.224609
-0.0240849 -0.220703
-0.0222759 -0.232422
-0.0230219 -0.228516
-0.0235662 -0.224609
-0.0245373 -0.216797
-0.0250169 -0.212891
-0.0255658 -0.208984
-0.0262352 -0.205078
-0.0275402 -0.197266
-0.0269692 -0.201172
-0.0275402 -0.197266
-0.0282482 -0.193359
-0.0289771 -0.189453
-0.0525704 -0.185547
-0.0527617 -0.181641
-0.0530307 -0.177734
-0.0533685 -0.173828
-0.0548353 -0.162109
-0.0553971 -0.158203
-0.0537702 -0.169922
-0.0542502 -0.166016
-0.0548353 -0.162109
-0.0314712 -0.177734
-0.0323262 -0.173828
-0.0331478 -0.169922
-0.0340561 -0.166016
-0.0349371 -0.162109
-0.0357042 -0.158203
-0.0349371 -0.162109
-0.0559666 -0.154297
-0.0565815 -0.150391
-0.0572588 -0.146484
-0.0579893 -0.142578
-0.058859 -0.138672
-0.0597711 -0.134766
-0.058859 -0.138672
-0.0606787 -0.130859
-0.0615731 -0.126953
-0.0392514 -0.142578
-0.0365542 -0.154297
-0.0374672 -0.150391
-0.0384741 -0.146484
-0.0402729 -0.138672
-0.0412768 -0.134766
-0.0433264 -0.126953
-0.0424212 -0.130859
-0.0298394 -0.185547
-0.0307761 -0.181641
-0.0314712 -0.177734
-0.0625108 -0.123047
-0.0635045 -0.119141
-0.0656391 -0.111328
-0.0645387 -0.115234
-0.0656391 -0.111328
-0.0693794 -0.0996094
-0.0707392 -0.0957031
-0.066858 -0.107422
-0.0680954 -0.103516
-0.066858 -0.107422
-0.0693794 -0.0996094
-0.0707392 -0.0957031
-0.0848778 -0.0644531
-0.0786463 -0.0761719
-0.0805644 -0.0722656
-0.082692 -0.0683594
-0.0848778 -0.0644531
-0.082692 -0.0683594
-0.0735742 -0.0878906
-0.0721196 -0.0917969
-0.0735742 -0.0878906
-0.0751584 -0.0839844
-0.0768022 -0.0800781
-0.0786463 -0.0761719
-0.0617426 -0.0761719
-0.0635375 -0.0722656
-0.065739 -0.0683594
-0.0677574 -0.0644531
-0.065739 -0.0683594
-0.115234 -0.0301903
-0.111328 -0.0330124
-0.0924867 -0.0527344
-0.0954503 -0.0488281
-0.103516 -0.0398541
-0.107422 -0.0362075
-0.107422 -0.0362075
-0.103516 -0.0398541
-0.0987176 -0.0449219
-0.10235 -0.0410156
-0.0987176 -0.0449219
-0.123047 -0.025249
-0.119141 -0.0275618
-0.119141 -0.0275618
-0.115234 -0.0301903
-0.111328 -0.0158172
-0.123047 -0.0086852
-0.119141 -0.0108544
-0.119141 -0.0108544
-0.123047 -0.0086852
-0.115234 -0.0133123
-0.111328 -0.0158172
-0.107422 -0.0185753
-0.107422 -0.0185753
-0.103516 -0.021504
-0.0996094 -0.0246045
-0.0957031 -0.0281368
-0.0957031 -0.0281368
-0.0996094 -0.0246045
-0.0898021 -0.0566406
-0.0872967 -0.0605469
-0.0898021 -0.0566406
-0.0924867 -0.0527344
-0.0872967 -0.0605469
-0.077925 -0.0488281
-0.0907669 -0.0332031
-0.0871382 -0.0371094
-0.0907669 -0.0332031
-0.0808451 -0.0449219
-0.0837777 -0.0410156
-0.0808451 -0.0449219
-0.0871382 -0.0371094
-0.0701342 -0.0605469
-0.072539 -0.0566406
-0.0750809 -0.0527344
-0.077925 -0.0488281
-0.0750809 -0.0527344
-0.0701342 -0.0605469
-0.0945358 -0.0292969
-0.0625108 -0.123047
-0.046845 -0.115234
-0.048087 -0.111328
-0.0506996 -0.103516
-0.0493784 -0.107422
-0.0506996 -0.103516
-0.0520581 -0.0996094
-0.0535441 -0.0957031
-0.0444881 -0.123047
-0.0456936 -0.119141
-0.046845 -0.115234
-0.0549499 -0.0917969
-0.0565226 -0.0878906
-0.0582421 -0.0839844
-0.0598285 -0.0800781
-0.0582421 -0.0839844
-0.0549499 -0.0917969
-0.0617426 -0.0761719
-0.437367 0.0488281
-0.438848 0.0527344
-0.441886 0.0605469
-0.440501 0.0566406
-0.441886 0.0605469
-0.445977 0.0722656
-0.447325 0.0761719
-0.443306 0.0644531
-0.444899 0.0683594
-0.449758 0.0839844
-0.448762 0.0800781
-0.450955 0.0878906
-0.452149 0.0917969
-0.435965 0.0800781
-0.437233 0.0839844
-0.438529 0.0878906
-0.439613 0.0917969
-0.453275 0.0957031
-0.454237 0.0996094
-0.455264 0.103516
-0.456336 0.107422
-0.457264 0.111328
-0.458137 0.115234
-0.457264 0.111328
-0.459049 0.119141
-0.459957 0.123047
-0.453275 0.0957031
-0.440746 0.0957031
-0.441843 0.0996094
-0.440746 0.0957031
-0.441843 0.0996094
-0.442799 0.103516
-0.44371 0.107422
-0.445533 0.115234
-0.446339 0.119141
-0.447077 0.123047
-0.444648 0.111328
-0.445533 0.115234
-0.423188 0.0214844
-0.425791 0.0253906
-0.427903 0.0292969
-0.425791 0.0253906
-0.418473 0.0136719
-0.415459 0.00976562
-0.418473 0.0136719
-0.409923 0.00195312
-0.413021 0.00585938
-0.409923 0.00195312
-0.421177 0.0175781
-0.413001 0.0292969
-0.405417 0.0175781
-0.40812 0.0214844
-0.410606 0.0253906
-0.413001 0.0292969
-0.410606 0.0253906
-0.430055 0.0332031
-0.431915 0.0371094
-0.433835 0.0410156
-0.435526 0.0449219
-0.433835 0.0410156
-0.430055 0.0332031
-0.421582 0.0449219
-0.437367 0.0488281
-0.428696 0.0605469
-0.425349 0.0527344
-0.423518 0.0488281
-0.425349 0.0527344
-0.427092 0.0566406
-0.428696 0.0605469
-0.417511 0.0371094
-0.415385 0.0332031
-0.417511 0.0371094
-0.419616 0.0410156
-0.421582 0.0449219
-0.402624 0.0136719
-0.399722 0.00976562
-0.402624 0.0136719
-0.393191 0.00195312
-0.39655 0.00585938
-0.393191 0.00195312
-0.399722 0.00976562
-0.405417 0.0175781
-0.431771 0.0683594
-0.430282 0.0644531
-0.431771 0.0683594
-0.433219 0.0722656
-0.434698 0.0761719
-0.433219 0.0722656
-0.434698 0.0761719
-0.430282 0.0644531
-0.435965 0.0800781
-0.437233 0.0839844
-0.379531 0.123047
-0.376281 0.119141
-0.379531 0.123047
-0.468615 0.169922
-0.469149 0.173828
-0.46979 0.177734
-0.470459 0.181641
-0.471147 0.185547
-0.460869 0.126953
-0.461603 0.130859
-0.462376 0.134766
-0.463121 0.138672
-0.460869 0.126953
-0.46387 0.142578
-0.464683 0.146484
-0.465265 0.150391
-0.465946 0.154297
-0.447841 0.126953
-0.448608 0.130859
-0.449326 0.134766
-0.449985 0.138672
-0.449326 0.134766
-0.450588 0.142578
-0.451204 0.146484
-0.4518 0.150391
-0.452371 0.154297
-0.466602 0.158203
-0.467241 0.162109
-0.46791 0.166016
-0.468615 0.169922
-0.45286 0.158203
-0.453419 0.162109
-0.453862 0.166016
-0.454331 0.169922
-0.454828 0.173828
-0.455336 0.177734
-0.455831 0.181641
-0.456328 0.185547
-0.45286 0.158203
-0.453419 0.162109
-0.472617 0.193359
-0.471906 0.189453
-0.472617 0.193359
-0.47322 0.197266
-0.473915 0.201172
-0.476771 0.216797
-0.474639 0.205078
-0.475396 0.208984
-0.476211 0.212891
-0.477381 0.220703
-0.477991 0.224609
-0.478598 0.228516
-0.479239 0.232422
-0.480478 0.240234
-0.479915 0.236328
-0.480478 0.240234
-0.480944 0.244141
-0.481413 0.248047
-0.456761 0.189453
-0.457289 0.193359
-0.456761 0.189453
-0.457289 0.193359
-0.457721 0.197266
-0.458134 0.201172
-0.458516 0.205078
-0.458855 0.208984
-0.459153 0.212891
-0.459401 0.216797
-0.459588 0.220703
-0.459694 0.224609
-0.459704 0.228516
-0.459602 0.232422
-0.459377 0.236328
-0.459017 0.240234
-0.4585 0.244141
-0.457783 0.248047
-0.390157 0.138672
-0.397554 0.154297
-0.394188 0.146484
-0.392207 0.142578
-0.394188 0.146484
-0.395889 0.150391
-0.397554 0.154297
-0.38258 0.126953
-0.385317 0.130859
-0.387792 0.134766
-0.390157 0.138672
-0.387792 0.134766
-0.38258 0.126953
-0.398965 0.158203
-0.400267 0.162109
-0.402555 0.169922
-0.401517 0.166016
-0.402555 0.169922
-0.398965 0.158203
-0.403381 0.173828
-0.40409 0.177734
-0.404689 0.181641
-0.405192 0.185547
-0.40559 0.189453
-0.405875 0.193359
-0.406037 0.197266
-0.406075 0.201172
-0.405995 0.205078
-0.405808 0.208984
-0.405532 0.212891
-0.405188 0.216797
-0.404792 0.220703
-0.404359 0.224609
-0.403906 0.228516
-0.403453 0.232422
-0.403013 0.236328
-0.402601 0.240234
-0.402233 0.244141
-0.402233 0.244141
-0.401952 0.248047
-0.345703 0.0930676
-0.365234 0.107933
-0.361328 0.104572
-0.361328 0.104572
-0.372762 0.115234
-0.369141 0.111566
-0.372762 0.115234
-0.376281 0.119141
-0.365234 0.107933
-0.357422 0.101448
-0.353516 0.0985266
-0.353516 0.0985266
-0.357422 0.101448
-0.349609 0.0957281
-0.345703 0.0930676
-0.341797 0.0905631
-0.341797 0.0905631
-0.337891 0.0881429
-0.333984 0.0858297
-0.330078 0.0836606
-0.333984 0.0858297
-0.318359 0.0777897
-0.314453 0.07612
-0.326172 0.0815711
-0.326172 0.0815711
-0.322266 0.0796459
-0.318359 0.0777897
-0.271484 0.0620869
-0.267578 0.0607833
-0.263672 0.059417
-0.259766 0.0578868
-0.259766 0.0578868
-0.251953 0.0547535
-0.255859 0.0563809
-0.251953 0.0547535
-0.310547 0.0745866
-0.310547 0.0745866
-0.306641 0.0731146
-0.298828 0.0705009
-0.302734 0.0717826
-0.298828 0.0705009
-0.294922 0.0692555
-0.291016 0.0680902
-0.287109 0.0669661
-0.287109 0.0669661
-0.283203 0.0657611
-0.283203 0.0657611
-0.279297 0.064586
-0.275391 0.0634014
-0.271484 0.0620869
-0.314731 0.244141
-0.317149 0.248047
-0.314453 0.243856
-0.317149 0.248047
-0.298828 0.226855
-0.30071 0.228516
-0.3033 0.232422
-0.298828 0.226855
-0.310547 0.241059
-0.305707 0.236328
-0.306641 0.237612
-0.310547 0.241059
-0.305707 0.236328
-0.302734 0.250845
-0.298828 0.247745
-0.294922 0.224617
-0.291016 0.223016
-0.291016 0.223016
-0.287109 0.221463
-0.283203 0.219921
-0.291016 0.242017
-0.294922 0.244839
-0.294922 0.244839
-0.291016 0.242017
-0.287109 0.23936
-0.287109 0.23936
-0.283203 0.23705
-0.279297 0.218459
-0.275391 0.217476
-0.271484 0.217076
-0.267578 0.217385
-0.263672 0.218292
-0.279297 0.218459
-0.275391 0.233968
-0.271484 0.233125
-0.267578 0.232618
-0.279297 0.235265
-0.275391 0.233968
-0.259766 0.219378
-0.263672 0.232366
-0.259766 0.232315
-0.255859 0.220891
-0.251953 0.222225
-0.255859 0.232374
-0.251953 0.232559
-0.484249 0.275391
-0.484711 0.279297
-0.481824 0.251953
-0.48218 0.255859
-0.482515 0.259766
-0.482871 0.263672
-0.483268 0.267578
-0.483727 0.271484
-0.484249 0.275391
-0.485274 0.283203
-0.48583 0.287109
-0.486326 0.291016
-0.486747 0.294922
-0.487089 0.298828
-0.487364 0.302734
-0.487594 0.306641
-0.487797 0.310547
-0.456903 0.251953
-0.456903 0.251953
-0.455789 0.255859
-0.454367 0.259766
-0.45263 0.263672
-0.45263 0.263672
-0.450453 0.267578
-0.44771 0.271484
-0.450453 0.267578
-0.44771 0.271484
-0.444214 0.275391
-0.443359 0.276218
-0.443359 0.276218
-0.439453 0.279383
-0.487989 0.314453
-0.48819 0.318359
-0.488345 0.322266
-0.488521 0.326172
-0.488702 0.330078
-0.488876 0.333984
-0.489048 0.337891
-0.48922 0.341797
-0.489393 0.345703
-0.489566 0.349609
-0.489738 0.353516
-0.489909 0.357422
-0.490075 0.361328
-0.490234 0.365234
-0.49039 0.369141
-0.490541 0.373047
-0.435547 0.281733
-0.412109 0.281359
-0.406563 0.275391
-0.409676 0.279297
-0.435547 0.281733
-0.431641 0.283384
-0.427734 0.284388
-0.423828 0.284764
-0.419922 0.284477
-0.416016 0.283419
-0.412109 0.281359
-0.401794 0.251953
-0.401794 0.255859
-0.402484 0.263672
-0.402002 0.259766
-0.402484 0.263672
-0.403312 0.267578
-0.404611 0.271484
-0.406563 0.275391
-0.490688 0.376953
-0.490831 0.380859
-0.49097 0.384766
-0.491104 0.388672
-0.491232 0.392578
-0.491354 0.396484
-0.491467 0.400391
-0.491571 0.404297
-0.491665 0.408203
-0.491749 0.412109
-0.491824 0.416016
-0.491896 0.419922
-0.49215 0.431641
-0.492241 0.435547
-0.49197 0.423828
-0.492052 0.427734
-0.49215 0.431641
-0.492241 0.435547
-0.492335 0.439453
-0.492423 0.443359
-0.492485 0.447266
-0.492498 0.451172
-0.492436 0.455078
-0.492237 0.458984
-0.492237 0.458984
-0.491843 0.462891
-0.491303 0.466797
-0.490522 0.470703
-0.489414 0.474609
-0.487668 0.478516
-0.487668 0.478516
-0.485189 0.482422
-0.482422 0.484919
-0.482422 0.484919
-0.478516 0.487105
-0.474609 0.488176
-0.474609 0.488176
-0.470703 0.488498
-0.466797 0.488538
-0.462891 0.488562
-0.458984 0.488716
-0.455078 0.489024
-0.451172 0.489444
-0.447266 0.489944
-0.443359 0.49049
-0.439453 0.49103
-0.435547 0.491487
-0.431641 0.491802
-0.427734 0.491947
-0.423828 0.491916
-0.419922 0.491727
-0.416016 0.491405
-0.412109 0.490971
-0.408203 0.490419
-0.404297 0.489717
-0.400391 0.488788
-0.400391 0.488788
-0.396484 0.487713
-0.392578 0.486488
-0.388672 0.484917
-0.384766 0.482916
-0.376953 0.477403
-0.380859 0.480256
-0.380859 0.480256
-0.376953 0.477403
-0.388672 0.484917
-0.321717 0.264386
-0.317833 0.251953
-0.317748 0.255859
-0.316785 0.259766
-0.318306 0.263672
-0.314453 0.267293
-0.324229 0.269507
-0.324569 0.271484
-0.322266 0.269061
-0.322266 0.269061
-0.324317 0.274159
-0.324417 0.279297
-0.323158 0.275391
-0.323298 0.279297
-0.316609 0.265821
-0.316609 0.272805
-0.314453 0.267293
-0.316078 0.270542
-0.317371 0.275532
-0.319235 0.279297
-0.323589 0.283203
-0.323601 0.287109
-0.324531 0.291016
-0.324714 0.294272
-0.322266 0.298018
-0.318221 0.283203
-0.317162 0.287109
-0.317372 0.291016
-0.316444 0.296244
-0.316132 0.295893
-0.322266 0.298018
-0.317022 0.300546
-0.317585 0.301314
-0.315114 0.298828
-0.313876 0.303784
-0.314771 0.306641
-0.315673 0.310547
-0.34375 0.328125
-0.344453 0.330078
-0.34594 0.333984
-0.347979 0.341797
-0.347054 0.337891
-0.347979 0.341797
-0.348807 0.345703
-0.349609 0.349609
-0.350322 0.353516
-0.350613 0.357422
-0.350135 0.361328
-0.350135 0.361328
-0.34803 0.363482
-0.345703 0.363634
-0.345703 0.363634
-0.341797 0.32641
-0.337891 0.324175
-0.337891 0.324175
-0.333984 0.323491
-0.330078 0.322799
-0.344453 0.330078
-0.324475 0.315412
-0.326172 0.321211
-0.321737 0.314549
-0.322266 0.318943
-0.326172 0.321211
-0.322266 0.318943
-0.318359 0.318065
-0.318359 0.318065
-0.316331 0.312916
-0.316052 0.317553
-0.318359 0.321858
-0.315351 0.320967
-0.341797 0.363982
-0.337891 0.363241
-0.337891 0.363241
-0.333984 0.361829
-0.330078 0.360221
-0.326172 0.358572
-0.322266 0.357014
-0.318359 0.355734
-0.318359 0.355734
-0.314453 0.354797
-0.326172 0.358572
-0.308376 0.255859
-0.306641 0.254302
-0.306641 0.254302
-0.311032 0.259766
-0.312163 0.262428
-0.302734 0.250845
-0.310547 0.303736
-0.308499 0.304592
-0.308602 0.312392
-0.307665 0.306641
-0.308159 0.310547
-0.309354 0.314453
-0.310622 0.318359
-0.306641 0.318536
-0.309584 0.320511
-0.306641 0.318536
-0.302734 0.318952
-0.298828 0.31993
-0.298828 0.31993
-0.294922 0.320919
-0.291016 0.321308
-0.287109 0.321355
-0.283203 0.321389
-0.310547 0.353986
-0.306641 0.353385
-0.302734 0.352949
-0.298828 0.352606
-0.294922 0.3523
-0.291016 0.351939
-0.287109 0.351313
-0.283203 0.35019
-0.287109 0.351313
-0.279297 0.322066
-0.275391 0.325301
-0.27472 0.326172
-0.27472 0.326172
-0.273266 0.330078
-0.273499 0.337891
-0.274518 0.341797
-0.273266 0.330078
-0.273036 0.333984
-0.273499 0.337891
-0.279297 0.348211
-0.279297 0.348211
-0.276664 0.345703
-0.333984 0.437418
-0.330078 0.435883
-0.326172 0.43412
-0.326172 0.43412
-0.322266 0.432034
-0.318359 0.429697
-0.314453 0.427099
-0.314453 0.427099
-0.318359 0.429697
-0.375 0.449219
-0.359375 0.449219
-0.360848 0.451172
-0.363599 0.455078
-0.365403 0.458984
-0.363599 0.455078
-0.365711 0.462891
-0.363618 0.466797
-0.361328 0.468636
-0.355469 0.445312
-0.353516 0.44495
-0.357422 0.44777
-0.357422 0.44777
-0.353516 0.44495
-0.349609 0.442926
-0.345703 0.441331
-0.345703 0.441331
-0.373047 0.475456
-0.369141 0.475244
-0.365234 0.476147
-0.361328 0.468636
-0.365234 0.476147
-0.361328 0.476864
-0.357422 0.470624
-0.353516 0.471589
-0.357422 0.477652
-0.353516 0.478603
-0.349609 0.471812
-0.345703 0.471695
-0.349609 0.47959
-0.345703 0.480374
-0.345703 0.480374
-0.341797 0.439994
-0.337891 0.438765
-0.333984 0.437418
-0.341797 0.471523
-0.337891 0.471424
-0.341797 0.480956
-0.337891 0.481544
-0.333984 0.471383
-0.330078 0.471328
-0.333984 0.482089
-0.330078 0.482602
-0.326172 0.471186
-0.322266 0.4709
-0.326172 0.483098
-0.322266 0.483579
-0.318359 0.470424
-0.314453 0.469754
-0.318359 0.484005
-0.314453 0.484302
-0.314453 0.484302
-0.289062 0.40625
-0.287109 0.405575
-0.283203 0.402531
-0.283203 0.402531
-0.306641 0.421318
-0.298828 0.41507
-0.302734 0.418227
-0.302734 0.418227
-0.298828 0.41507
-0.310547 0.424291
-0.306641 0.421318
-0.294922 0.411886
-0.291016 0.408705
-0.291016 0.408705
-0.287109 0.405575
-0.279297 0.399655
-0.275391 0.397065
-0.279297 0.399655
-0.271484 0.394857
-0.271484 0.394857
-0.267578 0.393036
-0.259766 0.390289
-0.255859 0.389232
-0.251953 0.388302
-0.263672 0.391536
-0.259766 0.390289
-0.310547 0.469056
-0.306641 0.468387
-0.302734 0.467826
-0.298828 0.467255
-0.294922 0.466445
-0.291016 0.464738
-0.291016 0.464738
-0.284487 0.458984
-0.283203 0.457789
-0.283203 0.457789
-0.287109 0.461614
-0.310547 0.469056
-0.298828 0.484329
-0.310547 0.484468
-0.306641 0.484528
-0.302734 0.484479
-0.298828 0.484329
-0.294922 0.484111
-0.291016 0.483884
-0.287109 0.483783
-0.283203 0.48413
-0.283203 0.48413
-0.275391 0.45305
-0.271484 0.452425
-0.267578 0.452751
-0.279297 0.454833
-0.275391 0.45305
-0.267578 0.452751
-0.263672 0.45406
-0.259766 0.456384
-0.259766 0.456384
-0.256782 0.458984
-0.253759 0.462891
-0.253759 0.462891
-0.251827 0.466797
-0.279297 0.485384
-0.275391 0.487181
-0.271484 0.488462
-0.271484 0.488462
-0.267578 0.488646
-0.250976 0.470703
-0.251068 0.474609
-0.252055 0.478516
-0.254309 0.482422
-0.252055 0.478516
-0.254309 0.482422
-0.263672 0.487932
-0.263672 0.487932
-0.259766 0.486591
-0.255859 0.484016
-0.236328 0.0476085
-0.248047 0.0530681
-0.244141 0.051312
-0.244141 0.051312
-0.240234 0.0494521
-0.240234 0.0494521
-0.236328 0.0476085
-0.232422 0.0455875
-0.228516 0.0436263
-0.228516 0.0436263
-0.220703 0.0393369
-0.224609 0.0414668
-0.220703 0.0393369
-0.208984 0.032366
-0.205078 0.0298715
-0.201172 0.0275087
-0.201172 0.0275087
-0.197266 0.0250968
-0.193359 0.0227835
-0.189453 0.0206838
-0.189453 0.0206838
-0.193359 0.0227835
-0.216797 0.0370496
-0.212891 0.0347185
-0.212891 0.0347185
-0.208984 0.032366
-0.205078 0.0298715
-0.177734 0.0153719
-0.173828 0.0139887
-0.185547 0.0185929
-0.185547 0.0185929
-0.181641 0.0169513
-0.177734 0.0153719
-0.169922 0.012788
-0.166016 0.0113946
-0.166016 0.0113946
-0.158203 0.00869646
-0.162109 0.0100459
-0.158203 0.00869646
-0.154297 0.00701856
-0.150391 0.00546261
-0.154297 0.00701856
-0.146484 0.00360598
-0.146484 0.00360598
-0.142578 0.00177819
-0.138672 -0.000214543
-0.248047 0.222985
-0.248047 0.222985
-0.244141 0.223438
-0.248047 0.23278
-0.244141 0.233029
-0.240234 0.223435
-0.236328 0.223193
-0.240234 0.233463
-0.236328 0.234291
-0.236328 0.234291
-0.232422 0.223813
-0.228516 0.225674
-0.228516 0.225674
-0.224609 0.227726
-0.224609 0.227726
-0.220703 0.230133
-0.220703 0.230133
-0.232422 0.235537
-0.228516 0.237204
-0.224609 0.238892
-0.224609 0.238892
-0.220703 0.240723
-0.216797 0.232669
-0.212891 0.23459
-0.216797 0.242473
-0.212891 0.23459
-0.216797 0.242473
-0.212891 0.244201
-0.208984 0.236477
-0.205078 0.237608
-0.208984 0.245981
-0.208984 0.245981
-0.205078 0.24793
-0.201172 0.238302
-0.201172 0.238302
-0.197266 0.238322
-0.197266 0.238322
-0.201172 0.250404
-0.193359 0.23744
-0.189453 0.237149
-0.185547 0.238088
-0.185547 0.238088
-0.181641 0.239795
-0.177734 0.241971
-0.177734 0.241971
-0.173828 0.244371
-0.169922 0.246964
-0.169922 0.246964
-0.166016 0.250092
-0.201172 0.250404
-0.197266 0.253605
-0.197266 0.253605
-0.194979 0.255859
-0.19135 0.259766
-0.19135 0.259766
-0.187827 0.263672
-0.1875 0.265625
-0.187827 0.263672
-0.184297 0.267578
-0.184297 0.267578
-0.180683 0.271484
-0.180683 0.271484
-0.176975 0.275391
-0.176975 0.275391
-0.173213 0.279297
-0.1642 0.251953
-0.1642 0.251953
-0.161137 0.255859
-0.161137 0.255859
-0.1584 0.259766
-0.155519 0.263672
-0.173213 0.279297
-0.171875 0.28125
-0.169458 0.283203
-0.167969 0.285156
-0.169458 0.283203
-0.16577 0.287109
-0.162202 0.291016
-0.16577 0.287109
-0.162202 0.291016
-0.158812 0.294922
-0.158812 0.294922
-0.155634 0.298828
-0.155519 0.263672
-0.154297 0.265031
-0.150391 0.268331
-0.150391 0.268331
-0.146484 0.269975
-0.146484 0.269975
-0.142578 0.27114
-0.138672 0.272907
-0.138672 0.272907
-0.134766 0.275365
-0.130859 0.277961
-0.130859 0.277961
-0.126953 0.280849
-0.155634 0.298828
-0.152695 0.302734
-0.152695 0.302734
-0.150006 0.306641
-0.147527 0.310547
-0.147527 0.310547
-0.126953 0.280849
-0.162109 0.376703
-0.158203 0.374377
-0.145341 0.314453
-0.145341 0.314453
-0.143373 0.318359
-0.141703 0.322266
-0.140275 0.326172
-0.140275 0.326172
-0.13917 0.330078
-0.138356 0.333984
-0.137851 0.337891
-0.137673 0.341797
-0.140992 0.357422
-0.150391 0.36873
-0.154297 0.371711
-0.154297 0.371711
-0.150391 0.36873
-0.143287 0.361328
-0.146539 0.365234
-0.143287 0.361328
-0.137838 0.345703
-0.138386 0.349609
-0.139402 0.353516
-0.140992 0.357422
-0.248047 0.387473
-0.244141 0.386737
-0.244141 0.386737
-0.240234 0.386096
-0.236328 0.385569
-0.232422 0.385188
-0.228516 0.384988
-0.224609 0.385006
-0.220703 0.385299
-0.216797 0.385888
-0.212891 0.386773
-0.212891 0.386773
-0.208984 0.38808
-0.205078 0.38994
-0.205078 0.38994
-0.193359 0.391047
-0.189453 0.389484
-0.201172 0.391609
-0.197266 0.391963
-0.193359 0.391047
-0.232127 0.458984
-0.227595 0.456554
-0.232127 0.458984
-0.231039 0.461338
-0.228287 0.461607
-0.224609 0.455661
-0.220703 0.454852
-0.224609 0.461851
-0.220703 0.462215
-0.243335 0.498985
-0.241256 0.498954
-0.204113 0.45307
-0.216797 0.454398
-0.212891 0.454468
-0.216797 0.462544
-0.212891 0.462576
-0.208984 0.453989
-0.204597 0.453401
-0.205078 0.460068
-0.208984 0.462047
-0.20644 0.461165
-0.202771 0.453045
-0.20085 0.45366
-0.201172 0.459038
-0.197266 0.455067
-0.196339 0.458984
-0.195781 0.461164
-0.194814 0.456594
-0.196339 0.458984
-0.191194 0.460653
-0.193359 0.463339
-0.189811 0.462891
-0.188595 0.465186
-0.211474 0.479473
-0.21168 0.482112
-0.20728 0.476517
-0.206909 0.476502
-0.209151 0.477244
-0.209515 0.483938
-0.205339 0.478516
-0.205803 0.482407
-0.207845 0.484437
-0.185547 0.387503
-0.185547 0.387503
-0.181641 0.385617
-0.177734 0.383811
-0.173828 0.382146
-0.177734 0.383811
-0.173828 0.382146
-0.169922 0.380477
-0.166016 0.378718
-0.166016 0.378718
-0.162109 0.376703
-0.158203 0.374377
-0.185666 0.466797
-0.180582 0.466797
-0.180582 0.466797
-0.173828 0.466861
-0.169922 0.46635
-0.166016 0.462866
-0.167729 0.465057
-0.162109 0.460717
-0.158203 0.459529
-0.162109 0.460717
-0.183685 0.468809
-0.179211 0.470703
-0.179211 0.470703
-0.173847 0.472341
-0.177626 0.498961
-0.175027 0.498825
-0.17133 0.472465
-0.168626 0.472719
-0.166016 0.473089
-0.162109 0.473707
-0.158203 0.474283
-0.154297 0.459212
-0.150391 0.459515
-0.146484 0.459568
-0.142578 0.458765
-0.138672 0.45766
-0.134766 0.456907
-0.134766 0.456907
-0.130859 0.456411
-0.126953 0.456241
-0.154297 0.47488
-0.150391 0.475662
-0.146484 0.476444
-0.146484 0.476444
-0.142578 0.476973
-0.144846 0.49919
-0.142578 0.498424
-0.138672 0.477237
-0.134766 0.477125
-0.130859 0.47668
-0.126953 0.476174
-0.130859 0.47668
-0.140257 0.499092
-0.126306 0.498441
-0.123047 0.284254
-0.123047 0.284254
-0.120112 0.287109
-0.116247 0.291016
-0.115234 0.29202
-0.115234 0.29202
-0.111328 0.295742
-0.111328 0.295742
-0.107422 0.299312
-0.107422 0.299312
-0.103516 0.302797
-0.0996094 0.306232
-0.0996094 0.306232
-0.0991895 0.306641
-0.0955833 0.310547
-0.0925885 0.314453
-0.0981046 0.323689
-0.0986128 0.326172
-0.0957031 0.322732
-0.0975275 0.327969
-0.0983192 0.328623
-0.0952642 0.328425
-0.0925885 0.314453
-0.0897027 0.318359
-0.0897027 0.318359
-0.0917969 0.319094
-0.0912535 0.326172
-0.0878906 0.320376
-0.0839844 0.322813
-0.0800781 0.324363
-0.0800781 0.324363
-0.0929362 0.328555
-0.0761719 0.324729
-0.0722656 0.323666
-0.0722656 0.323666
-0.0683594 0.32148
-0.0644531 0.322473
-0.0605469 0.325714
-0.0605469 0.325714
-0.0566406 0.328609
-0.0566406 0.328609
-0.0527344 0.330942
-0.0527344 0.330942
-0.0488281 0.333394
-0.0488281 0.333394
-0.0449219 0.336404
-0.0449219 0.336404
-0.0410156 0.339882
-0.0410156 0.339882
-0.0371094 0.343373
-0.0371094 0.343373
-0.0332031 0.346672
-0.0332031 0.346672
-0.0292969 0.349993
-0.0273437 0.351562
-0.0292969 0.349993
-0.0256627 0.353516
-0.0225226 0.357422
-0.0225226 0.357422
-0.0202213 0.361328
-0.0202213 0.361328
-0.018581 0.365234
-0.0174628 0.369141
-0.0167019 0.373047
-0.123047 0.456428
-0.119141 0.457147
-0.119141 0.457147
-0.115234 0.458392
-0.111328 0.461068
-0.109677 0.462891
-0.109677 0.462891
-0.107567 0.466797
-0.123047 0.47596
-0.119141 0.476194
-0.115234 0.476221
-0.111328 0.475649
-0.123193 0.498512
-0.107112 0.470703
-0.111208 0.474609
-0.0905736 0.460392
-0.0878906 0.459439
-0.0925068 0.462891
-0.090176 0.465052
-0.0878906 0.465787
-0.0839844 0.458504
-0.0809168 0.459639
-0.0802209 0.462891
-0.0841229 0.46555
-0.0802209 0.462891
-0.0619804 0.486328
-0.0633672 0.490234
-0.06441 0.494141
-0.0649158 0.498047
-0.016188 0.376953
-0.0158281 0.380859
-0.0155441 0.384766
-0.0155441 0.384766
-0.0151921 0.388672
-0.0146007 0.392578
-0.0136269 0.396484
-0.012373 0.400391
-0.0112396 0.404297
-0.0112396 0.404297
-0.0157957 0.41364
-0.0153118 0.416016
-0.0112732 0.408203
-0.0135984 0.412109
-0.0112732 0.408203
-0.0135984 0.412109
-0.0153118 0.416016
-0.0144243 0.419922
-0.011335 0.414634
-0.014073 0.423828
-0.0140001 0.427734
-0.0117187 0.425781
-0.0117187 0.429687
-0.0138152 0.431641
-0.0135728 0.435547
-0.0488281 0.467013
-0.0410156 0.460293
-0.0449219 0.463404
-0.0449219 0.463404
-0.0410156 0.460293
-0.0371094 0.457718
-0.0371094 0.457718
-0.0332031 0.456054
-0.0553281 0.474609
-0.0579948 0.478516
-0.0601839 0.482422
-0.0579948 0.478516
-0.052246 0.470703
-0.0553281 0.474609
-0.052246 0.470703
-0.0619804 0.486328
-0.0444082 0.479425
-0.0444769 0.481762
-0.0419213 0.479275
-0.042026 0.481742
-0.0292969 0.455494
-0.0253906 0.455857
-0.0214844 0.456431
-0.0175781 0.456101
-0.0134246 0.439453
-0.0134793 0.443359
-0.0137812 0.447266
-0.014007 0.451172
-0.0143258 0.454918
0.0164955 -0.474609
0.0146748 -0.470703
0.0175781 -0.476048
0.0214844 -0.479494
0.0214844 -0.479494
0.0164955 -0.474609
0.0253906 -0.481285
0.0292969 -0.482334
0.0139978 -0.466797
0.013691 -0.462891
0.013562 -0.458984
0.0135169 -0.455078
0.0135181 -0.451172
0.0135365 -0.447266
0.0135585 -0.443359
0.0135792 -0.439453
0.0449219 -0.484311
0.0332031 -0.483029
0.0371094 -0.483546
0.0410156 -0.48397
0.0449219 -0.484311
0.0488281 -0.484552
0.0527344 -0.484744
0.0566406 -0.484896
0.0605469 -0.485004
0.0135974 -0.435547
0.0136126 -0.431641
0.0136245 -0.427734
0.0136329 -0.423828
0.0136385 -0.419922
0.0136422 -0.416016
0.0136458 -0.412109
0.0136508 -0.408203
0.0136584 -0.404297
0.0136701 -0.400391
0.0136862 -0.396484
0.0137037 -0.392578
0.013724 -0.388672
0.0137477 -0.384766
0.0137738 -0.380859
0.0138006 -0.376953
0.0644531 -0.48507
0.0683594 -0.485109
0.0722656 -0.485139
0.0761719 -0.485177
0.0800781 -0.485228
0.0839844 -0.485293
0.0878906 -0.485369
0.0917969 -0.485458
0.0957031 -0.485567
0.0996094 -0.485696
0.103516 -0.485845
0.107422 -0.486006
0.111328 -0.486171
0.115234 -0.486336
0.119141 -0.486487
0.123047 -0.486635
0.0138278 -0.373047
0.013856 -0.369141
0.0138863 -0.365234
0.0139198 -0.361328
0.0139572 -0.357422
0.0139991 -0.353516
0.0140461 -0.349609
0.0140992 -0.345703
0.0141591 -0.341797
0.0142267 -0.337891
0.0143026 -0.333984
0.0143869 -0.330078
0.0144804 -0.326172
0.0145839 -0.322266
0.0146976 -0.318359
0.0148211 -0.314453
0.0149539 -0.310547
0.0150963 -0.306641
0.0152478 -0.302734
0.0154032 -0.298828
0.0155564 -0.294922
0.0157257 -0.291016
0.0157257 -0.291016
0.0159775 -0.287109
0.0162803 -0.283203
0.0166108 -0.279297
0.0169538 -0.275391
0.017312 -0.271484
0.0176918 -0.267578
0.0180959 -0.263672
0.0185149 -0.259766
0.0189259 -0.255859
0.0192955 -0.251953
0.108709 -0.34415
0.110392 -0.344133
0.10875 -0.341797
0.110253 -0.341797
0.126953 -0.486782
0.130859 -0.486926
0.134766 -0.487066
0.138672 -0.487201
0.142578 -0.487325
0.146484 -0.487436
0.150391 -0.487529
0.154297 -0.487599
0.158203 -0.487644
0.162109 -0.487659
0.166016 -0.487644
0.169922 -0.487604
0.173828 -0.487548
0.177734 -0.487492
0.181641 -0.487451
0.185547 -0.487435
0.189453 -0.487449
0.193359 -0.487492
0.197266 -0.487559
0.201172 -0.487642
0.205078 -0.487736
0.208984 -0.48783
0.212891 -0.487883
0.216797 -0.487816
0.220703 -0.487578
0.224609 -0.487271
0.228516 -0.487177
0.232422 -0.487574
0.236328 -0.488149
0.240234 -0.48793
0.244739 -0.486406
0.246206 -0.484825
0.243925 -0.482422
0.243349 -0.478516
0.246115 -0.48427
0.243821 -0.474609
0.24475 -0.470703
0.242503 -0.458984
0.241073 -0.455078
0.244808 -0.466797
0.243856 -0.462891
0.242503 -0.458984
0.239839 -0.451172
0.238912 -0.447266
0.238277 -0.443359
0.237853 -0.439453
0.238277 -0.443359
0.237606 -0.435547
0.237424 -0.431641
0.237206 -0.427734
0.236895 -0.423828
0.23649 -0.419922
0.23604 -0.416016
0.23559 -0.412109
0.235172 -0.408203
0.234445 -0.400391
0.234133 -0.396484
0.233897 -0.392578
0.233782 -0.388672
0.233832 -0.384766
0.234083 -0.380859
0.234586 -0.376953
0.234786 -0.404297
0.234445 -0.400391
0.234586 -0.376953
0.174222 -0.330078
0.177764 -0.330318
0.179761 -0.328376
0.174493 -0.326736
0.177734 -0.326358
0.179831 -0.327756
0.171255 -0.285854
0.1713 -0.283778
0.173479 -0.28578
0.173321 -0.283957
0.160033 -0.262026
0.160066 -0.261406
0.162109 -0.262772
0.162109 -0.260353
0.164499 -0.262534
0.164487 -0.260585
0.235425 -0.373047
0.236595 -0.369141
0.238201 -0.365234
0.238201 -0.365234
0.240404 -0.361328
0.243439 -0.357422
0.243439 -0.357422
0.244141 -0.356681
0.248047 -0.353357
0.248047 -0.353357
0.202113 -0.251285
0.206676 -0.25404
0.204514 -0.253206
0.209342 -0.253547
0.212891 -0.252588
0.216797 -0.251695
0.219649 -0.250916
0.249895 -0.261805
0.249255 -0.259766
0.249396 -0.257257
0.0195701 -0.248047
0.0195701 -0.248047
0.0198685 -0.244141
0.0202318 -0.240234
0.0207324 -0.236328
0.0213828 -0.232422
0.0221386 -0.228516
0.0228924 -0.224609
0.0234789 -0.220703
0.0234789 -0.220703
0.0239898 -0.216797
0.0244409 -0.212891
0.0249094 -0.208984
0.0254481 -0.205078
0.0261052 -0.201172
0.0268549 -0.197266
0.0274702 -0.193359
0.0274702 -0.193359
0.0281769 -0.189453
0.0639574 -0.236328
0.0587125 -0.228516
0.0609987 -0.232422
0.0587125 -0.228516
0.0568905 -0.224609
0.0554027 -0.220703
0.0542449 -0.216797
0.0533499 -0.212891
0.0526451 -0.208984
0.0521155 -0.205078
0.0542449 -0.216797
0.0517457 -0.201172
0.0515176 -0.197266
0.0514136 -0.193359
0.051418 -0.189453
0.0289071 -0.185547
0.0297718 -0.181641
0.0307228 -0.177734
0.0314385 -0.173828
0.0314385 -0.173828
0.0323 -0.169922
0.033125 -0.166016
0.034037 -0.162109
0.0349257 -0.158203
0.0349257 -0.158203
0.0515173 -0.185547
0.0517026 -0.181641
0.0519658 -0.177734
0.0522982 -0.173828
0.0527002 -0.169922
0.0531566 -0.166016
0.0536664 -0.162109
0.0542416 -0.158203
0.0356987 -0.154297
0.0365517 -0.150391
0.0374833 -0.146484
0.0384934 -0.142578
0.0392601 -0.138672
0.0402841 -0.134766
0.0413015 -0.130859
0.0424317 -0.126953
0.0549306 -0.154297
0.0549306 -0.154297
0.0555624 -0.150391
0.0562045 -0.146484
0.0569061 -0.142578
0.0576636 -0.138672
0.0585205 -0.134766
0.0585205 -0.134766
0.0594831 -0.130859
0.0604515 -0.126953
0.0644531 -0.236882
0.0639574 -0.236328
0.0683594 -0.240594
0.0722656 -0.243196
0.0761719 -0.244917
0.0722656 -0.243196
0.0800781 -0.245852
0.0800781 -0.245852
0.0839844 -0.246026
0.0839844 -0.246026
0.0878906 -0.245404
0.0917969 -0.243881
0.0957031 -0.241346
0.0957031 -0.241346
0.0996094 -0.237625
0.100734 -0.236328
0.100734 -0.236328
0.101562 -0.234375
0.103592 -0.232422
0.105931 -0.228516
0.105931 -0.228516
0.10798 -0.224609
0.10974 -0.220703
0.10974 -0.220703
0.111389 -0.216797
0.112895 -0.212891
0.112895 -0.212891
0.114294 -0.208984
0.115701 -0.205078
0.117071 -0.201172
0.117071 -0.201172
0.118471 -0.197266
0.119971 -0.193359
0.121502 -0.189453
0.121502 -0.189453
0.123227 -0.185547
0.125065 -0.181641
0.043362 -0.123047
0.044511 -0.119141
0.0457772 -0.115234
0.0469241 -0.111328
0.0469241 -0.111328
0.0614107 -0.123047
0.062383 -0.119141
0.0481758 -0.107422
0.0495492 -0.103516
0.0508635 -0.0996094
0.0508635 -0.0996094
0.0522689 -0.0957031
0.05388 -0.0917969
0.0552887 -0.0878906
0.0569688 -0.0839844
0.0587202 -0.0800781
0.0587202 -0.0800781
0.0605434 -0.0761719
0.0624898 -0.0722656
0.062383 -0.119141
0.0634229 -0.115234
0.0644967 -0.111328
0.0656459 -0.107422
0.0669427 -0.103516
0.0656459 -0.107422
0.0669427 -0.103516
0.0682736 -0.0996094
0.0696718 -0.0957031
0.0696718 -0.0957031
0.0711462 -0.0917969
0.0711462 -0.0917969
0.0726391 -0.0878906
0.0726391 -0.0878906
0.0742477 -0.0839844
0.0742477 -0.0839844
0.0759211 -0.0800781
0.0624898 -0.0722656
0.0644953 -0.0683594
0.0667002 -0.0644531
0.0667002 -0.0644531
0.0777289 -0.0761719
0.0777289 -0.0761719
0.0796784 -0.0722656
0.081782 -0.0683594
0.081782 -0.0683594
0.0840167 -0.0644531
0.0691125 -0.0605469
0.0714779 -0.0566406
0.0741931 -0.0527344
0.0741931 -0.0527344
0.0770452 -0.0488281
0.08643 -0.0605469
0.0770452 -0.0488281
0.08643 -0.0605469
0.0889489 -0.0566406
0.0889489 -0.0566406
0.0917 -0.0527344
0.0946699 -0.0488281
0.0798602 -0.0449219
0.0830453 -0.0410156
0.0830453 -0.0410156
0.0864944 -0.0371094
0.0864944 -0.0371094
0.0900432 -0.0332031
0.0900432 -0.0332031
0.0937828 -0.0292969
0.0946699 -0.0488281
0.0979126 -0.0449219
0.0979126 -0.0449219
0.101548 -0.0410156
0.103516 -0.0390796
0.103516 -0.0390796
0.107422 -0.0355367
0.107422 -0.0355367
0.111328 -0.0323812
0.0957031 -0.0274616
0.0957031 -0.0274616
0.0996094 -0.0240924
0.0996094 -0.0240924
0.103516 -0.0210611
0.103516 -0.0210611
0.107422 -0.0181092
0.107422 -0.0181092
0.111328 -0.0323812
0.115234 -0.0296659
0.111328 -0.0153807
0.119141 -0.0271366
0.119141 -0.0271366
0.123047 -0.024802
0.111328 -0.0153807
0.115234 -0.0129447
0.115234 -0.0129447
0.119141 -0.0105141
0.119141 -0.0105141
0.123047 -0.00830964
0.123047 -0.00830964
0.125065 -0.181641
0.127139 -0.177734
0.12942 -0.173828
0.12942 -0.173828
0.132151 -0.169922
0.132151 -0.169922
0.135303 -0.166016
0.135303 -0.166016
0.138672 -0.162424
0.142578 -0.158915
0.142578 -0.158915
0.146484 -0.155963
0.146484 -0.155963
0.150391 -0.153427
0.150391 -0.153427
0.154297 -0.15111
0.158203 -0.149039
0.158203 -0.149039
0.162109 -0.147116
0.166016 -0.145385
0.166016 -0.145385
0.169922 -0.143822
0.169922 -0.143822
0.173828 -0.142542
0.177734 -0.141419
0.181641 -0.140409
0.177734 -0.141419
0.181641 -0.140409
0.185547 -0.13956
0.200823 -0.248047
0.202791 -0.245922
0.203799 -0.246387
0.205078 -0.245875
0.208984 -0.24721
0.212891 -0.247109
0.213832 -0.245972
0.21772 -0.246931
0.216652 -0.245809
0.220384 -0.248047
0.219294 -0.245771
0.189453 -0.138662
0.193359 -0.137666
0.197266 -0.136505
0.197266 -0.136505
0.201172 -0.135316
0.205078 -0.133816
0.208984 -0.13194
0.208984 -0.13194
0.212891 -0.130093
0.216797 -0.12792
0.216797 -0.12792
0.220703 -0.125723
0.126953 -0.0227614
0.126953 -0.0227614
0.130859 -0.0208374
0.134766 -0.0191298
0.134766 -0.0191298
0.138672 -0.0175655
0.126953 -0.00606843
0.130859 -0.00392378
0.130859 -0.00392378
0.134766 -0.00186444
0.138672 0.000186043
0.142578 -0.0160848
0.142578 -0.0160848
0.146484 -0.0148708
0.150391 -0.0137174
0.154297 -0.012604
0.158203 -0.0115723
0.158203 -0.0115723
0.162109 -0.0105089
0.166016 -0.00927969
0.169922 -0.00785691
0.169922 -0.00785691
0.173828 -0.00639506
0.177734 -0.00507897
0.181641 -0.00477739
0.185547 -0.00611239
0.220703 -0.125723
0.224609 -0.123363
0.228516 -0.120782
0.228516 -0.120782
0.232422 -0.117891
0.232422 -0.117891
0.236328 -0.114404
0.239324 -0.111328
0.239324 -0.111328
0.242715 -0.107422
0.242715 -0.107422
0.245719 -0.103516
0.245719 -0.103516
0.248501 -0.0996094
0.251097 -0.0957031
0.217767 -0.0410156
0.215632 -0.0371094
0.213797 -0.0332031
0.215632 -0.0371094
0.197266 -0.0155087
0.201172 -0.0181389
0.201172 -0.0181389
0.189453 -0.00906048
0.193359 -0.0124557
0.193359 -0.0124557
0.189453 -0.00906048
0.197266 -0.0155087
0.211956 -0.0292969
0.209628 -0.0253906
0.205078 -0.0208346
0.205078 -0.0208346
0.205937 -0.0214844
0.211956 -0.0292969
0.209628 -0.0253906
0.224609 -0.0476383
0.228516 -0.0495677
0.232422 -0.0513119
0.232422 -0.0513119
0.220703 -0.0447031
0.217767 -0.0410156
0.224609 -0.0476383
0.240234 -0.0540495
0.236328 -0.0527221
0.240234 -0.0540495
0.244141 -0.055318
0.248047 -0.0563135
0.244141 -0.055318
0.257812 -0.484375
0.259766 -0.48578
0.263439 -0.488735
0.263672 -0.486328
0.257276 -0.482422
0.25781 -0.480467
0.258645 -0.481258
0.260812 -0.480327
0.263466 -0.482422
0.261902 -0.480373
0.269531 -0.5
0.265668 -0.488342
0.289062 -0.476563
0.288732 -0.476006
0.290698 -0.478516
0.295426 -0.481435
0.293559 -0.477473
0.291313 -0.47565
0.294922 -0.476033
0.296875 -0.5
0.299652 -0.484992
0.302734 -0.486227
0.305112 -0.485393
0.298494 -0.483855
0.299181 -0.477361
0.303432 -0.482422
0.301707 -0.47941
0.297237 -0.476393
0.251953 -0.435547
0.312937 -0.408203
0.309023 -0.400391
0.3108 -0.404297
0.309023 -0.400391
0.307618 -0.396484
0.306598 -0.392578
0.305229 -0.376953
0.30588 -0.388672
0.305415 -0.384766
0.305195 -0.380859
0.305229 -0.376953
0.3125 -0.5
0.341797 -0.443359
0.366009 -0.498264
0.369141 -0.497979
0.371925 -0.49848
0.322266 -0.420639
0.326172 -0.424294
0.326172 -0.424294
0.321607 -0.419922
0.318269 -0.416016
0.3154 -0.412109
0.312937 -0.408203
0.3154 -0.412109
0.321607 -0.419922
0.333984 -0.429644
0.330078 -0.427248
0.333984 -0.429644
0.337891 -0.431614
0.341797 -0.43311
0.341797 -0.43311
0.345703 -0.434214
0.349609 -0.43488
0.353516 -0.43514
0.357422 -0.435092
0.361328 -0.434812
0.365234 -0.434338
0.369141 -0.433729
0.369141 -0.433729
0.373047 -0.432965
0.358336 -0.376586
0.361328 -0.378181
0.365234 -0.3764
0.251953 -0.351037
0.251953 -0.351037
0.255859 -0.349547
0.259766 -0.348658
0.263672 -0.34812
0.267578 -0.347636
0.267578 -0.347636
0.271484 -0.346928
0.275391 -0.345841
0.279297 -0.344269
0.279297 -0.344269
0.305554 -0.373047
0.306263 -0.369141
0.307572 -0.365234
0.309595 -0.361328
0.309595 -0.361328
0.312563 -0.357422
0.283203 -0.342434
0.287109 -0.340436
0.287109 -0.340436
0.291016 -0.338633
0.294922 -0.336996
0.298828 -0.335686
0.298828 -0.335686
0.302734 -0.33483
0.306641 -0.334442
0.310547 -0.334576
0.251953 -0.261979
0.253532 -0.260845
0.253915 -0.258066
0.251953 -0.257279
0.296395 -0.293589
0.295269 -0.291016
0.292855 -0.284866
0.294762 -0.287109
0.295088 -0.284197
0.298828 -0.295613
0.302018 -0.294912
0.301755 -0.291016
0.298828 -0.285483
0.298828 -0.285483
0.301301 -0.288145
0.284908 -0.276325
0.287109 -0.277955
0.287109 -0.276395
0.289175 -0.279292
0.289173 -0.277012
0.312563 -0.357422
0.314453 -0.355444
0.318359 -0.3523
0.318359 -0.3523
0.321811 -0.349609
0.324634 -0.345703
0.324634 -0.345703
0.314453 -0.335363
0.318359 -0.336875
0.314453 -0.335363
0.324102 -0.341797
0.319994 -0.337891
0.324102 -0.341797
0.358164 -0.373047
0.359672 -0.369141
0.359672 -0.369141
0.367482 -0.373047
0.361328 -0.363969
0.361328 -0.363969
0.367187 -0.363281
0.365234 -0.358557
0.367482 -0.373047
0.367996 -0.369141
0.367782 -0.365234
0.368786 -0.361328
0.365234 -0.358557
0.369141 -0.357307
0.371186 -0.359046
0.362908 -0.328865
0.365234 -0.333031
0.365234 -0.333031
0.369141 -0.332468
0.369141 -0.332468
0.373047 -0.330508
0.373047 -0.330508
0.361858 -0.326172
0.360957 -0.322266
0.360613 -0.318359
0.360743 -0.314453
0.375754 -0.326172
0.337036 -0.275391
0.33453 -0.271484
0.334007 -0.267578
0.337891 -0.276279
0.337036 -0.275391
0.341797 -0.279576
0.335275 -0.263672
0.335275 -0.263672
0.337233 -0.259766
0.338706 -0.255859
0.339546 -0.251953
0.339546 -0.251953
0.35896 -0.302734
0.357567 -0.298828
0.345703 -0.281988
0.349609 -0.28462
0.349609 -0.28462
0.354809 -0.291016
0.356176 -0.294922
0.354809 -0.291016
0.352462 -0.287109
0.360747 -0.310547
0.36012 -0.306641
0.35896 -0.302734
0.345703 -0.281988
0.398438 -0.476562
0.392578 -0.458984
0.414062 -0.480469
0.414041 -0.476686
0.413803 -0.476102
0.417376 -0.480581
0.414945 -0.479523
0.417969 -0.480469
0.41945 -0.478516
0.416016 -0.475217
0.41875 -0.475815
0.376953 -0.431823
0.380859 -0.430593
0.380859 -0.430593
0.384766 -0.428708
0.385716 -0.427734
0.385716 -0.427734
0.387722 -0.423828
0.38702 -0.416016
0.387875 -0.419922
0.38702 -0.416016
0.385625 -0.412109
0.384021 -0.408203
0.382269 -0.404297
0.380468 -0.400391
0.379036 -0.396484
0.378206 -0.392578
0.379036 -0.396484
0.382269 -0.404297
0.378129 -0.388672
0.378651 -0.384766
0.378651 -0.384766
0.379444 -0.380859
0.380237 -0.376953
0.415105 -0.376953
0.419922 -0.38203
0.418739 -0.380859
0.415105 -0.376953
0.419922 -0.38203
0.427734 -0.389392
0.4375 -0.398438
0.431641 -0.393171
0.431641 -0.393171
0.435547 -0.396274
0.423828 -0.385641
0.423828 -0.385641
0.427037 -0.388672
0.423828 -0.374094
0.427734 -0.376272
0.431641 -0.37791
0.435547 -0.379148
0.435547 -0.379148
0.459906 -0.498047
0.461248 -0.494141
0.461248 -0.494141
0.463262 -0.490234
0.465543 -0.486328
0.465543 -0.486328
0.46746 -0.482422
0.469013 -0.478516
0.469013 -0.478516
0.470204 -0.474609
0.471135 -0.470703
0.471856 -0.466797
0.472395 -0.462891
0.472787 -0.458984
0.47304 -0.455078
0.472787 -0.458984
0.47304 -0.455078
0.473142 -0.451172
0.473083 -0.447266
0.472418 -0.439453
0.472848 -0.443359
0.472418 -0.439453
0.445312 -0.429688
0.451172 -0.404612
0.469615 -0.427734
0.468059 -0.423828
0.460937 -0.414063
0.457031 -0.410156
0.455078 -0.407263
0.460364 -0.412109
0.458984 -0.410674
0.463563 -0.416016
0.466036 -0.419922
0.460364 -0.412109
0.439453 -0.39875
0.443359 -0.400687
0.439453 -0.39875
0.447266 -0.402526
0.447266 -0.402526
0.451172 -0.404612
0.439453 -0.379973
0.443359 -0.380386
0.447266 -0.380401
0.451172 -0.380067
0.455078 -0.407263
0.455078 -0.379403
0.458984 -0.378415
0.458984 -0.378415
0.462891 -0.376983
0.466797 -0.374953
0.471764 -0.435547
0.470845 -0.431641
0.469615 -0.427734
0.468059 -0.423828
0.380929 -0.373047
0.381564 -0.369141
0.382186 -0.365234
0.382711 -0.361328
0.382711 -0.361328
0.382683 -0.353516
0.382134 -0.349609
0.381289 -0.345703
0.382919 -0.357422
0.382683 -0.353516
0.408041 -0.369141
0.405684 -0.365234
0.404416 -0.361328
0.40366 -0.357422
0.403033 -0.353516
0.402417 -0.349609
0.402222 -0.345703
0.402417 -0.349609
0.402222 -0.345703
0.380725 -0.341797
0.38037 -0.337891
0.377996 -0.333984
0.375373 -0.329131
0.381837 -0.333984
0.382894 -0.336035
0.381837 -0.333984
0.385297 -0.330078
0.386797 -0.332272
0.385297 -0.330078
0.375754 -0.326172
0.377688 -0.322266
0.379209 -0.318359
0.379209 -0.318359
0.38014 -0.314453
0.385717 -0.326172
0.387608 -0.322266
0.385717 -0.326172
0.387608 -0.322266
0.389718 -0.318359
0.402752 -0.341797
0.402752 -0.341797
0.403666 -0.337891
0.402104 -0.334595
0.401316 -0.329276
0.405126 -0.333984
0.405527 -0.329705
0.389718 -0.318359
0.3919 -0.314453
0.401706 -0.326172
0.400615 -0.322266
0.401706 -0.326172
0.400849 -0.318359
0.401584 -0.314453
0.411521 -0.373047
0.408041 -0.369141
0.411521 -0.373047
0.405684 -0.365234
0.414365 -0.361328
0.418237 -0.369141
0.419922 -0.370992
0.418237 -0.369141
0.415827 -0.365234
0.414365 -0.361328
0.4137 -0.357422
0.413634 -0.353516
0.41387 -0.349609
0.414089 -0.345703
0.414089 -0.345703
0.423828 -0.374094
0.414006 -0.341797
0.413511 -0.337891
0.406748 -0.330794
0.412738 -0.333984
0.411974 -0.330078
0.414006 -0.341797
0.411519 -0.326172
0.411077 -0.322266
0.410449 -0.318359
0.409878 -0.314453
0.410449 -0.318359
0.409878 -0.314453
0.437892 -0.333984
0.436129 -0.330078
0.429703 -0.322266
0.427056 -0.318359
0.426355 -0.314453
0.433445 -0.326172
0.429703 -0.322266
0.433445 -0.326172
0.380434 -0.310547
0.380007 -0.306641
0.379132 -0.302734
0.378212 -0.298828
0.379132 -0.302734
0.377492 -0.294922
0.376947 -0.291016
0.376686 -0.287109
0.376978 -0.283203
0.392578 -0.312989
0.394221 -0.307757
0.394538 -0.308619
0.394795 -0.305454
0.396765 -0.302734
0.397127 -0.298828
0.402123 -0.310547
0.401632 -0.306641
0.401632 -0.306641
0.402344 -0.304687
0.404297 -0.302787
0.406224 -0.300763
0.397164 -0.294922
0.397512 -0.291016
0.397727 -0.287109
0.397188 -0.283203
0.377515 -0.279297
0.378185 -0.2765
0.380859 -0.275387
0.384766 -0.275671
0.388672 -0.276558
0.392578 -0.277654
0.392578 -0.277654
0.394875 -0.279297
0.408894 -0.310547
0.409315 -0.306641
0.410466 -0.305104
0.408203 -0.302463
0.408203 -0.302463
0.412907 -0.303491
0.412109 -0.297317
0.415348 -0.302339
0.416457 -0.298828
0.414834 -0.296533
0.426463 -0.310547
0.426463 -0.310547
0.426699 -0.306641
0.426985 -0.302734
0.427359 -0.298828
0.427864 -0.294922
0.428559 -0.291016
0.429456 -0.287109
0.429456 -0.287109
0.430565 -0.283203
0.431816 -0.279297
0.432938 -0.275391
0.43372 -0.271484
0.43372 -0.271484
0.434989 -0.267578
0.435547 -0.267013
0.442253 -0.345703
0.443359 -0.347141
0.442253 -0.345703
0.451172 -0.35187
0.447266 -0.350531
0.451172 -0.35187
0.466797 -0.374953
0.45658 -0.356163
0.455078 -0.352484
0.458984 -0.358338
0.460532 -0.353516
0.455078 -0.352484
0.456936 -0.346489
0.458984 -0.352385
0.4576 -0.345703
0.462207 -0.356428
0.460532 -0.353516
0.469663 -0.357422
0.466797 -0.353217
0.461927 -0.351206
0.462891 -0.343453
0.466622 -0.349609
0.468379 -0.346703
0.440461 -0.341797
0.439182 -0.337891
0.437892 -0.333984
0.461354 -0.341797
0.461354 -0.341797
0.463656 -0.337891
0.464869 -0.333984
0.464869 -0.333984
0.466299 -0.330078
0.467818 -0.326172
0.469304 -0.322266
0.469259 -0.373047
0.472379 -0.369141
0.472379 -0.369141
0.473647 -0.365234
0.473868 -0.361328
0.469663 -0.357422
0.470703 -0.354535
0.473528 -0.357716
0.469111 -0.344514
0.470309 -0.341797
0.472135 -0.337891
0.472135 -0.337891
0.473616 -0.333984
0.475508 -0.330078
0.469304 -0.322266
0.477274 -0.326172
0.471485 -0.318359
0.474066 -0.314453
0.477274 -0.326172
0.479057 -0.322266
0.480418 -0.318359
0.480418 -0.318359
0.481173 -0.314453
0.439453 -0.263409
0.443359 -0.262159
0.447266 -0.261987
0.451172 -0.26246
0.458984 -0.264842
0.462891 -0.266742
0.466797 -0.269377
0.466797 -0.269377
0.455078 -0.263422
0.458984 -0.264842
0.474907 -0.310547
0.475049 -0.306641
0.475248 -0.302734
0.475486 -0.298828
0.481773 -0.310547
0.482136 -0.306641
0.482358 -0.302734
0.482569 -0.298828
0.475615 -0.294922
0.47556 -0.291016
0.475272 -0.287109
0.474693 -0.283203
0.482789 -0.294922
0.48297 -0.291016
0.48306 -0.287109
0.483013 -0.283203
0.471868 -0.275391
0.473663 -0.279297
0.471868 -0.275391
0.469066 -0.271484
0.482792 -0.279297
0.482378 -0.275391
0.4818 -0.271484
0.481048 -0.267578
0.476401 -0.251953
0.480056 -0.263672
0.478961 -0.259766
0.480056 -0.263672
0.477782 -0.255859
0.476401 -0.251953
0.340166 -0.248047
0.340773 -0.244141
0.341622 -0.240234
0.34289 -0.236328
0.344644 -0.232422
0.34289 -0.236328
0.344644 -0.232422
0.346933 -0.228516
0.346933 -0.228516
0.349827 -0.224609
0.353394 -0.220703
0.353516 -0.220584
0.353516 -0.220584
0.357422 -0.21713
0.361328 -0.214305
0.361328 -0.214305
0.365234 -0.211949
0.365234 -0.211949
0.369141 -0.209987
0.369141 -0.209987
0.373047 -0.208365
0.251097 -0.0957031
0.253819 -0.0917969
0.253819 -0.0917969
0.256693 -0.0878906
0.256693 -0.0878906
0.259737 -0.0839844
0.263583 -0.0800781
0.263583 -0.0800781
0.263672 -0.0798299
0.259766 -0.0608064
0.263672 -0.0638079
0.267578 -0.076264
0.267578 -0.076264
0.268127 -0.0761719
0.273429 -0.0742163
0.267578 -0.0660865
0.267578 -0.0660865
0.269687 -0.0664299
0.27155 -0.0660256
0.275391 -0.0738368
0.275391 -0.0738368
0.279297 -0.0732228
0.275391 -0.0645109
0.279297 -0.0624898
0.283203 -0.0726034
0.287109 -0.0717643
0.291016 -0.0706809
0.291016 -0.0706809
0.294922 -0.0694105
0.298828 -0.0680437
0.302734 -0.0664213
0.302734 -0.0664213
0.306641 -0.0648052
0.310547 -0.0631677
0.251953 -0.0573391
0.255859 -0.0586381
0.255859 -0.0586381
0.259766 -0.0608064
0.263672 -0.0638079
0.279297 -0.0624898
0.283203 -0.0605265
0.287109 -0.0587854
0.287109 -0.0587854
0.291016 -0.0572823
0.294922 -0.055878
0.298828 -0.0546254
0.298828 -0.0546254
0.302734 -0.0532962
0.310547 -0.0631677
0.306641 -0.0518822
0.310547 -0.0505028
0.310547 -0.0505028
0.314453 -0.0613795
0.318359 -0.0598364
0.314453 -0.0489183
0.318359 -0.0473196
0.322266 -0.0580166
0.322266 -0.0580166
0.326172 -0.0564325
0.322266 -0.045706
0.318359 -0.0473196
0.322266 -0.045706
0.326172 -0.0439102
0.330078 -0.0546358
0.330078 -0.0546358
0.333984 -0.0529732
0.337891 -0.0512559
0.337891 -0.0512559
0.341797 -0.0494362
0.330078 -0.0422439
0.330078 -0.0422439
0.333984 -0.040335
0.337891 -0.038562
0.337891 -0.038562
0.341797 -0.0365375
0.345703 -0.0476931
0.345703 -0.0476931
0.349609 -0.0456437
0.345703 -0.0345903
0.345703 -0.0345903
0.349609 -0.0323822
0.353516 -0.0437231
0.353516 -0.0437231
0.357422 -0.0414829
0.353516 -0.0302681
0.361328 -0.0393242
0.361328 -0.0393242
0.365234 -0.0369699
0.369141 -0.0344198
0.369141 -0.0344198
0.373047 -0.0318459
0.353516 -0.0302681
0.357422 -0.0277935
0.357422 -0.0277935
0.361328 -0.025267
0.365234 -0.0226544
0.365234 -0.0226544
0.373047 -0.0318459
0.369141 -0.019732
0.369141 -0.019732
0.373047 -0.0167817
0.373047 -0.0167817
0.376953 -0.207067
0.376953 -0.207067
0.380859 -0.206011
0.380859 -0.206011
0.384766 -0.205214
0.388672 -0.204651
0.392578 -0.204303
0.396484 -0.204152
0.400391 -0.204187
0.404297 -0.204395
0.408203 -0.204763
0.412109 -0.205281
0.416016 -0.205935
0.416016 -0.205935
0.419922 -0.206718
0.419922 -0.206718
0.423828 -0.207626
0.427734 -0.208659
0.431641 -0.209815
0.435547 -0.211137
0.431641 -0.209815
0.435547 -0.211137
0.441406 -0.226562
0.451172 -0.218562
0.468983 -0.236328
0.453125 -0.234375
0.455078 -0.221234
0.455078 -0.221234
0.458984 -0.22441
0.466303 -0.232422
0.463082 -0.228516
0.466303 -0.232422
0.459201 -0.224609
0.439453 -0.212634
0.443359 -0.214327
0.443359 -0.214327
0.447266 -0.216299
0.451172 -0.218562
0.473229 -0.244141
0.474889 -0.248047
0.473229 -0.244141
0.471231 -0.240234
0.468983 -0.236328
0.376953 -0.0290046
0.380859 -0.0261366
0.380859 -0.0261366
0.384766 -0.0232232
0.384766 -0.0232232
0.388672 -0.0199466
0.388672 -0.0199466
0.376953 -0.0136957
0.380859 -0.0103392
0.380859 -0.0103392
0.384766 -0.00667887
0.384766 -0.00667887
0.388672 -0.00281865
0.389522 -0.00195312
0.392578 -0.0163942
0.392578 -0.0163942
0.396484 -0.0128356
0.396484 -0.0128356
0.389522 -0.00195312
0.399708 -0.00976562
0.403283 -0.00585938
0.403283 -0.00585938
0.406626 -0.00195312
0.406626 -0.00195312
0.138672 0.000186043
0.142578 0.00211507
0.146484 0.00402979
0.146484 0.00402979
0.150391 0.00581379
0.154297 0.00739619
0.154297 0.00739619
0.158203 0.00901761
0.162109 0.0103619
0.166016 0.01178
0.166016 0.01178
0.169922 0.0131335
0.173828 0.0143458
0.177734 0.015855
0.177734 0.015855
0.181641 0.0174094
0.185547 0.0192006
0.185547 0.0192006
0.189453 0.0212669
0.193359 0.0235205
0.193359 0.0235205
0.197266 0.0258275
0.197266 0.0258275
0.201172 0.0283333
0.201172 0.0283333
0.205078 0.0307766
0.205078 0.0307766
0.208984 0.0332122
0.212891 0.0356905
0.212891 0.0356905
0.216797 0.0379667
0.216797 0.0379667
0.220703 0.0403288
0.224609 0.0424468
0.224609 0.0424468
0.228516 0.0446087
0.232422 0.0466008
0.232422 0.0466008
0.236328 0.0486144
0.240234 0.0504769
0.240234 0.0504769
0.244141 0.0523501
0.248047 0.0540745
0.248047 0.0540745
0.166016 0.251026
0.169922 0.247864
0.185547 0.234397
0.177734 0.24149
0.173828 0.244773
0.173828 0.244773
0.177734 0.24149
0.181641 0.237988
0.181641 0.237988
0.185547 0.234397
0.189453 0.230998
0.189453 0.230998
0.193359 0.228167
0.197266 0.226062
0.201172 0.224771
0.197266 0.226062
0.197443 0.248047
0.201172 0.244374
0.205078 0.224572
0.208984 0.226088
0.208984 0.226088
0.212891 0.227759
0.216797 0.228415
0.205078 0.241289
0.208984 0.239105
0.205078 0.241289
0.212891 0.237875
0.212891 0.237875
0.216797 0.237202
0.220703 0.228357
0.224609 0.227977
0.228516 0.227562
0.232422 0.227199
0.220703 0.236784
0.224609 0.23646
0.228516 0.236218
0.232422 0.236116
0.240234 0.226631
0.236328 0.226891
0.240234 0.226631
0.244141 0.226438
0.248047 0.226228
0.244141 0.226438
0.236328 0.236263
0.240234 0.236715
0.244141 0.237396
0.248047 0.238191
0.248047 0.238191
0.0547772 0.310547
0.0605469 0.304036
0.0579698 0.306641
0.0547772 0.310547
0.0579698 0.306641
0.0307552 0.341797
0.0237822 0.357422
0.0283162 0.345703
0.0262452 0.349609
0.0283162 0.345703
0.0248032 0.353516
0.0237822 0.357422
0.0230602 0.361328
0.0226541 0.365234
0.0224218 0.369141
0.0222781 0.373047
0.0449219 0.320443
0.0432651 0.322266
0.0403826 0.326172
0.0432651 0.322266
0.0357772 0.333984
0.0380099 0.330078
0.0357772 0.333984
0.0333725 0.337891
0.0307552 0.341797
0.0380099 0.330078
0.0488281 0.316935
0.0488281 0.316935
0.0514085 0.314453
0.0644531 0.301518
0.0683594 0.301408
0.0683594 0.301408
0.0722656 0.305466
0.0729201 0.306641
0.0743211 0.310547
0.0743211 0.310547
0.0991122 0.306641
0.0954759 0.310547
0.0996094 0.306096
0.103516 0.3048
0.107422 0.304471
0.103516 0.3048
0.111328 0.303958
0.115234 0.303324
0.119141 0.303108
0.125437 0.298828
0.123047 0.301778
0.0762495 0.314453
0.0787628 0.318359
0.0787628 0.318359
0.0800781 0.320019
0.0839844 0.322533
0.0878906 0.320632
0.0931681 0.314453
0.0902933 0.318359
0.0878906 0.320632
0.0933786 0.335248
0.0934482 0.337891
0.0936864 0.339976
0.0931681 0.314453
0.0957031 0.333624
0.0985739 0.335211
0.0957031 0.343569
0.101057 0.337891
0.100937 0.342962
0.101057 0.337891
0.101833 0.340679
0.0957031 0.343569
0.099569 0.344634
0.0221631 0.376953
0.022044 0.380859
0.0219145 0.384766
0.0217857 0.388672
0.0216738 0.392578
0.0215921 0.396484
0.0215515 0.400391
0.0215609 0.404297
0.0216257 0.408203
0.0217418 0.412109
0.0218919 0.416016
0.0220508 0.419922
0.0221961 0.423828
0.0223168 0.427734
0.0224165 0.431641
0.0225163 0.435547
0.0226514 0.439453
0.0228636 0.443359
0.023192 0.447266
0.0236641 0.451172
0.0236641 0.451172
0.0242856 0.455078
0.0253126 0.458984
0.0265357 0.461843
0.0292969 0.463448
0.0332031 0.464141
0.0371094 0.463935
0.0410156 0.46347
0.0449219 0.463648
0.0488281 0.465045
0.0488281 0.465045
0.0512543 0.466797
0.0527344 0.468372
0.0544084 0.473186
0.0550893 0.472009
0.0566406 0.475398
0.0615644 0.470703
0.0605469 0.476356
0.0566406 0.475398
0.0605469 0.476356
0.0653929 0.468266
0.0676029 0.468296
0.0644531 0.472536
0.0650848 0.474609
0.0693788 0.469443
0.0650848 0.474609
0.0647931 0.478516
0.0661097 0.482422
0.0647931 0.478516
0.0661097 0.482422
0.0709414 0.47155
0.0713838 0.474609
0.072117 0.477106
0.0740229 0.480548
0.0756189 0.478516
0.0744146 0.480499
0.0668503 0.486328
0.0672372 0.490234
0.0679357 0.494141
0.0685287 0.498047
0.100946 0.468404
0.103516 0.468136
0.107422 0.468391
0.111328 0.468444
0.115234 0.468281
0.117732 0.46859
0.0982187 0.470703
0.0973116 0.473482
0.0982187 0.470703
0.0988635 0.475272
0.100972 0.476836
0.103516 0.476417
0.109296 0.468767
0.107422 0.475033
0.103516 0.476417
0.109375 0.46875
0.111328 0.474915
0.115234 0.475501
0.120326 0.469081
0.119141 0.47532
0.123047 0.470584
0.123047 0.475242
0.129454 0.279297
0.131327 0.275391
0.129454 0.279297
0.134766 0.272673
0.138672 0.270674
0.134766 0.272673
0.150391 0.265184
0.154297 0.262142
0.154297 0.262142
0.142578 0.268981
0.142578 0.268981
0.146484 0.267313
0.150391 0.265184
0.129005 0.283203
0.128713 0.287109
0.129005 0.283203
0.128163 0.291016
0.127181 0.294922
0.125437 0.298828
0.149124 0.310547
0.153281 0.302734
0.155581 0.298828
0.153281 0.302734
0.151111 0.306641
0.149124 0.310547
0.158203 0.258392
0.162109 0.254568
0.162109 0.254568
0.158203 0.258392
0.166016 0.251026
0.173176 0.275391
0.169877 0.279297
0.183404 0.263672
0.186833 0.259766
0.183404 0.263672
0.176557 0.271484
0.179974 0.267578
0.176557 0.271484
0.173176 0.275391
0.171875 0.277344
0.179974 0.267578
0.163634 0.287109
0.16077 0.291016
0.158101 0.294922
0.16077 0.291016
0.16668 0.283203
0.163634 0.287109
0.16668 0.283203
0.155581 0.298828
0.147299 0.314453
0.145678 0.318359
0.144233 0.322266
0.143051 0.326172
0.144233 0.322266
0.147299 0.314453
0.142098 0.330078
0.141396 0.333984
0.140955 0.337891
0.140787 0.341797
0.140911 0.345703
0.141356 0.349609
0.142185 0.353516
0.143499 0.357422
0.143499 0.357422
0.145418 0.361328
0.145418 0.361328
0.148092 0.365234
0.148092 0.365234
0.150391 0.367862
0.154297 0.371455
0.154297 0.371455
0.158203 0.374442
0.162109 0.376942
0.190275 0.255859
0.193807 0.251953
0.190275 0.255859
0.186833 0.259766
0.193807 0.251953
0.158203 0.374442
0.162109 0.376942
0.166016 0.379031
0.166016 0.379031
0.169922 0.380766
0.173828 0.382304
0.173828 0.382304
0.177734 0.383637
0.181641 0.384868
0.185547 0.386011
0.126953 0.472217
0.125501 0.475961
0.130859 0.472544
0.127537 0.476977
0.130859 0.477607
0.134766 0.471998
0.138672 0.470934
0.134766 0.479834
0.134766 0.479834
0.138672 0.477619
0.138672 0.483754
0.135989 0.486328
0.138672 0.483754
0.140431 0.488285
0.135304 0.498635
0.138049 0.498623
0.142578 0.470244
0.143156 0.475924
0.145454 0.471992
0.148185 0.475808
0.141145 0.476803
0.141158 0.483141
0.144966 0.476763
0.148682 0.474609
0.156267 0.470703
0.15581 0.474609
0.156361 0.478516
0.155922 0.481172
0.14151 0.486328
0.147715 0.498813
0.150391 0.498936
0.162109 0.461735
0.160857 0.462891
0.158023 0.466797
0.162109 0.461735
0.166016 0.459198
0.169922 0.457691
0.173828 0.456996
0.173828 0.456996
0.177734 0.457298
0.177734 0.457298
0.177734 0.467605
0.181641 0.458371
0.186507 0.456454
0.185547 0.457769
0.18538 0.462891
0.179075 0.466797
0.18538 0.462891
0.156267 0.470703
0.15625 0.476562
0.156361 0.478516
0.157657 0.483016
0.162109 0.48404
0.171071 0.474609
0.168504 0.478516
0.166016 0.481244
0.168504 0.478516
0.159336 0.484738
0.162109 0.48404
0.174127 0.470703
0.171071 0.474609
0.177734 0.467605
0.189453 0.386985
0.189453 0.386985
0.193359 0.387761
0.197266 0.388094
0.201172 0.387683
0.205078 0.386264
0.205078 0.386264
0.208984 0.384233
0.212891 0.382368
0.216797 0.380997
0.212891 0.382368
0.212891 0.437962
0.216797 0.435548
0.220703 0.38005
0.224609 0.379467
0.228516 0.379235
0.232422 0.379306
0.236328 0.37963
0.240234 0.380167
0.244141 0.380888
0.248047 0.381777
0.224609 0.430491
0.220703 0.432951
0.220703 0.432951
0.224609 0.430491
0.228516 0.428572
0.232422 0.427699
0.228516 0.428572
0.236328 0.427915
0.240234 0.428757
0.240234 0.436353
0.243202 0.42906
0.245101 0.431641
0.241274 0.435547
0.190863 0.452694
0.195144 0.449078
0.193359 0.450801
0.203433 0.443359
0.197266 0.44748
0.198908 0.452529
0.199884 0.445553
0.201012 0.45055
0.188832 0.454305
0.189512 0.460228
0.194805 0.45659
0.192856 0.45805
0.187565 0.460976
0.196915 0.454578
0.206976 0.441376
0.203433 0.443359
0.210333 0.439453
0.207092 0.441489
0.205078 0.447879
0.208984 0.447559
0.212891 0.437962
0.212891 0.448136
0.216797 0.448589
0.220703 0.448288
0.224609 0.447252
0.228516 0.445224
0.232422 0.442307
0.232422 0.442307
0.228516 0.445224
0.232422 0.453034
0.224778 0.458984
0.222016 0.462891
0.220331 0.466797
0.222016 0.462891
0.228516 0.455515
0.228516 0.455515
0.232422 0.453034
0.236328 0.439047
0.240234 0.436353
0.236328 0.451623
0.240234 0.451148
0.244141 0.451688
0.248047 0.453271
0.248047 0.453271
0.219676 0.470703
0.220266 0.474609
0.222633 0.478516
0.224609 0.480317
0.224609 0.480317
0.228516 0.48281
0.232422 0.484499
0.232422 0.484499
0.248047 0.484688
0.236328 0.485714
0.240234 0.486188
0.244141 0.485792
0.248047 0.484688
0.245036 0.498943
0.24715 0.498943
0.251953 0.0558092
0.255859 0.057402
0.259766 0.0589656
0.259766 0.0589656
0.263672 0.0604106
0.267578 0.0617793
0.271484 0.0631356
0.271484 0.0631356
0.275391 0.0643528
0.279297 0.0655536
0.283203 0.0667427
0.283203 0.0667427
0.287109 0.0678534
0.291016 0.0689564
0.294922 0.07012
0.294922 0.07012
0.298828 0.0713483
0.302734 0.0725396
0.306641 0.0738566
0.306641 0.0738566
0.310547 0.0753414
0.314453 0.076832
0.318359 0.0784774
0.318359 0.0784774
0.322266 0.0802287
0.326172 0.0821079
0.326172 0.0821079
0.330078 0.0841429
0.333984 0.0862821
0.333984 0.0862821
0.337891 0.0885264
0.337891 0.0885264
0.341797 0.0908971
0.341797 0.0908971
0.345703 0.0933297
0.345703 0.0933297
0.349609 0.0959301
0.353516 0.0986679
0.353516 0.0986679
0.357422 0.101524
0.357422 0.101524
0.361328 0.104573
0.361328 0.104573
0.365234 0.107861
0.365234 0.107861
0.369141 0.111418
0.37112 0.113256
0.37299 0.115234
0.376592 0.119141
0.251953 0.225772
0.255859 0.225004
0.259766 0.224346
0.263672 0.224289
0.251953 0.239088
0.255859 0.240081
0.259766 0.241217
0.263672 0.242349
0.263672 0.242349
0.267578 0.225041
0.271484 0.226725
0.271484 0.226725
0.275391 0.228862
0.279297 0.230469
0.279297 0.230469
0.267578 0.243631
0.271484 0.244865
0.275391 0.245943
0.275391 0.245943
0.279297 0.246845
0.283203 0.231559
0.287109 0.232427
0.291016 0.233112
0.294922 0.233626
0.283203 0.247618
0.287109 0.248096
0.291016 0.248171
0.294922 0.24788
0.298828 0.234323
0.298828 0.234323
0.302734 0.235496
0.298828 0.247684
0.302734 0.248155
0.306641 0.23712
0.310547 0.239194
0.310547 0.239194
0.306641 0.248871
0.310547 0.248268
0.31162 0.240234
0.31616 0.244141
0.314406 0.249484
0.31616 0.244141
0.319276 0.246564
0.322266 0.248092
0.324306 0.249884
0.393172 0.00195312
0.393172 0.00195312
0.39661 0.00585938
0.399873 0.00976562
0.399873 0.00976562
0.40284 0.0136719
0.40284 0.0136719
0.405652 0.0175781
0.410113 0.00195312
0.410113 0.00195312
0.413372 0.00585938
0.413372 0.00585938
0.415911 0.00976562
0.418821 0.0136719
0.418821 0.0136719
0.405652 0.0175781
0.408366 0.0214844
0.410966 0.0253906
0.410966 0.0253906
0.41339 0.0292969
0.421571 0.0175781
0.41339 0.0292969
0.421571 0.0175781
0.423728 0.0214844
0.426346 0.0253906
0.426346 0.0253906
0.428573 0.0292969
0.415763 0.0332031
0.417936 0.0371094
0.417936 0.0371094
0.420069 0.0410156
0.422062 0.0449219
0.422062 0.0449219
0.430492 0.0332031
0.432586 0.0371094
0.434393 0.0410156
0.43621 0.0449219
0.424035 0.0488281
0.425905 0.0527344
0.425905 0.0527344
0.427654 0.0566406
0.429331 0.0605469
0.437905 0.0488281
0.429331 0.0605469
0.376592 0.119141
0.379863 0.123047
0.379863 0.123047
0.430886 0.0644531
0.430886 0.0644531
0.432397 0.0683594
0.432397 0.0683594
0.43386 0.0722656
0.43386 0.0722656
0.435325 0.0761719
0.43667 0.0800781
0.438 0.0839844
0.437905 0.0488281
0.43948 0.0527344
0.441229 0.0566406
0.441229 0.0566406
0.442556 0.0605469
0.444025 0.0644531
0.445501 0.0683594
0.445501 0.0683594
0.446781 0.0722656
0.448066 0.0761719
0.43667 0.0800781
0.438 0.0839844
0.439228 0.0878906
0.440375 0.0917969
0.441406 0.0898437
0.449412 0.0800781
0.449412 0.0800781
0.450563 0.0839844
0.451729 0.0878906
0.452992 0.0917969
0.452992 0.0917969
0.441486 0.0957031
0.441486 0.0957031
0.442578 0.0996094
0.443546 0.103516
0.444508 0.107422
0.445432 0.111328
0.445432 0.111328
0.446308 0.115234
0.447085 0.119141
0.447898 0.123047
0.45395 0.0957031
0.455059 0.0996094
0.456128 0.103516
0.457147 0.107422
0.457147 0.107422
0.458068 0.111328
0.459017 0.115234
0.45995 0.119141
0.460893 0.123047
0.460893 0.123047
0.382941 0.126953
0.382941 0.126953
0.385767 0.130859
0.385767 0.130859
0.38826 0.134766
0.390621 0.138672
0.390621 0.138672
0.392712 0.142578
0.394696 0.146484
0.394696 0.146484
0.396463 0.150391
0.398148 0.154297
0.398148 0.154297
0.399539 0.158203
0.400918 0.162109
0.40218 0.166016
0.40218 0.166016
0.403136 0.169922
0.40397 0.173828
0.404699 0.177734
0.405344 0.181641
0.405896 0.185547
0.40632 0.189453
0.406436 0.212891
0.406083 0.216797
0.405721 0.220703
0.405344 0.224609
0.404958 0.228516
0.404574 0.232422
0.404205 0.236328
0.403876 0.240234
0.403604 0.244141
0.403418 0.248047
0.40632 0.189453
0.406607 0.193359
0.406785 0.197266
0.406852 0.201172
0.40681 0.205078
0.406665 0.208984
0.406436 0.212891
0.406083 0.216797
0.448727 0.126953
0.449532 0.130859
0.449532 0.130859
0.450207 0.134766
0.450841 0.138672
0.451495 0.142578
0.452122 0.146484
0.452719 0.150391
0.453302 0.154297
0.461679 0.126953
0.462497 0.130859
0.46329 0.134766
0.464105 0.138672
0.453302 0.154297
0.464882 0.142578
0.464882 0.142578
0.465565 0.146484
0.466279 0.150391
0.466964 0.154297
0.453811 0.158203
0.454305 0.162109
0.454832 0.166016
0.455386 0.169922
0.467636 0.158203
0.468383 0.162109
0.468961 0.166016
0.455927 0.173828
0.456468 0.177734
0.45697 0.181641
0.45697 0.181641
0.457492 0.185547
0.468961 0.166016
0.469607 0.169922
0.470287 0.173828
0.470977 0.177734
0.471692 0.181641
0.472468 0.185547
0.45796 0.189453
0.458418 0.193359
0.458855 0.197266
0.459256 0.201172
0.459624 0.205078
0.459973 0.208984
0.460286 0.212891
0.460547 0.216797
0.460742 0.220703
0.460852 0.224609
0.460864 0.228516
0.460766 0.232422
0.460536 0.236328
0.460152 0.240234
0.459596 0.244141
0.458839 0.248047
0.473045 0.189453
0.473759 0.193359
0.474495 0.197266
0.475258 0.201172
0.476089 0.205078
0.476725 0.208984
0.476725 0.208984
0.477369 0.212891
0.47803 0.216797
0.478673 0.220703
0.479337 0.224609
0.480062 0.228516
0.480625 0.232422
0.480625 0.232422
0.481196 0.236328
0.48176 0.240234
0.482244 0.244141
0.482656 0.248047
0.253859 0.308514
0.253882 0.309544
0.255859 0.307285
0.254044 0.311236
0.259417 0.307541
0.261115 0.310547
0.261719 0.308594
0.261719 0.308594
0.253841 0.312602
0.255859 0.313609
0.25894 0.313211
0.270067 0.326172
0.271484 0.324315
0.270067 0.326172
0.275391 0.321738
0.279297 0.320792
0.268933 0.330078
0.269694 0.333984
0.269694 0.333984
0.272382 0.337891
0.275391 0.34055
0.275391 0.34055
0.279297 0.342975
0.279297 0.342975
0.283203 0.32038
0.283203 0.32038
0.287109 0.320528
0.291016 0.320978
0.294922 0.321451
0.283203 0.344798
0.302734 0.320569
0.298828 0.32149
0.302734 0.320569
0.308319 0.316169
0.306641 0.318375
0.310547 0.315176
0.310547 0.315176
0.283203 0.344798
0.287109 0.346216
0.291016 0.347429
0.291016 0.347429
0.294922 0.348396
0.298828 0.349231
0.302734 0.35018
0.306641 0.351259
0.306641 0.351259
0.310547 0.352559
0.315868 0.250298
0.318359 0.252754
0.324119 0.253783
0.322266 0.25463
0.325151 0.251953
0.325224 0.255209
0.324096 0.265278
0.326172 0.260937
0.324844 0.262376
0.324568 0.267578
0.324568 0.267578
0.326316 0.271484
0.327873 0.274443
0.330078 0.262594
0.330078 0.262594
0.332184 0.26535
0.332786 0.267578
0.333795 0.271484
0.32841 0.276032
0.32848 0.280445
0.334309 0.275391
0.334447 0.279297
0.327999 0.281513
0.323582 0.295167
0.326172 0.294408
0.326172 0.294408
0.318359 0.312284
0.324161 0.298828
0.324161 0.298828
0.325049 0.302734
0.322266 0.309986
0.325645 0.306641
0.325049 0.308792
0.330078 0.283842
0.333071 0.282414
0.330078 0.292046
0.330078 0.292046
0.333009 0.295266
0.333827 0.298828
0.333365 0.302734
0.330406 0.306641
0.330078 0.313864
0.332238 0.30518
0.332161 0.312294
0.314453 0.313618
0.318359 0.312284
0.329097 0.318359
0.324997 0.322266
0.324309 0.326172
0.324997 0.322266
0.324309 0.326172
0.32892 0.330078
0.330078 0.313864
0.329097 0.318359
0.334567 0.314453
0.332779 0.316853
0.328125 0.328125
0.334567 0.314453
0.336423 0.316887
0.330078 0.330795
0.330078 0.330795
0.333984 0.333752
0.337891 0.337298
0.338459 0.337891
0.338459 0.337891
0.341458 0.341797
0.314453 0.354231
0.318359 0.356237
0.322266 0.358665
0.322266 0.358665
0.326172 0.360984
0.344015 0.345703
0.330078 0.363436
0.330078 0.363436
0.333984 0.365367
0.337891 0.366739
0.337891 0.366739
0.341797 0.367366
0.344015 0.345703
0.346662 0.349609
0.346662 0.349609
0.349114 0.353516
0.351014 0.357422
0.351014 0.357422
0.345703 0.367163
0.349609 0.36569
0.345703 0.367163
0.349609 0.36569
0.351919 0.361328
0.350179 0.365234
0.251953 0.382837
0.251953 0.382837
0.255859 0.384106
0.259766 0.385611
0.263672 0.387379
0.263672 0.387379
0.267578 0.389458
0.271484 0.39183
0.271484 0.39183
0.275391 0.394497
0.275391 0.394497
0.279297 0.397506
0.279297 0.397506
0.283203 0.400851
0.283203 0.400851
0.285156 0.402344
0.287109 0.404523
0.287109 0.404523
0.290827 0.408203
0.291016 0.408392
0.294922 0.412278
0.294922 0.412278
0.298828 0.416029
0.302734 0.41956
0.302734 0.41956
0.306641 0.422854
0.306641 0.422854
0.310547 0.425923
0.310547 0.425923
0.251953 0.456266
0.254543 0.458984
0.254543 0.458984
0.257701 0.462891
0.257701 0.462891
0.259766 0.465224
0.263672 0.468466
0.251953 0.483693
0.255859 0.483452
0.263672 0.468466
0.259766 0.483696
0.263672 0.48419
0.263672 0.48419
0.267578 0.470847
0.271484 0.472825
0.271484 0.472825
0.267578 0.484865
0.275391 0.474302
0.279297 0.475347
0.267578 0.484865
0.271484 0.485695
0.275391 0.486471
0.279297 0.487095
0.283203 0.476154
0.287109 0.476718
0.287109 0.476718
0.291016 0.477053
0.294922 0.477242
0.283203 0.487509
0.287109 0.487743
0.291016 0.487861
0.294922 0.487918
0.298828 0.477334
0.302734 0.477328
0.306641 0.477232
0.310547 0.477065
0.298828 0.487915
0.302734 0.4878
0.306641 0.487511
0.310547 0.487022
0.314453 0.42878
0.318359 0.431434
0.314453 0.42878
0.318359 0.431434
0.322266 0.433874
0.322266 0.433874
0.326172 0.436099
0.330078 0.438168
0.330078 0.438168
0.333984 0.439915
0.337891 0.441502
0.337891 0.441502
0.341797 0.443082
0.318359 0.476642
0.314453 0.476861
0.318359 0.476642
0.322266 0.476407
0.326172 0.476102
0.326172 0.484399
0.314453 0.486365
0.318359 0.485627
0.322266 0.484937
0.326172 0.484399
0.330078 0.475657
0.333984 0.475032
0.330078 0.483945
0.333984 0.483457
0.337891 0.474442
0.341797 0.474104
0.337891 0.482765
0.341797 0.481592
0.345703 0.445001
0.347656 0.445312
0.345703 0.445001
0.349609 0.447959
0.352509 0.451172
0.351563 0.449219
0.352509 0.451172
0.355445 0.455078
0.355445 0.455078
0.357422 0.457201
0.361328 0.460864
0.363263 0.462891
0.363263 0.462891
0.3651 0.466797
0.3464 0.47251
0.345703 0.473759
0.348857 0.472302
0.350726 0.474426
0.347531 0.478516
0.343923 0.48057
0.347531 0.478516
0.351721 0.472524
0.352146 0.474609
0.366417 0.470703
0.366417 0.470703
0.369141 0.473806
0.373047 0.476904
0.373047 0.476904
0.403348 0.251953
0.403432 0.255859
0.403716 0.259766
0.404258 0.263672
0.405151 0.267578
0.406548 0.271484
0.406548 0.271484
0.408664 0.275391
0.412024 0.279297
0.408664 0.275391
0.412109 0.279397
0.416016 0.282012
0.435547 0.281614
0.416016 0.282012
0.419922 0.283426
0.423828 0.283991
0.427734 0.283849
0.431641 0.283057
0.435547 0.281614
0.453374 0.263672
0.439453 0.279483
0.443359 0.276575
0.443359 0.276575
0.448309 0.271484
0.451137 0.267578
0.448309 0.271484
0.444667 0.275391
0.456675 0.255859
0.457848 0.251953
0.456675 0.255859
0.455195 0.259766
0.453374 0.263672
0.483032 0.251953
0.483398 0.255859
0.483787 0.259766
0.484237 0.263672
0.484237 0.263672
0.484642 0.267578
0.485159 0.271484
0.485697 0.275391
0.486205 0.279297
0.48666 0.283203
0.487049 0.287109
0.487375 0.291016
0.487649 0.294922
0.487883 0.298828
0.488104 0.302734
0.488104 0.302734
0.488296 0.306641
0.488296 0.306641
0.48848 0.310547
0.488677 0.314453
0.488861 0.318359
0.48903 0.322266
0.489188 0.326172
0.489338 0.330078
0.48948 0.333984
0.489615 0.337891
0.489743 0.341797
0.489863 0.345703
0.489975 0.349609
0.490078 0.353516
0.490172 0.357422
0.490258 0.361328
0.490336 0.365234
0.490409 0.369141
0.490474 0.373047
0.404297 0.443359
0.376953 0.479894
0.376953 0.479894
0.380859 0.482518
0.384766 0.484529
0.384766 0.484529
0.388672 0.486203
0.392578 0.487499
0.396484 0.488603
0.396484 0.488603
0.400391 0.489601
0.404297 0.490315
0.408203 0.490848
0.412109 0.49123
0.416016 0.491489
0.419922 0.491636
0.423828 0.491669
0.427734 0.491581
0.431641 0.491367
0.435547 0.49103
0.490534 0.376953
0.490587 0.380859
0.490633 0.384766
0.490673 0.388672
0.490705 0.392578
0.49073 0.396484
0.490746 0.400391
0.490752 0.404297
0.490749 0.408203
0.490735 0.412109
0.490715 0.416016
0.490692 0.419922
0.490671 0.423828
0.490661 0.427734
0.490666 0.431641
0.490688 0.435547
0.466797 0.439453
0.439453 0.490588
0.443359 0.490067
0.447266 0.489533
0.451172 0.489064
0.455078 0.488717
0.458984 0.488501
0.462891 0.488383
0.466797 0.488299
0.466797 0.488299
0.474609 0.443359
0.490723 0.439453
0.490754 0.443359
0.490759 0.447266
0.490707 0.451172
0.490564 0.455078
0.490306 0.458984
0.489933 0.462891
0.489453 0.466797
0.482422 0.484113
0.470703 0.488139
0.470703 0.488139
0.474609 0.487579
0.478516 0.486377
0.482422 0.484113
0.488835 0.470703
0.487875 0.474609
0.488835 0.470703
0.487875 0.474609
0.486534 0.478516
0.484178 0.482422
