-0.472656 -0.5
-0.464844 -0.5
-0.460938 -0.5
-0.443359 -0.486328
-0.458984 -0.466797
-0.498047 -0.431641
-0.490234 -0.431641
-0.498047 -0.416016
-0.478516 -0.431641
-0.478516 -0.423828
-0.470703 -0.431641
-0.474609 -0.419922
-0.470703 -0.416016
-0.47739 -0.395365
-0.478125 -0.392578
-0.474609 -0.39612
-0.4723 -0.394978
-0.471787 -0.392578
-0.477278 -0.390044
-0.474609 -0.38972
-0.472323 -0.390288
-0.465674 -0.375071
-0.4375 -0.5
-0.4375 -0.496094
-0.433594 -0.496094
-0.410156 -0.480469
-0.427734 -0.466797
-0.390897 -0.499369
-0.40625 -0.480469
-0.402344 -0.480469
-0.398438 -0.480469
-0.394531 -0.480469
-0.388424 -0.499317
-0.386095 -0.499065
-0.386719 -0.480469
-0.425947 -0.386785
-0.427529 -0.384766
-0.425781 -0.386719
-0.423455 -0.384766
-0.426937 -0.382178
-0.424306 -0.382237
-0.383997 -0.412109
-0.383843 -0.408604
-0.380748 -0.413749
-0.380859 -0.407459
-0.378146 -0.41194
-0.378077 -0.408663
-0.469659 -0.372586
-0.46979 -0.36917
-0.467261 -0.374725
-0.46754 -0.367414
-0.46348 -0.373047
-0.463303 -0.369141
-0.466797 -0.367019
-0.464728 -0.367118
-0.437587 -0.347957
-0.437634 -0.347311
-0.465047 -0.250399
-0.462891 -0.251987
-0.458984 -0.251541
-0.433724 -0.351616
-0.436177 -0.349866
-0.435657 -0.345564
-0.431641 -0.350888
-0.431641 -0.34493
-0.427291 -0.349783
-0.42765 -0.345535
-0.425384 -0.349027
-0.425444 -0.347034
-0.419239 -0.352768
-0.416012 -0.352182
-0.4184 -0.349609
-0.416518 -0.349609
-0.415239 -0.345703
-0.412109 -0.349922
-0.412109 -0.349922
-0.411135 -0.345703
-0.433613 -0.343743
-0.417501 -0.337891
-0.415825 -0.341797
-0.417501 -0.337891
-0.415617 -0.334872
-0.410995 -0.342693
-0.4097 -0.341784
-0.4093 -0.337891
-0.412109 -0.334414
-0.40998 -0.335719
-0.416016 -0.283102
-0.413903 -0.285224
-0.412585 -0.282918
-0.416797 -0.27843
-0.415157 -0.277116
-0.412602 -0.279297
-0.413483 -0.277015
-0.359375 -0.488281
-0.355762 -0.499175
-0.353516 -0.497232
-0.352772 -0.495908
-0.355469 -0.492187
-0.35039 -0.498047
-0.351562 -0.496094
-0.337891 -0.478516
-0.326172 -0.498047
-0.337891 -0.460756
-0.340861 -0.458474
-0.34152 -0.455078
-0.337891 -0.460756
-0.334132 -0.458984
-0.333539 -0.455078
-0.340351 -0.452689
-0.337891 -0.451956
-0.335321 -0.452683
-0.365234 -0.376953
-0.343756 -0.394535
-0.344296 -0.392578
-0.344174 -0.390324
-0.342235 -0.392578
-0.339751 -0.392299
-0.342329 -0.390397
-0.339743 -0.390514
-0.302734 -0.474609
-0.291016 -0.498047
-0.294922 -0.486328
-0.279297 -0.498047
-0.275391 -0.498047
-0.263215 -0.462629
-0.259766 -0.464567
-0.259766 -0.464567
-0.264708 -0.458984
-0.263321 -0.455078
-0.259766 -0.452823
-0.255859 -0.464751
-0.255859 -0.464751
-0.251953 -0.463203
-0.251953 -0.463203
-0.251953 -0.453939
-0.259766 -0.452823
-0.255859 -0.452498
-0.251953 -0.453939
-0.306641 -0.419922
-0.298828 -0.419922
-0.283203 -0.423828
-0.314453 -0.318359
-0.300781 -0.363281
-0.300781 -0.359375
-0.300781 -0.355469
-0.300781 -0.351562
-0.300781 -0.347656
-0.296875 -0.371094
-0.292969 -0.371094
-0.296875 -0.363281
-0.292969 -0.367188
-0.289062 -0.375
-0.289062 -0.363281
-0.296875 -0.359375
-0.292969 -0.359375
-0.292969 -0.355469
-0.294922 -0.349609
-0.292969 -0.351562
-0.300781 -0.339844
-0.298828 -0.333984
-0.298828 -0.326172
-0.263672 -0.353516
-0.269626 -0.3243
-0.271102 -0.322266
-0.267578 -0.325281
-0.267578 -0.325281
-0.272566 -0.318359
-0.273175 -0.314453
-0.263672 -0.323936
-0.263672 -0.323936
-0.259766 -0.321568
-0.255859 -0.319042
-0.255859 -0.319042
-0.251953 -0.315924
-0.251953 -0.315924
-0.294922 -0.298828
-0.287109 -0.298828
-0.283203 -0.283203
-0.272923 -0.310547
-0.272241 -0.306641
-0.271408 -0.302734
-0.270551 -0.298828
-0.269678 -0.294922
-0.269678 -0.294922
-0.268581 -0.291016
-0.267127 -0.287109
-0.265376 -0.283203
-0.265376 -0.283203
-0.271484 -0.275391
-0.262893 -0.279297
-0.260283 -0.275391
-0.257613 -0.271484
-0.257613 -0.271484
-0.254861 -0.267578
-0.254861 -0.267578
-0.25194 -0.263672
-0.248212 -0.259766
-0.464917 -0.248047
-0.465185 -0.245472
-0.464667 -0.247085
-0.462891 -0.244389
-0.45768 -0.248047
-0.459696 -0.245217
-0.437813 -0.191782
-0.437773 -0.189453
-0.472656 -0.164063
-0.472939 -0.162109
-0.472848 -0.160094
-0.472393 -0.162109
-0.472514 -0.160104
-0.4375 -0.1875
-0.435547 -0.192049
-0.435547 -0.18826
-0.433226 -0.191838
-0.433283 -0.189453
-0.422564 -0.196587
-0.422175 -0.193925
-0.419922 -0.197244
-0.41745 -0.195775
-0.421523 -0.1937
-0.419153 -0.190253
-0.415588 -0.193359
-0.415231 -0.188164
-0.414013 -0.191516
-0.413807 -0.190289
-0.433594 -0.1875
-0.416016 -0.187309
-0.413185 -0.186589
-0.410356 -0.17995
-0.410557 -0.176782
-0.408203 -0.176111
-0.408879 -0.173828
-0.40992 -0.169922
-0.410344 -0.166016
-0.40992 -0.169922
-0.4099 -0.162109
-0.4099 -0.162109
-0.408316 -0.158203
-0.40553 -0.154297
-0.400391 -0.179376
-0.404297 -0.177843
-0.400391 -0.179376
-0.396484 -0.182509
-0.396484 -0.182509
-0.392578 -0.184464
-0.388672 -0.184593
-0.384766 -0.183568
-0.384766 -0.183568
-0.380859 -0.181755
-0.376953 -0.179911
-0.376953 -0.179911
-0.40553 -0.154297
-0.404297 -0.153058
-0.400391 -0.14998
-0.396484 -0.147762
-0.396484 -0.147762
-0.392578 -0.14607
-0.400391 -0.130859
-0.388672 -0.144698
-0.388672 -0.144698
-0.384766 -0.143635
-0.380859 -0.142862
-0.376953 -0.142024
-0.452648 -0.0644531
-0.443359 -0.0781529
-0.439453 -0.0813121
-0.439453 -0.0813121
-0.448305 -0.0722656
-0.445264 -0.0761719
-0.448305 -0.0722656
-0.450794 -0.0683594
-0.452648 -0.0644531
-0.445264 -0.0761719
-0.498047 -0.0294091
-0.482422 -0.0314866
-0.478516 -0.0329242
-0.474609 -0.0348223
-0.474609 -0.0348223
-0.470703 -0.0371969
-0.498047 -0.0294091
-0.499366 -0.0267309
-0.494141 -0.0287635
-0.499697 -0.0223577
-0.490234 -0.029034
-0.486328 -0.0301043
-0.499584 -0.00585938
-0.498123 -0.00195312
-0.482422 -0.0314866
-0.454204 -0.0605469
-0.455473 -0.0566406
-0.456906 -0.0527344
-0.458746 -0.0488281
-0.456906 -0.0527344
-0.466797 -0.0399261
-0.461363 -0.0449219
-0.462891 -0.0432068
-0.466797 -0.0399261
-0.461363 -0.0449219
-0.437875 -0.0550284
-0.441354 -0.0488281
-0.439564 -0.0527344
-0.441354 -0.0488281
-0.44165 -0.0449219
-0.441636 -0.0410156
-0.44165 -0.0449219
-0.441844 -0.0371094
-0.442291 -0.0332031
-0.443156 -0.0292969
-0.443568 -0.0253906
-0.443452 -0.0214844
-0.443349 -0.0175781
-0.443234 -0.0136719
-0.442773 -0.00976562
-0.441727 -0.00585938
-0.441727 -0.00585938
-0.439127 -0.00195312
-0.431641 -0.0853546
-0.435547 -0.083582
-0.431641 -0.0853546
-0.427734 -0.0866305
-0.423828 -0.087604
-0.419922 -0.0882414
-0.416016 -0.0884282
-0.412109 -0.0879377
-0.408203 -0.0866028
-0.408203 -0.0866028
-0.404297 -0.0846185
-0.404297 -0.0846185
-0.400391 -0.0827926
-0.400391 -0.0827926
-0.396484 -0.0808454
-0.392578 -0.078061
-0.392578 -0.078061
-0.379266 -0.0825427
-0.37987 -0.0800781
-0.376953 -0.083804
-0.376953 -0.0801234
-0.390678 -0.0761719
-0.388308 -0.0722656
-0.388308 -0.0722656
-0.387296 -0.0683594
-0.387296 -0.0683594
-0.386131 -0.0644531
-0.379747 -0.0777016
-0.378614 -0.0780438
-0.382812 -0.0625
-0.435547 -0.0563837
-0.431641 -0.057579
-0.427734 -0.0583173
-0.427734 -0.0583173
-0.423828 -0.0587512
-0.419922 -0.0587866
-0.416016 -0.0583859
-0.416016 -0.0583859
-0.412109 -0.0576943
-0.408203 -0.0571038
-0.435547 0.000496112
-0.419922 -0.0214844
-0.404297 -0.0567007
-0.400391 -0.0566411
-0.396484 -0.0569613
-0.392578 -0.0549833
-0.394563 -0.047087
-0.390873 -0.0538514
-0.392378 -0.0488281
-0.391516 -0.0449219
-0.391475 -0.0410156
-0.390889 -0.0371094
-0.390643 -0.0332031
-0.385063 -0.0605469
-0.389528 -0.057698
-0.385063 -0.0605469
-0.384766 -0.0529655
-0.388672 -0.0516514
-0.392378 -0.0488281
-0.384766 -0.0529655
-0.385381 -0.0503701
-0.380859 -0.0539851
-0.376953 -0.0531033
-0.390643 -0.0332031
-0.389471 -0.0292969
-0.389471 -0.0292969
-0.386992 -0.0253906
-0.386992 -0.0253906
-0.385706 -0.0214844
-0.384766 -0.0194061
-0.382666 -0.0197697
-0.380859 -0.014805
-0.380522 -0.0175781
-0.380859 -0.014805
-0.376646 -0.0136719
-0.376173 -0.00976562
-0.37873 -0.00195312
-0.377471 -0.00585938
-0.37873 -0.00195312
-0.357422 -0.193359
-0.333984 -0.197266
-0.373047 -0.178149
-0.369141 -0.176186
-0.369141 -0.176186
-0.365234 -0.174395
-0.361328 -0.173541
-0.357422 -0.173862
-0.353516 -0.174949
-0.349609 -0.176256
-0.349609 -0.176256
-0.345703 -0.177577
-0.373047 -0.141073
-0.369141 -0.140181
-0.365234 -0.141269
-0.373047 -0.141073
-0.369141 -0.140181
-0.367243 -0.132863
-0.367554 -0.130859
-0.364252 -0.133044
-0.361328 -0.139172
-0.365483 -0.131884
-0.364944 -0.128022
-0.362689 -0.129866
-0.361423 -0.126953
-0.353516 -0.140618
-0.349609 -0.141763
-0.345703 -0.142989
-0.357422 -0.139705
-0.353516 -0.140618
-0.359365 -0.128774
-0.341797 -0.179035
-0.337891 -0.180624
-0.341797 -0.179035
-0.333984 -0.181804
-0.330078 -0.18215
-0.326172 -0.180934
-0.324161 -0.179755
-0.323403 -0.177734
-0.323403 -0.177734
-0.322137 -0.173828
-0.320014 -0.169922
-0.320014 -0.169922
-0.318837 -0.166016
-0.316406 -0.167969
-0.318627 -0.162109
-0.318888 -0.158203
-0.341797 -0.143746
-0.337891 -0.143853
-0.333984 -0.143657
-0.330078 -0.143893
-0.320509 -0.150391
-0.326172 -0.145122
-0.326172 -0.145122
-0.322266 -0.147861
-0.319338 -0.154297
-0.320509 -0.150391
-0.314453 -0.131727
-0.315009 -0.130859
-0.318491 -0.126953
-0.315009 -0.130859
-0.300902 -0.203304
-0.298828 -0.204699
-0.304729 -0.191805
-0.304777 -0.189453
-0.301669 -0.200649
-0.303576 -0.197266
-0.298828 -0.204699
-0.30413 -0.193015
-0.304055 -0.188684
-0.297864 -0.192769
-0.298828 -0.188423
-0.294922 -0.205526
-0.292806 -0.20355
-0.293901 -0.201172
-0.295097 -0.197266
-0.296455 -0.194693
-0.265738 -0.238464
-0.265934 -0.236328
-0.265629 -0.234368
-0.263672 -0.240006
-0.259766 -0.240258
-0.258403 -0.236328
-0.257665 -0.238604
-0.263672 -0.232185
-0.259846 -0.232902
-0.251953 -0.224609
-0.279041 -0.18907
-0.275391 -0.189595
-0.27322 -0.187813
-0.304694 -0.187445
-0.304834 -0.183222
-0.304339 -0.185163
-0.303007 -0.181153
-0.298828 -0.188423
-0.29923 -0.181641
-0.302165 -0.178899
-0.300852 -0.175745
-0.298889 -0.178455
-0.300757 -0.175777
-0.296785 -0.17946
-0.296875 -0.175781
-0.292969 -0.175781
-0.297255 -0.149331
-0.302734 -0.140557
-0.296932 -0.147597
-0.298828 -0.141259
-0.310547 -0.133972
-0.306641 -0.13771
-0.309995 -0.134766
-0.310547 -0.133972
-0.302734 -0.140557
-0.298828 -0.141259
-0.297081 -0.136507
-0.294922 -0.150027
-0.291016 -0.147176
-0.294922 -0.143801
-0.294922 -0.143801
-0.291016 -0.147176
-0.291093 -0.142534
-0.288975 -0.148547
-0.288185 -0.146484
-0.287109 -0.139734
-0.294922 -0.139746
-0.294922 -0.136384
-0.289433 -0.140556
-0.287109 -0.139734
-0.284093 -0.137524
-0.28181 -0.134766
-0.285591 -0.127668
-0.283203 -0.132852
-0.283203 -0.127341
-0.279766 -0.185547
-0.278642 -0.182442
-0.275391 -0.181665
-0.272571 -0.185547
-0.273007 -0.183002
-0.281149 -0.136817
-0.279297 -0.132467
-0.279297 -0.132467
-0.275391 -0.13186
-0.271484 -0.132615
-0.267578 -0.134608
-0.271484 -0.132615
-0.267578 -0.134608
-0.258075 -0.148502
-0.261781 -0.145065
-0.259654 -0.146484
-0.257995 -0.142578
-0.254112 -0.148465
-0.255859 -0.145288
-0.257995 -0.142578
-0.251953 -0.147339
-0.263672 -0.136958
-0.263672 -0.136958
-0.259766 -0.14139
-0.261804 -0.129
-0.262185 -0.126953
-0.259766 -0.129429
-0.259144 -0.126953
-0.25738 -0.13992
-0.257579 -0.129231
-0.257763 -0.128303
-0.371184 -0.109436
-0.369141 -0.109518
-0.367057 -0.109473
-0.372286 -0.10737
-0.372547 -0.103516
-0.367906 -0.109202
-0.368004 -0.102322
-0.372765 -0.0996094
-0.371992 -0.0960675
-0.36965 -0.0996094
-0.370474 -0.0957031
-0.366328 -0.107386
-0.366964 -0.10493
-0.36526 -0.0957031
-0.362774 -0.0947703
-0.349658 -0.0996094
-0.353145 -0.0957031
-0.345703 -0.101829
-0.349609 -0.0998076
-0.353145 -0.0957031
-0.345703 -0.101829
-0.371624 -0.08649
-0.367608 -0.0929966
-0.369328 -0.0877532
-0.374405 -0.0839844
-0.364466 -0.0912397
-0.366194 -0.0891527
-0.362986 -0.0924921
-0.355587 -0.0878906
-0.354574 -0.0917969
-0.355587 -0.0878906
-0.356451 -0.0839844
-0.357213 -0.0800781
-0.357775 -0.0761719
-0.357909 -0.0722656
-0.35763 -0.0683594
-0.357291 -0.0644531
-0.330078 -0.109021
-0.341797 -0.103398
-0.337891 -0.104788
-0.337891 -0.104788
-0.333984 -0.106541
-0.330078 -0.109021
-0.320334 -0.123047
-0.322022 -0.119141
-0.324187 -0.115234
-0.327475 -0.111328
-0.324187 -0.115234
-0.320334 -0.123047
-0.373047 -0.051631
-0.369141 -0.0504826
-0.358575 -0.0566406
-0.362671 -0.0527344
-0.3666 -0.0506757
-0.362671 -0.0527344
-0.361328 -0.048707
-0.367701 -0.039593
-0.371124 -0.0349245
-0.369784 -0.0371094
-0.369703 -0.0321703
-0.363866 -0.0434781
-0.365838 -0.0410156
-0.361328 -0.048707
-0.360109 -0.0406389
-0.365514 -0.0371855
-0.366674 -0.0338375
-0.362918 -0.0388331
-0.357366 -0.0605469
-0.358575 -0.0566406
-0.358548 -0.05395
-0.35904 -0.0436076
-0.358947 -0.0414513
-0.369141 -0.0296665
-0.369141 -0.0271006
-0.373012 -0.0197259
-0.37319 -0.0186587
-0.370573 -0.0201289
-0.370617 -0.0164859
-0.366919 -0.0307647
-0.36709 -0.0272047
-0.376646 -0.0136719
-0.3693 -0.0136719
-0.369681 -0.0115
-0.367161 -0.0121711
-0.366701 -0.0111501
-0.328552 -0.0527273
-0.328491 -0.0502235
-0.324714 -0.0546918
-0.326172 -0.0538219
-0.326172 -0.0493388
-0.323733 -0.0527344
-0.323737 -0.0500703
-0.297376 -0.0986609
-0.297391 -0.0961946
-0.294922 -0.100536
-0.295858 -0.0945053
-0.291332 -0.0995513
-0.29072 -0.0957031
-0.294722 -0.0933284
-0.292722 -0.0936186
-0.262772 -0.124151
-0.260716 -0.124757
-0.250187 -0.078813
-0.262846 -0.0760871
-0.26253 -0.0733443
-0.25983 -0.0752493
-0.259766 -0.0730172
-0.257614 -0.0744755
-0.257192 -0.0722656
-0.250136 -0.0777536
-0.256436 -0.0696367
-0.253877 -0.0702374
-0.240234 -0.470703
-0.232422 -0.498047
-0.232422 -0.470703
-0.249875 -0.461171
-0.249718 -0.458984
-0.250687 -0.455078
-0.232422 -0.466797
-0.216797 -0.466797
-0.22708 -0.392107
-0.224609 -0.393753
-0.221598 -0.392343
-0.226908 -0.389889
-0.224609 -0.388026
-0.221228 -0.388672
-0.211444 -0.411617
-0.211472 -0.409634
-0.209748 -0.411394
-0.209522 -0.409657
-0.192685 -0.383626
-0.189453 -0.383611
-0.193777 -0.380859
-0.192792 -0.377828
-0.189453 -0.377495
-0.181641 -0.482422
-0.169922 -0.490234
-0.15625 -0.496094
-0.160156 -0.492188
-0.169922 -0.470703
-0.181641 -0.466797
-0.164296 -0.445812
-0.164373 -0.444441
-0.162435 -0.447943
-0.160096 -0.44924
-0.157819 -0.447638
-0.163173 -0.442276
-0.160966 -0.441126
-0.157584 -0.443085
-0.159576 -0.441138
-0.15625 -0.5
-0.154297 -0.490234
-0.152344 -0.484375
-0.148438 -0.5
-0.148438 -0.488281
-0.144531 -0.492188
-0.144531 -0.488281
-0.154297 -0.478516
-0.152344 -0.484375
-0.148438 -0.484375
-0.142578 -0.470703
-0.140625 -0.5
-0.140625 -0.492188
-0.138672 -0.482422
-0.140625 -0.472656
-0.126953 -0.482422
-0.126953 -0.470703
-0.156097 -0.445742
-0.156145 -0.444997
-0.134766 -0.462891
-0.183746 -0.398529
-0.182167 -0.398511
-0.184975 -0.396484
-0.185605 -0.392578
-0.179731 -0.398424
-0.181641 -0.391586
-0.178699 -0.396484
-0.179044 -0.393503
-0.183943 -0.390503
-0.1875 -0.382813
-0.187319 -0.380859
-0.18737 -0.378701
-0.16936 -0.388663
-0.169656 -0.384766
-0.166016 -0.389946
-0.168345 -0.382579
-0.166016 -0.382501
-0.162969 -0.388324
-0.162645 -0.384766
-0.144532 -0.382814
-0.142119 -0.383716
-0.144671 -0.380859
-0.144777 -0.378464
-0.144671 -0.380859
-0.142578 -0.376693
-0.138672 -0.384057
-0.135866 -0.383445
-0.138672 -0.376698
-0.134361 -0.380859
-0.135535 -0.377763
-0.248047 -0.313214
-0.199479 -0.348012
-0.199437 -0.345703
-0.197266 -0.348653
-0.198874 -0.344336
-0.194644 -0.348242
-0.193906 -0.345703
-0.212891 -0.311901
-0.208984 -0.3109
-0.207031 -0.3125
-0.199219 -0.34375
-0.197266 -0.343387
-0.195091 -0.343598
-0.248047 -0.313214
-0.244141 -0.310904
-0.240234 -0.308834
-0.240234 -0.308834
-0.236328 -0.307371
-0.232422 -0.306546
-0.228516 -0.306503
-0.224609 -0.307446
-0.220703 -0.309267
-0.220703 -0.309267
-0.248047 -0.259601
-0.244141 -0.257443
-0.244141 -0.257443
-0.240234 -0.256836
-0.236328 -0.256585
-0.232422 -0.255631
-0.228516 -0.253562
-0.228516 -0.253562
-0.224609 -0.25131
-0.220703 -0.249967
-0.216797 -0.31135
-0.212891 -0.311901
-0.208984 -0.3109
-0.205078 -0.309737
-0.211314 -0.285525
-0.211344 -0.283203
-0.208984 -0.285534
-0.208918 -0.283203
-0.201172 -0.308421
-0.201172 -0.308421
-0.199219 -0.308594
-0.198649 -0.306641
-0.196504 -0.302734
-0.195901 -0.298828
-0.196016 -0.294922
-0.196118 -0.291016
-0.195937 -0.287109
-0.195807 -0.283203
-0.196118 -0.291016
-0.216797 -0.24984
-0.212891 -0.250742
-0.202394 -0.259766
-0.208984 -0.252744
-0.208984 -0.252744
-0.205279 -0.255859
-0.196146 -0.279297
-0.196916 -0.275391
-0.198765 -0.267578
-0.19775 -0.271484
-0.198765 -0.267578
-0.200198 -0.263672
-0.202394 -0.259766
-0.181249 -0.367497
-0.18435 -0.365087
-0.184434 -0.361806
-0.182833 -0.366784
-0.181641 -0.360396
-0.179449 -0.36731
-0.177452 -0.365234
-0.178127 -0.361474
-0.158173 -0.35972
-0.160547 -0.357152
-0.160577 -0.354712
-0.159115 -0.358546
-0.158203 -0.353477
-0.184185 -0.316807
-0.185005 -0.314453
-0.181641 -0.31675
-0.179999 -0.31573
-0.179577 -0.316521
-0.17943 -0.314453
-0.156574 -0.324442
-0.157923 -0.322266
-0.157301 -0.319406
-0.155794 -0.359652
-0.154577 -0.357422
-0.155157 -0.354274
-0.154297 -0.324759
-0.151982 -0.324477
-0.150795 -0.322266
-0.154297 -0.319137
-0.152344 -0.320312
-0.184233 -0.311962
-0.181641 -0.311615
-0.17943 -0.312167
-0.172123 -0.293055
-0.173838 -0.291016
-0.175794 -0.281259
-0.173828 -0.283793
-0.173828 -0.283793
-0.169922 -0.287794
-0.167966 -0.289065
-0.169922 -0.287794
-0.169292 -0.282626
-0.166035 -0.286581
-0.165863 -0.283895
-0.16247 -0.286021
-0.160839 -0.283203
-0.159936 -0.285418
-0.159823 -0.283203
-0.177359 -0.279297
-0.176993 -0.275391
-0.175101 -0.280737
-0.176167 -0.272929
-0.173828 -0.271214
-0.180032 -0.250711
-0.176039 -0.253967
-0.177734 -0.252728
-0.173891 -0.251953
-0.170878 -0.281126
-0.164841 -0.279297
-0.165158 -0.275391
-0.169922 -0.271055
-0.166725 -0.272433
-0.163857 -0.280898
-0.160156 -0.28125
-0.160625 -0.271484
-0.160692 -0.268758
-0.158203 -0.272489
-0.158203 -0.267419
-0.155584 -0.271181
-0.155459 -0.268139
-0.125 -0.464844
-0.121094 -0.460938
-0.0761719 -0.482422
-0.0683594 -0.478516
-0.0839844 -0.451172
-0.0800781 -0.443359
-0.118678 -0.391989
-0.115234 -0.391882
-0.111141 -0.391612
-0.118712 -0.38878
-0.115234 -0.389233
-0.111229 -0.389951
-0.107422 -0.392918
-0.103516 -0.392657
-0.101509 -0.390759
-0.107422 -0.388782
-0.103297 -0.388317
-0.101383 -0.390007
-0.0905048 -0.434296
-0.0916023 -0.431641
-0.0878906 -0.435581
-0.090717 -0.428839
-0.0878906 -0.428033
-0.0848093 -0.434792
-0.0841804 -0.431641
-0.085196 -0.428967
-0.0800781 -0.427734
-0.0722656 -0.376953
-0.0605469 -0.466797
-0.0566406 -0.462891
-0.0605469 -0.451172
-0.0566406 -0.447266
-0.0605469 -0.439453
-0.0175781 -0.490234
-0.0175781 -0.482422
-0.015625 -0.5
-0.00976562 -0.490234
-0.0078125 -0.5
-0.00390625 -0.5
-0.0566406 -0.435547
-0.0566406 -0.416016
-0.0449219 -0.435547
-0.0508045 -0.390625
-0.0546875 -0.386719
-0.051177 -0.386745
-0.0511866 -0.383225
-0.0507681 -0.38673
-0.0471217 -0.382908
-0.0508494 -0.379054
-0.048667 -0.380438
-0.0496181 -0.376953
-0.0449219 -0.380968
-0.04245 -0.383049
-0.0449219 -0.380968
-0.0414754 -0.380518
-0.0411399 -0.376953
-0.00976562 -0.435547
-0.0292969 -0.396484
-0.0214844 -0.392578
-0.0214844 -0.380859
-0.0136719 -0.400391
-0.0123201 -0.396007
-0.012153 -0.393531
-0.00976562 -0.39747
-0.00976562 -0.39157
-0.00675156 -0.396149
-0.00639413 -0.392578
-0.109764 -0.352962
-0.10976 -0.350774
-0.106357 -0.355833
-0.108161 -0.353806
-0.103516 -0.355551
-0.103516 -0.35496
-0.107422 -0.34949
-0.103516 -0.349284
-0.100352 -0.356002
-0.0987663 -0.353516
-0.0976399 -0.355488
-0.0975837 -0.352576
-0.100269 -0.350437
-0.0974526 -0.351258
-0.0810104 -0.36226
-0.0722656 -0.283203
-0.0480476 -0.37386
-0.0449219 -0.372386
-0.0421363 -0.373995
-0.0449219 -0.322266
-0.0449219 -0.283203
-0.0476899 -0.267578
-0.0489827 -0.263672
-0.0468794 -0.259766
-0.047252 -0.257574
-0.0449219 -0.270505
-0.0476899 -0.267578
-0.0410156 -0.272095
-0.0371094 -0.271703
-0.0371094 -0.271703
-0.0344221 -0.270223
-0.0327335 -0.267578
-0.0449219 -0.258689
-0.0449219 -0.258689
-0.0410156 -0.257736
-0.0371094 -0.258609
-0.0324631 -0.263672
-0.035254 -0.259766
-0.0371094 -0.258609
-0.0327335 -0.267578
-0.220703 -0.249967
-0.244141 -0.216797
-0.219517 -0.215783
-0.220759 -0.212891
-0.219844 -0.209954
-0.216797 -0.24984
-0.215554 -0.235626
-0.212891 -0.239094
-0.212891 -0.239094
-0.208984 -0.244141
-0.208984 -0.239581
-0.207914 -0.236555
-0.216333 -0.232422
-0.215556 -0.229536
-0.212891 -0.227912
-0.216797 -0.21774
-0.208594 -0.232422
-0.209607 -0.229072
-0.189453 -0.228516
-0.216797 -0.21774
-0.213324 -0.216797
-0.213089 -0.212891
-0.216797 -0.209327
-0.214519 -0.210625
-0.248047 -0.147772
-0.244141 -0.146706
-0.240234 -0.144197
-0.240234 -0.144197
-0.236328 -0.140768
-0.236328 -0.140768
-0.232422 -0.137661
-0.232422 -0.137661
-0.228516 -0.135482
-0.224609 -0.133913
-0.220703 -0.133063
-0.220703 -0.133063
-0.214844 -0.183594
-0.205078 -0.163868
-0.207139 -0.162109
-0.209506 -0.158203
-0.205078 -0.163868
-0.201172 -0.164051
-0.197266 -0.164425
-0.201172 -0.164051
-0.193359 -0.165229
-0.189453 -0.167035
-0.189453 -0.167035
-0.210709 -0.154297
-0.211725 -0.150391
-0.212509 -0.146484
-0.213256 -0.142578
-0.210709 -0.154297
-0.214367 -0.138672
-0.216797 -0.13454
-0.214367 -0.138672
-0.216797 -0.13454
-0.180105 -0.248674
-0.178803 -0.24696
-0.17736 -0.24561
-0.173204 -0.248047
-0.17515 -0.245778
-0.15 -0.188762
-0.146484 -0.188866
-0.143857 -0.188402
-0.123984 -0.205078
-0.125109 -0.201172
-0.126146 -0.197266
-0.12791 -0.193359
-0.129885 -0.189453
-0.12791 -0.193359
-0.181641 -0.173273
-0.172238 -0.17979
-0.177734 -0.176031
-0.177734 -0.176031
-0.173828 -0.1773
-0.185547 -0.170025
-0.181641 -0.173273
-0.168465 -0.183682
-0.170356 -0.179917
-0.167893 -0.183638
-0.167422 -0.180045
-0.169922 -0.177398
-0.166016 -0.17648
-0.163646 -0.176079
-0.162324 -0.173828
-0.164503 -0.158203
-0.161642 -0.169922
-0.161993 -0.166016
-0.161642 -0.169922
-0.163111 -0.162109
-0.164503 -0.158203
-0.166182 -0.154297
-0.167213 -0.150391
-0.167024 -0.146484
-0.165457 -0.142578
-0.16269 -0.138672
-0.16269 -0.138672
-0.159951 -0.134766
-0.159951 -0.134766
-0.157973 -0.130859
-0.156506 -0.126953
-0.150522 -0.185547
-0.14569 -0.184639
-0.143925 -0.185547
-0.150391 -0.169922
-0.154297 -0.162109
-0.131042 -0.185547
-0.13106 -0.181641
-0.130379 -0.177734
-0.129445 -0.173828
-0.128619 -0.169922
-0.128619 -0.169922
-0.127712 -0.166016
-0.126855 -0.162109
-0.12617 -0.158203
-0.156506 -0.126953
-0.125635 -0.154297
-0.125281 -0.150391
-0.125143 -0.146484
-0.125209 -0.142578
-0.125417 -0.138672
-0.125678 -0.134766
-0.125922 -0.130859
-0.126112 -0.126953
-0.248047 -0.0799609
-0.245438 -0.0791367
-0.248047 -0.0768714
-0.245048 -0.0763249
-0.242145 -0.0778386
-0.205078 -0.0853011
-0.206746 -0.0839844
-0.208735 -0.0800781
-0.205078 -0.0853011
-0.207175 -0.0761719
-0.207175 -0.0761719
-0.204031 -0.0722656
-0.201172 -0.0873859
-0.197266 -0.0884014
-0.193359 -0.0888127
-0.189453 -0.0886984
-0.204031 -0.0722656
-0.201004 -0.0683594
-0.199058 -0.0644531
-0.199058 -0.0644531
-0.198389 -0.0605469
-0.198389 -0.0605469
-0.198423 -0.0566406
-0.198222 -0.0527344
-0.197747 -0.0488281
-0.188327 -0.0547192
-0.195306 -0.0506743
-0.188615 -0.0527344
-0.189453 -0.0507468
-0.197388 -0.0449219
-0.196829 -0.0410156
-0.195888 -0.0371094
-0.195888 -0.0371094
-0.194586 -0.0332031
-0.19321 -0.0292969
-0.191832 -0.0253906
-0.191832 -0.0253906
-0.190541 -0.0214844
-0.189718 -0.0175781
-0.18907 -0.0136719
-0.188538 -0.00976562
-0.188123 -0.00585938
-0.187765 -0.00195312
-0.185547 -0.0880122
-0.181641 -0.0865537
-0.181641 -0.0865537
-0.177734 -0.0843491
-0.173828 -0.0831009
-0.173828 -0.0831009
-0.169922 -0.0800662
-0.166016 -0.0775416
-0.166016 -0.0775416
-0.162109 -0.0765047
-0.158203 -0.076899
-0.155175 -0.123047
-0.153801 -0.119141
-0.152234 -0.115234
-0.152234 -0.115234
-0.150483 -0.111328
-0.148817 -0.107422
-0.148817 -0.107422
-0.147806 -0.103516
-0.147524 -0.0996094
-0.147596 -0.0957031
-0.126173 -0.123047
-0.125881 -0.119141
-0.125079 -0.115234
-0.148285 -0.0878906
-0.154297 -0.0787
-0.14962 -0.0839844
-0.152588 -0.0800781
-0.147785 -0.0917969
-0.148285 -0.0878906
-0.154297 -0.0787
-0.187213 -0.0549785
-0.183536 -0.0583868
-0.183594 -0.0546875
-0.179496 -0.0587851
-0.146484 -0.0605469
-0.146484 -0.0527344
-0.150391 -0.0253906
-0.146484 -0.0175781
-0.111328 -0.234973
-0.117681 -0.218915
-0.113604 -0.23199
-0.113618 -0.229831
-0.112724 -0.233778
-0.111328 -0.22832
-0.108925 -0.234661
-0.0943248 -0.24316
-0.0944023 -0.240234
-0.107366 -0.232422
-0.107744 -0.228779
-0.118476 -0.216702
-0.1171 -0.212891
-0.123047 -0.206138
-0.123984 -0.205078
-0.119141 -0.210944
-0.115234 -0.214792
-0.1171 -0.212891
-0.111328 -0.215274
-0.118938 -0.208984
-0.125109 -0.201172
-0.126146 -0.197266
-0.107422 -0.214192
-0.107422 -0.214192
-0.103516 -0.21143
-0.101371 -0.208984
-0.101371 -0.208984
-0.100079 -0.205078
-0.0996094 -0.201006
-0.0996094 -0.201006
-0.0943753 -0.201172
-0.0957031 -0.197436
-0.0917969 -0.244641
-0.0887409 -0.243488
-0.0937409 -0.238286
-0.0917969 -0.237769
-0.0880602 -0.240234
-0.089521 -0.238068
-0.0915948 -0.203482
-0.0892527 -0.203466
-0.0917969 -0.19798
-0.0917969 -0.19798
-0.0879264 -0.201172
-0.0884232 -0.197266
-0.0918364 -0.193359
-0.0908247 -0.189453
-0.0890272 -0.193359
-0.0854055 -0.194169
-0.0883441 -0.185547
-0.0883441 -0.185547
-0.0878906 -0.185092
-0.084245 -0.181641
-0.0806675 -0.177734
-0.0806675 -0.177734
-0.0780322 -0.173828
-0.0780322 -0.173828
-0.0644531 -0.181795
-0.0644531 -0.178499
-0.0625 -0.171875
-0.0759505 -0.169922
-0.074206 -0.166016
-0.074206 -0.166016
-0.0726822 -0.162109
-0.0722656 -0.161211
-0.0634757 -0.169922
-0.0652401 -0.166016
-0.0702607 -0.156432
-0.0648623 -0.162109
-0.0632346 -0.158679
-0.0691296 -0.154297
-0.0691296 -0.154297
-0.0667523 -0.150391
-0.0667523 -0.150391
-0.0643002 -0.146484
-0.0617925 -0.142578
-0.0332031 -0.208984
-0.0320148 -0.193359
-0.0318517 -0.190381
-0.0136719 -0.236328
-0.0214844 -0.212891
-0.0292969 -0.195325
-0.0292969 -0.194932
-0.0292969 -0.188861
-0.026547 -0.193359
-0.0264732 -0.189941
-0.00976562 -0.205078
-0.0620864 -0.180871
-0.0616076 -0.176468
-0.0605469 -0.173366
-0.0566406 -0.174562
-0.0566406 -0.174562
-0.0527344 -0.175159
-0.0527344 -0.175159
-0.0504027 -0.172481
-0.0605469 -0.173366
-0.0605469 -0.154783
-0.0493596 -0.169922
-0.0487206 -0.166016
-0.0478073 -0.162109
-0.0462858 -0.158203
-0.0462858 -0.158203
-0.0600911 -0.154297
-0.0600911 -0.154297
-0.0567123 -0.150391
-0.0617925 -0.142578
-0.0540441 -0.146484
-0.0503964 -0.142578
-0.0503964 -0.142578
-0.0592876 -0.138672
-0.0592876 -0.138672
-0.056893 -0.134766
-0.054639 -0.130859
-0.0471422 -0.138672
-0.054639 -0.130859
-0.0524989 -0.126953
-0.0440695 -0.154297
-0.0440695 -0.154297
-0.0406593 -0.150391
-0.0406593 -0.150391
-0.0367836 -0.146484
-0.0334777 -0.142578
-0.0367836 -0.146484
-0.0334777 -0.142578
-0.0471422 -0.138672
-0.044444 -0.134766
-0.0421486 -0.130859
-0.0421486 -0.130859
-0.0400081 -0.126953
-0.0311281 -0.138672
-0.0273438 -0.1875
-0.0292969 -0.162109
-0.0207302 -0.144729
-0.020527 -0.142578
-0.0192465 -0.144748
-0.019214 -0.142578
-0.0311281 -0.138672
-0.029382 -0.134766
-0.0278425 -0.130859
-0.0278425 -0.130859
-0.0264477 -0.126953
-0.0195313 -0.140625
-0.0136719 -0.130859
-0.125079 -0.115234
-0.123553 -0.111328
-0.1213 -0.107422
-0.1213 -0.107422
-0.118822 -0.103516
-0.11624 -0.0996094
-0.113339 -0.0957031
-0.113339 -0.0957031
-0.110242 -0.0917969
-0.110242 -0.0917969
-0.107422 -0.0888476
-0.103516 -0.0855522
-0.103516 -0.0855522
-0.0996094 -0.0829595
-0.0996094 -0.0829595
-0.0957031 -0.08092
-0.0917969 -0.0792687
-0.0878906 -0.0779747
-0.0917969 -0.0792687
-0.0878906 -0.0779747
-0.0839844 -0.077109
-0.0800781 -0.0766288
-0.0644531 -0.0787047
-0.0761719 -0.0765371
-0.0722656 -0.0768527
-0.0683594 -0.0775563
-0.0644531 -0.0787047
-0.121578 -0.0358323
-0.121509 -0.0332031
-0.119141 -0.0365103
-0.117119 -0.0352711
-0.117169 -0.0332031
-0.12117 -0.031178
-0.119141 -0.0309735
-0.0996094 -0.0253906
-0.107422 -0.0136719
-0.0996094 -0.0136719
-0.0786011 -0.0395924
-0.0790278 -0.0371094
-0.0783858 -0.0348485
-0.0761719 -0.0402882
-0.0733803 -0.0398074
-0.0761719 -0.0337402
-0.0725939 -0.0371094
-0.0734997 -0.0344792
-0.0900845 -0.00801344
-0.0878906 -0.00888798
-0.0915119 -0.00585938
-0.0917917 -0.00195312
-0.0863672 -0.00750089
-0.0865581 -0.000533141
-0.0858032 -0.00430057
-0.0625812 -0.00195312
-0.0505349 -0.123047
-0.0505349 -0.123047
-0.0488965 -0.119141
-0.0475571 -0.115234
-0.0464894 -0.111328
-0.046677 -0.0957031
-0.0384477 -0.123047
-0.0464894 -0.111328
-0.0384477 -0.123047
-0.0368356 -0.119141
-0.0354975 -0.115234
-0.0354975 -0.115234
-0.0346423 -0.111328
-0.0458064 -0.107422
-0.0455658 -0.103516
-0.0458277 -0.0996094
-0.046677 -0.0957031
-0.0337595 -0.107422
-0.0328468 -0.103516
-0.0319561 -0.0996094
-0.0312328 -0.0957031
-0.0605469 -0.080344
-0.0566406 -0.082541
-0.0566406 -0.082541
-0.0507273 -0.0878906
-0.0482606 -0.0917969
-0.0507273 -0.0878906
-0.0527344 -0.0856205
-0.0625 -0.078125
-0.0253045 -0.123047
-0.0241529 -0.119141
-0.0230408 -0.115234
-0.0230408 -0.115234
-0.0220029 -0.111328
-0.0312328 -0.0957031
-0.0209606 -0.107422
-0.0200156 -0.103516
-0.0200156 -0.103516
-0.0191866 -0.0996094
-0.0191866 -0.0996094
-0.0185612 -0.0957031
-0.0307186 -0.0917969
-0.0302788 -0.0878906
-0.0299547 -0.0839844
-0.0297662 -0.0800781
-0.018083 -0.0917969
-0.0176614 -0.0878906
-0.0172417 -0.0839844
-0.0168066 -0.0800781
-0.0297246 -0.0761719
-0.0298568 -0.0722656
-0.0301936 -0.0683594
-0.0307521 -0.0644531
-0.0163391 -0.0761719
-0.015915 -0.0722656
-0.015506 -0.0683594
-0.0168066 -0.0800781
-0.0163391 -0.0761719
-0.015915 -0.0722656
-0.015506 -0.0683594
-0.015244 -0.0644531
-0.0315331 -0.0605469
-0.0324449 -0.0566406
-0.0349394 -0.0488281
-0.0335447 -0.0527344
-0.0349394 -0.0488281
-0.0383712 -0.0410156
-0.0427866 -0.0332031
-0.0404765 -0.0371094
-0.0427866 -0.0332031
-0.0365983 -0.0449219
-0.0383712 -0.0410156
-0.0566406 -0.0253906
-0.0540162 -0.0175781
-0.0482755 -0.0253906
-0.0512393 -0.0214844
-0.0540162 -0.0175781
-0.0512393 -0.0214844
-0.0585428 -0.00976562
-0.0564367 -0.0136719
-0.0585428 -0.00976562
-0.0605506 -0.00585938
-0.0625812 -0.00195312
-0.0466616 -0.00195312
-0.0454013 -0.0292969
-0.0482755 -0.0253906
-0.0397971 -0.0175781
-0.034026 -0.0253906
-0.030331 -0.0292969
-0.034026 -0.0253906
-0.0371969 -0.0214844
-0.0397971 -0.0175781
-0.0419869 -0.0136719
-0.0438075 -0.00976562
-0.0419869 -0.0136719
-0.0453357 -0.00585938
-0.0466616 -0.00195312
-0.0315331 -0.0605469
-0.0155753 -0.0527344
-0.0164842 -0.0488281
-0.0264835 -0.0332031
-0.0231733 -0.0371094
-0.0264835 -0.0332031
-0.0201602 -0.0410156
-0.0181338 -0.0449219
-0.0231733 -0.0371094
-0.0150998 -0.0605469
-0.0151543 -0.0566406
-0.0155753 -0.0527344
-0.0292969 -0.0303184
-0.497662 0.00195312
-0.497617 0.00585938
-0.496604 0.00976562
-0.495754 0.0136719
-0.496433 0.0175781
-0.498047 0.0191972
-0.496433 0.0175781
-0.435547 0.000496112
-0.431641 0.00131129
-0.427734 0.00181955
-0.423828 0.00397856
-0.422084 0.00585938
-0.422084 0.00585938
-0.419922 0.00839189
-0.416016 0.0107645
-0.412109 0.0114422
-0.408203 0.0111616
-0.404297 0.0107996
-0.400391 0.0102157
-0.396484 0.0106832
-0.392578 0.0125642
-0.392578 0.0125642
-0.388672 0.0151717
-0.378842 0.00195312
-0.3817 0.00585938
-0.378842 0.00195312
-0.378102 0.00976562
-0.378102 0.00976562
-0.376116 0.0136719
-0.388672 0.0151717
-0.384766 0.0176904
-0.380859 0.0188363
-0.377807 0.0168217
-0.394863 0.115851
-0.392166 0.112442
-0.39405 0.114134
-0.394725 0.117573
-0.392744 0.119627
-0.388889 0.112399
-0.387232 0.11407
-0.386248 0.115568
-0.38832 0.119914
-0.390395 0.121166
-0.386377 0.117842
-0.439415 0.128561
-0.439453 0.129325
-0.458308 0.237139
-0.458755 0.240234
-0.455078 0.236927
-0.453804 0.241225
-0.457535 0.242471
-0.455768 0.242478
-0.453089 0.238218
-0.453123 0.238295
-0.437273 0.128422
-0.437312 0.129396
-0.371784 0.00685895
-0.370923 0.00390174
-0.36886 0.00528805
-0.374099 0.00976562
-0.376116 0.0136719
-0.369828 0.00822003
-0.367182 0.00390166
-0.367008 0.00585938
-0.366998 0.00801269
-0.321608 0.0110661
-0.322539 0.0136719
-0.318359 0.0113908
-0.318702 0.0125727
-0.313154 0.0116477
-0.314453 0.0123688
-0.32146 0.0166545
-0.318359 0.0174566
-0.314453 0.0169621
-0.312516 0.0937337
-0.310547 0.0112448
-0.308779 0.0117308
-0.307782 0.0112638
-0.305761 0.0136719
-0.310547 0.0177357
-0.30666 0.0172674
-0.30919 0.0810825
-0.309115 0.0837392
-0.306641 0.080517
-0.306641 0.084705
-0.304369 0.0813833
-0.304508 0.0827449
-0.249647 0.119141
-0.252233 0.123047
-0.347899 0.183426
-0.348448 0.185547
-0.346268 0.183407
-0.344963 0.185547
-0.343737 0.18725
-0.348288 0.188025
-0.345703 0.187931
-0.343725 0.187532
-0.252786 0.126953
-0.252786 0.126953
-0.251494 0.130859
-0.250933 0.133551
-0.499891 0.308449
-0.499568 0.310547
-0.499707 0.312941
-0.493559 0.343286
-0.491261 0.343256
-0.496566 0.346076
-0.49636 0.348149
-0.495747 0.344131
-0.494141 0.350251
-0.499689 0.358875
-0.489395 0.345703
-0.490263 0.3495
-0.499764 0.360595
-0.46216 0.32789
-0.460399 0.327801
-0.464028 0.329679
-0.462891 0.332875
-0.459611 0.330078
-0.46012 0.332715
-0.465116 0.499246
-0.461197 0.496008
-0.463121 0.497805
-0.458696 0.49766
-0.456888 0.499582
-0.353459 0.381299
-0.354079 0.384766
-0.351618 0.38674
-0.349609 0.381105
-0.347526 0.382537
-0.348822 0.385169
-0.351143 0.386853
-0.347563 0.383229
-0.355687 0.402137
-0.356586 0.404297
-0.353516 0.401383
-0.351077 0.401933
-0.350064 0.404297
-0.356333 0.407536
-0.353516 0.408868
-0.350638 0.407475
-0.328734 0.49906
-0.326172 0.499379
-0.323246 0.499411
-0.319511 0.499235
-0.262061 0.499084
-0.258629 0.495766
-0.260348 0.497532
-0.257158 0.495848
-0.255109 0.497214
-0.253611 0.499289
-0.243378 0.00699293
-0.244735 0.00976562
-0.243874 0.0136719
-0.240234 0.00660852
-0.238047 0.00744532
-0.238992 0.00885951
-0.239313 0.013874
-0.238042 0.0106548
-0.238177 0.0121782
-0.243805 0.0175781
-0.244105 0.0214844
-0.24259 0.0236151
-0.2403 0.0175781
-0.23987 0.0217233
-0.23822 0.0197805
-0.2412 0.0237192
-0.18733 0.00195312
-0.248047 0.118032
-0.244141 0.117026
-0.248047 0.118032
-0.240234 0.117395
-0.240234 0.117395
-0.237223 0.119141
-0.234052 0.123047
-0.234052 0.123047
-0.216201 0.0727049
-0.216218 0.0761719
-0.212891 0.0724603
-0.210333 0.0761719
-0.215921 0.0797198
-0.214925 0.0820858
-0.212891 0.0816607
-0.212891 0.0816607
-0.207215 0.0800781
-0.207215 0.0800781
-0.205687 0.0839844
-0.206818 0.0878906
-0.208509 0.0917969
-0.206818 0.0878906
-0.200529 0.0761719
-0.197266 0.0731251
-0.197266 0.0731251
-0.193359 0.0705086
-0.189453 0.0678153
-0.189453 0.0678153
-0.193359 0.0705086
-0.201172 0.0772961
-0.210319 0.0957031
-0.211682 0.0996094
-0.21275 0.103516
-0.212803 0.107422
-0.210319 0.0957031
-0.211332 0.111328
-0.211332 0.111328
-0.208984 0.114251
-0.205078 0.117575
-0.205078 0.117575
-0.197266 0.117448
-0.201172 0.11817
-0.197266 0.117448
-0.193359 0.115125
-0.189453 0.112586
-0.189453 0.112586
-0.18733 0.00195312
-0.186734 0.00585938
-0.185857 0.00976562
-0.184724 0.0136719
-0.18354 0.0175781
-0.18354 0.0175781
-0.182398 0.0214844
-0.181264 0.0253906
-0.18015 0.0292969
-0.18015 0.0292969
-0.158203 0.0253906
-0.179173 0.0332031
-0.179173 0.0332031
-0.178687 0.0371094
-0.178501 0.0410156
-0.178383 0.0449219
-0.179754 0.0566406
-0.182027 0.0605469
-0.178334 0.0488281
-0.1787 0.0527344
-0.179754 0.0566406
-0.150391 0.0175781
-0.185547 0.064624
-0.185547 0.064624
-0.185372 0.0644531
-0.169922 0.0761719
-0.162109 0.0722656
-0.168349 0.0932958
-0.162913 0.0917969
-0.156298 0.0819835
-0.157725 0.0839844
-0.16008 0.0878906
-0.162913 0.0917969
-0.16008 0.0878906
-0.159914 0.0920569
-0.171875 0.0976562
-0.185547 0.11263
-0.185547 0.11263
-0.181641 0.115264
-0.177734 0.117342
-0.177734 0.117342
-0.173828 0.118855
-0.168992 0.0957031
-0.169473 0.0986909
-0.163854 0.0957031
-0.166396 0.0978369
-0.163854 0.0957031
-0.161532 0.0996094
-0.158792 0.0957031
-0.161532 0.0996094
-0.160665 0.10233
-0.158203 0.103456
-0.156458 0.105544
-0.169922 0.120421
-0.166016 0.121683
-0.160173 0.109667
-0.158511 0.109455
-0.162109 0.122928
-0.158203 0.123859
-0.150391 0.0780229
-0.140625 0.0664062
-0.142578 0.0711939
-0.146484 0.0744036
-0.148004 0.0761719
-0.142578 0.0711939
-0.154297 0.0805795
-0.154297 0.0805795
-0.150391 0.0780229
-0.138672 0.0694798
-0.134766 0.0686183
-0.138672 0.0694798
-0.130859 0.0683315
-0.126953 0.0693509
-0.129352 0.0892035
-0.130136 0.0921707
-0.126953 0.0875719
-0.125366 0.0901075
-0.154297 0.104055
-0.154297 0.104055
-0.150391 0.104239
-0.150391 0.104239
-0.142578 0.101912
-0.146484 0.10369
-0.146484 0.10369
-0.142578 0.101912
-0.140691 0.105593
-0.154297 0.12422
-0.150391 0.123887
-0.146484 0.122721
-0.142578 0.12072
-0.142578 0.12072
-0.13913 0.0986751
-0.134766 0.0963394
-0.13302 0.10044
-0.138115 0.104305
-0.140302 0.107422
-0.134783 0.102824
-0.135404 0.106525
-0.132515 0.0951477
-0.13095 0.0990398
-0.125817 0.0957031
-0.128496 0.0979586
-0.13256 0.103593
-0.129695 0.107525
-0.1286 0.104825
-0.128584 0.107422
-0.136382 0.111328
-0.137146 0.115234
-0.136382 0.111328
-0.137146 0.115234
-0.140582 0.119141
-0.248047 0.133587
-0.248047 0.133587
-0.244141 0.134338
-0.234082 0.126953
-0.236153 0.130859
-0.240234 0.133783
-0.237622 0.133285
-0.234082 0.126953
-0.183594 0.146484
-0.179688 0.148437
-0.136767 0.140565
-0.134766 0.139004
-0.130859 0.137373
-0.126953 0.138035
-0.137653 0.142578
-0.138355 0.146484
-0.137653 0.142578
-0.138915 0.150391
-0.139573 0.154297
-0.140625 0.160156
-0.140693 0.165002
-0.139492 0.158203
-0.138264 0.162109
-0.139311 0.166141
-0.138672 0.168948
-0.134766 0.165591
-0.134889 0.168281
-0.130859 0.167269
-0.130859 0.167269
-0.126953 0.168219
-0.126953 0.168219
-0.176299 0.202685
-0.173828 0.201683
-0.177821 0.205078
-0.176748 0.207926
-0.173828 0.208777
-0.170998 0.202391
-0.169775 0.205078
-0.170688 0.208114
-0.0907409 0.000701145
-0.0878906 0.00111423
-0.0700333 0.0136719
-0.0667684 0.00585938
-0.0646874 0.00195312
-0.0667684 0.00585938
-0.0685716 0.00976562
-0.0700333 0.0136719
-0.0713514 0.0175781
-0.0723091 0.0214844
-0.0730405 0.0253906
-0.0735811 0.0292969
-0.0898907 0.039035
-0.0907957 0.0410156
-0.0905646 0.0439362
-0.0878906 0.0402766
-0.0878906 0.0447069
-0.0743417 0.0371094
-0.0739933 0.0332031
-0.0743417 0.0371094
-0.0746892 0.0410156
-0.0749945 0.0449219
-0.0752814 0.0488281
-0.0755565 0.0527344
-0.0758377 0.0566406
-0.0761625 0.0605469
-0.123047 0.0719231
-0.123047 0.0719231
-0.122695 0.0722656
-0.119696 0.0761719
-0.118884 0.0800781
-0.119474 0.0839844
-0.121461 0.0878906
-0.12377 0.0917969
-0.121461 0.0878906
-0.116914 0.0917969
-0.125817 0.0957031
-0.118221 0.0955501
-0.117374 0.0978002
-0.115234 0.0976102
-0.115234 0.0976102
-0.111328 0.0979877
-0.111328 0.0979877
-0.107422 0.100125
-0.105469 0.101562
-0.107422 0.100125
-0.103516 0.103642
-0.103516 0.103642
-0.0996094 0.106928
-0.0957031 0.108726
-0.101809 0.120844
-0.102616 0.12357
-0.093176 0.111328
-0.0996094 0.1203
-0.0996094 0.123095
-0.0975055 0.121038
-0.0957031 0.123207
-0.0781076 0.0800781
-0.0782408 0.0839844
-0.0782162 0.0878906
-0.0780151 0.0917969
-0.0765671 0.0644531
-0.0770207 0.0683594
-0.0774654 0.0722656
-0.0778433 0.0761719
-0.0781076 0.0800781
-0.0780151 0.0917969
-0.093176 0.111328
-0.0906931 0.115234
-0.0906931 0.115234
-0.0895352 0.119141
-0.0904836 0.123047
-0.0878906 0.121395
-0.0878906 0.121395
-0.0855705 0.117109
-0.0844415 0.119775
-0.0839844 0.124057
-0.0776684 0.0957031
-0.0770015 0.0996094
-0.0753796 0.103516
-0.0729819 0.107422
-0.0729819 0.107422
-0.0722656 0.108242
-0.0683594 0.112067
-0.0683594 0.112067
-0.0644531 0.115204
-0.0644531 0.115204
-0.0476575 0.00195312
-0.0484549 0.00585938
-0.0490847 0.00976562
-0.0496411 0.0136719
-0.0507697 0.0214844
-0.0501981 0.0175781
-0.0507697 0.0214844
-0.051334 0.0253906
-0.0519386 0.0292969
-0.0549796 0.0449219
-0.0525927 0.0332031
-0.0533127 0.0371094
-0.0541217 0.0410156
-0.0549796 0.0449219
-0.0557502 0.0488281
-0.0565157 0.0527344
-0.0572045 0.0566406
-0.0577595 0.0605469
-0.0410156 0.0605469
-0.0253906 0.0292969
-0.0253906 0.0449219
-0.0292969 0.0605469
-0.0253906 0.0605469
-0.0175781 0.0605469
-0.0136719 0.0449219
-0.00976562 0.0449219
-0.00585938 0.0449219
-0.00195312 0.0449219
-0.0580949 0.0644531
-0.0581279 0.0683594
-0.0577419 0.0722656
-0.0567866 0.0761719
-0.054738 0.0800781
-0.054738 0.0800781
-0.0527344 0.0823828
-0.0488281 0.0850196
-0.0488281 0.0850196
-0.0449219 0.0866072
-0.0449219 0.0866072
-0.0410156 0.0877979
-0.0371094 0.0889978
-0.0332031 0.0906036
-0.0332031 0.0906036
-0.0605469 0.117675
-0.0605469 0.117675
-0.0566406 0.119303
-0.0527344 0.121008
-0.0527344 0.121008
-0.0488281 0.122754
-0.0449219 0.124496
-0.0410156 0.126518
-0.0387129 0.124444
-0.0292969 0.0927718
-0.00976562 0.0683594
-0.00585938 0.0722656
-0.0292969 0.0927718
-0.0253906 0.0955456
-0.0214844 0.09896
-0.0208391 0.0996094
-0.0208391 0.0996094
-0.0175128 0.103516
-0.0148009 0.107422
-0.0148009 0.107422
-0.0126258 0.111328
-0.0126258 0.111328
-0.0108415 0.115234
-0.0094232 0.119141
-0.00821149 0.123047
-0.00821149 0.123047
-0.12426 0.139537
-0.123864 0.142578
-0.12431 0.146484
-0.123721 0.150391
-0.122419 0.154297
-0.103327 0.126953
-0.102861 0.130859
-0.100297 0.1268
-0.100427 0.132583
-0.0939193 0.125872
-0.0961369 0.129952
-0.121978 0.158203
-0.122629 0.162109
-0.123911 0.165577
-0.124086 0.168708
-0.113306 0.167829
-0.110183 0.166316
-0.109421 0.169922
-0.121094 0.181641
-0.117188 0.183594
-0.10657 0.163829
-0.10819 0.16486
-0.109421 0.169922
-0.103516 0.16563
-0.101451 0.167814
-0.100418 0.169922
-0.106456 0.172702
-0.103516 0.174975
-0.103516 0.174975
-0.102018 0.180383
-0.0989971 0.173828
-0.0989423 0.178378
-0.097407 0.177734
-0.0996094 0.181623
-0.0971799 0.181268
-0.0945954 0.184435
-0.0927258 0.126953
-0.0925392 0.130032
-0.0898924 0.13642
-0.0882657 0.136615
-0.0884509 0.138672
-0.0828791 0.126953
-0.0800781 0.129646
-0.0789119 0.130859
-0.0855365 0.138672
-0.0862932 0.140706
-0.084927 0.141256
-0.0827693 0.14491
-0.0817253 0.142578
-0.0814731 0.144896
-0.0789119 0.130859
-0.0760197 0.134766
-0.0725406 0.138672
-0.0725406 0.138672
-0.0722656 0.138948
-0.0683594 0.142696
-0.0644531 0.146157
-0.0644531 0.146157
-0.089653 0.185547
-0.0878906 0.185193
-0.0839844 0.183032
-0.0800781 0.18304
-0.0779823 0.183504
-0.0760927 0.185547
-0.0940236 0.193359
-0.0943272 0.197266
-0.0929498 0.201172
-0.106287 0.233561
-0.103516 0.233041
-0.101365 0.234078
-0.106818 0.236328
-0.106022 0.238605
-0.102786 0.237185
-0.10418 0.23847
-0.101221 0.236328
-0.0911168 0.189453
-0.0940236 0.193359
-0.0943272 0.197266
-0.0929498 0.201172
-0.0905041 0.203626
-0.0878906 0.205022
-0.0839844 0.205715
-0.0800781 0.204858
-0.0751694 0.189453
-0.0756969 0.193359
-0.0753786 0.197266
-0.0756706 0.201172
-0.0753786 0.197266
-0.0756706 0.201172
-0.0773403 0.20373
-0.0735086 0.203903
-0.0750026 0.217405
-0.0722656 0.216175
-0.0702161 0.205049
-0.06951 0.217843
-0.0748795 0.220703
-0.0744427 0.223132
-0.0740968 0.218982
-0.0731518 0.22472
-0.071662 0.227827
-0.0682604 0.220703
-0.0670381 0.224609
-0.0683594 0.22923
-0.0702183 0.230482
-0.0663923 0.226596
-0.0663846 0.23049
-0.0605469 0.149472
-0.0605469 0.149472
-0.0566406 0.152787
-0.0566406 0.152787
-0.0527344 0.156176
-0.0449219 0.124496
-0.0432558 0.132
-0.0384408 0.126953
-0.0375004 0.130859
-0.0434393 0.133871
-0.0410156 0.134389
-0.0384408 0.126953
-0.0371094 0.129459
-0.0332031 0.132157
-0.0373305 0.133276
-0.0332031 0.132157
-0.0527344 0.156176
-0.0504976 0.158203
-0.0469827 0.162109
-0.0469827 0.162109
-0.0440167 0.166016
-0.0440167 0.166016
-0.0408407 0.169922
-0.0408407 0.169922
-0.0374287 0.173828
-0.0374287 0.173828
-0.0338492 0.177734
-0.0332031 0.178314
-0.0332031 0.178314
-0.0292969 0.135489
-0.0268252 0.138672
-0.0268252 0.138672
-0.0244853 0.142578
-0.022604 0.146484
-0.0244853 0.142578
-0.022604 0.146484
-0.0205846 0.150391
-0.0186739 0.154297
-0.0205846 0.150391
-0.0186739 0.154297
-0.00720035 0.126953
-0.00701208 0.130859
-0.00708922 0.134766
-0.00689129 0.138672
-0.00623607 0.142578
-0.00519293 0.146484
-0.00338546 0.150391
-0.00338546 0.150391
-0.00111704 0.154297
-0.0167188 0.158203
-0.0146464 0.162109
-0.0292969 0.181345
-0.0253906 0.183684
-0.0253906 0.183684
-0.0214844 0.185802
-0.0175781 0.187793
-0.0146464 0.162109
-0.0122139 0.166016
-0.0122139 0.166016
-0.00944271 0.169922
-0.00625582 0.173828
-0.00625582 0.173828
-0.00251354 0.177734
-0.00195312 0.178274
-0.00195312 0.178274
-0.0592613 0.202081
-0.0566406 0.200665
-0.0566406 0.200665
-0.0527344 0.201335
-0.0495866 0.202609
-0.0594629 0.205078
-0.0596785 0.208984
-0.0585809 0.203152
-0.0589771 0.211538
-0.0566406 0.214039
-0.050882 0.203471
-0.0520143 0.208984
-0.0479741 0.205078
-0.0520143 0.208984
-0.051855 0.212891
-0.0531119 0.216797
-0.049942 0.213852
-0.0472928 0.215115
-0.0445274 0.205078
-0.045943 0.207481
-0.0457841 0.217465
-0.0519544 0.219967
-0.0488984 0.221063
-0.0473547 0.223128
-0.0438569 0.21983
-0.0453708 0.225107
-0.0424672 0.222376
-0.0398755 0.223292
-0.0437521 0.227178
-0.0410156 0.228464
-0.036346 0.223684
-0.0323033 0.222142
-0.0332031 0.225338
-0.0371094 0.227847
-0.0346788 0.226682
-0.0175781 0.187793
-0.0275838 0.218623
-0.0248442 0.218009
-0.0199507 0.210502
-0.0175781 0.209972
-0.0206457 0.213344
-0.0218083 0.216619
-0.0193797 0.211002
-0.0157303 0.218713
-0.0136719 0.189872
-0.00976562 0.191856
-0.00976562 0.191856
-0.00585938 0.193831
-0.00195312 0.195662
-0.00195312 0.195662
-0.0141105 0.210867
-0.00976562 0.210298
-0.0136719 0.211752
-0.0136719 0.217422
-0.0116497 0.210953
-0.00976562 0.215921
-0.00776231 0.210923
-0.00585938 0.211476
-0.00731063 0.217745
-0.00189995 0.212547
-0.000255467 0.215424
-0.0297484 0.219872
-0.0292969 0.225369
-0.0269941 0.21893
-0.0253906 0.224987
-0.0275919 0.226675
-0.0270824 0.232422
-0.0236088 0.230213
-0.0270824 0.232422
-0.0214844 0.221321
-0.0214844 0.221321
-0.0175781 0.220769
-0.0194001 0.223154
-0.0213353 0.229762
-0.017084 0.227614
-0.0164813 0.232422
-0.0283637 0.236328
-0.0274944 0.238407
-0.0265836 0.237817
-0.0253906 0.238818
-0.0214844 0.236622
-0.0214844 0.236622
-0.0170924 0.236328
-0.0175781 0.240801
-0.00788991 0.224895
-0.0153814 0.229824
-0.00827667 0.227825
-0.00653591 0.220703
-0.00640645 0.224609
-0.000388321 0.222316
-0.00195312 0.223808
-0.00585938 0.228974
-0.00270676 0.227132
-0.00095441 0.233094
-0.0155427 0.237823
-0.0144209 0.240234
-0.0148841 0.242566
-0.000489395 0.236328
-0.000363513 0.238701
-0.164167 0.269371
-0.164267 0.270772
-0.162109 0.268856
-0.162109 0.271295
-0.17217 0.300578
-0.173709 0.302734
-0.173286 0.306275
-0.169922 0.300129
-0.167969 0.300781
-0.167842 0.300659
-0.167206 0.302734
-0.169922 0.306994
-0.167308 0.305724
-0.148892 0.292439
-0.149204 0.294922
-0.146484 0.291768
-0.14545 0.293334
-0.144453 0.296631
-0.14894 0.298817
-0.145486 0.300364
-0.146484 0.303261
-0.144526 0.296933
-0.143964 0.302734
-0.145453 0.306855
-0.147461 0.310547
-0.143471 0.306671
-0.142245 0.310547
-0.146484 0.313845
-0.142908 0.313716
-0.14894 0.347354
-0.150263 0.349609
-0.149773 0.35236
-0.146484 0.347238
-0.14792 0.349609
-0.142578 0.347525
-0.142578 0.350685
-0.146484 0.35197
-0.142578 0.351592
-0.138427 0.347195
-0.140256 0.349609
-0.134766 0.346293
-0.132812 0.351562
-0.138114 0.351944
-0.134766 0.352851
-0.132165 0.347089
-0.130978 0.349609
-0.131917 0.352329
-0.218754 0.468746
-0.234649 0.499208
-0.231167 0.495841
-0.232781 0.49781
-0.230454 0.496089
-0.228012 0.497398
-0.226395 0.49956
-0.203125 0.445312
-0.207857 0.498448
-0.205078 0.497799
-0.202924 0.499428
-0.153199 0.417501
-0.155098 0.419922
-0.150391 0.417604
-0.148199 0.419922
-0.153531 0.422536
-0.150391 0.42232
-0.14821 0.422124
-0.141446 0.498556
-0.138672 0.498279
-0.134766 0.49809
-0.132605 0.499416
-0.105508 0.355399
-0.105679 0.357001
-0.103516 0.353641
-0.105356 0.3591
-0.0996648 0.353971
-0.0987284 0.357422
-0.103453 0.36016
-0.10019 0.360192
-0.0755285 0.362852
-0.0773055 0.364527
-0.0729441 0.36259
-0.0722576 0.365234
-0.0761719 0.368876
-0.0724167 0.368855
-0.0547308 0.288643
-0.05145 0.284849
-0.0526156 0.287109
-0.0498708 0.2849
-0.0480719 0.287109
-0.0521577 0.289846
-0.0492794 0.289671
-0.0159289 0.253417
-0.0241915 0.272229
-0.0244144 0.275391
-0.0214844 0.270644
-0.0175835 0.271484
-0.0232601 0.277236
-0.0209923 0.27764
-0.0170609 0.275391
-0.018957 0.277646
-0.0133562 0.252954
-0.0143333 0.255859
-0.00976562 0.253189
-0.00787169 0.257761
-0.0119805 0.257947
-0.00976562 0.257936
-0.00734021 0.253701
-0.00569855 0.255859
-0.00143749 0.256107
-0.00711038 0.258005
-0.00136111 0.258721
-0.00689597 0.306641
-0.00799404 0.310547
-0.00585938 0.301723
-0.00585938 0.301723
-0.00195312 0.298806
-0.000108548 0.30092
-0.00689597 0.306641
-0.000950778 0.310547
-0.00807416 0.313
-0.00585938 0.314811
-0.00195312 0.312425
-0.0234375 0.349609
-0.0220565 0.3515
-0.0214844 0.351563
-0.0981815 0.456672
-0.0997752 0.458984
-0.0957031 0.456203
-0.0984838 0.461458
-0.0957031 0.461547
-0.0935265 0.45684
-0.0924581 0.458984
-0.0934177 0.4612
-0.0316686 0.41774
-0.0334972 0.419922
-0.0337838 0.423828
-0.0320378 0.42634
-0.0292969 0.417669
-0.0292969 0.417669
-0.0273112 0.417944
-0.0261836 0.419999
-0.0292969 0.427011
-0.0260671 0.423828
-0.0271647 0.425958
0.00390625 -0.5
0.0351562 -0.496094
0.0536303 -0.499147
0.0554273 -0.499102
0.0136719 -0.427734
0.0175781 -0.423828
0.0253906 -0.427734
0.0292969 -0.412109
0.00976562 -0.400391
0.0800781 -0.494141
0.0683594 -0.466797
0.0800781 -0.447266
0.101562 -0.488281
0.105469 -0.492188
0.0976562 -0.480469
0.112903 -0.499102
0.114463 -0.497178
0.116349 -0.495782
0.119813 -0.497524
0.117896 -0.495787
0.121162 -0.499813
0.115234 -0.482422
0.123047 -0.482422
0.119141 -0.470703
0.119141 -0.455078
0.0878906 -0.412109
0.0917969 -0.408203
0.0683594 -0.400391
0.0722656 -0.396484
0.0878906 -0.380859
0.107422 -0.431641
0.115234 -0.431641
0.115234 -0.408203
0.123047 -0.408203
0.00585938 -0.373047
0.0186616 -0.344867
0.0214844 -0.345584
0.0242615 -0.344457
0.0185347 -0.341797
0.0184937 -0.337999
0.0196059 -0.343703
0.0204454 -0.336271
0.0194385 -0.33586
0.0214844 -0.335434
0.0259009 -0.341797
0.0255355 -0.337891
0.0237732 -0.335736
0.0332031 -0.369141
0.0507812 -0.335938
0.0507812 -0.332031
0.0546875 -0.335938
0.0800781 -0.365234
0.0625 -0.324219
0.0683594 -0.318359
0.119141 -0.345703
0.0858286 -0.301038
0.0856757 -0.299962
0.0878906 -0.303295
0.0871956 -0.297957
0.0911607 -0.302251
0.0919299 -0.298828
0.0893573 -0.296745
0.0905366 -0.296568
0.134766 -0.482422
0.142578 -0.498047
0.144531 -0.492188
0.148438 -0.488281
0.154297 -0.482422
0.125 -0.453125
0.128906 -0.445312
0.132812 -0.453125
0.134766 -0.443359
0.140625 -0.464844
0.154297 -0.458984
0.187392 -0.499686
0.177734 -0.478516
0.185547 -0.474609
0.138672 -0.431641
0.181641 -0.396484
0.189453 -0.498671
0.19171 -0.499228
0.193359 -0.486328
0.212891 -0.498047
0.197266 -0.443359
0.232422 -0.466797
0.236328 -0.462891
0.240234 -0.455078
0.248047 -0.466797
0.244141 -0.447266
0.193359 -0.435547
0.189453 -0.419922
0.216797 -0.431641
0.198646 -0.3766
0.202762 -0.379043
0.200052 -0.37804
0.203317 -0.378992
0.206181 -0.377748
0.207205 -0.375601
0.248047 -0.427734
0.224609 -0.384766
0.240234 -0.400391
0.158203 -0.369141
0.178655 -0.367449
0.175446 -0.364409
0.175367 -0.362419
0.176766 -0.366323
0.177734 -0.361006
0.179733 -0.367209
0.181859 -0.365234
0.181151 -0.361779
0.186813 -0.305103
0.185651 -0.302734
0.18642 -0.299513
0.169922 -0.259766
0.175781 -0.273438
0.177734 -0.273964
0.175271 -0.271484
0.175445 -0.268954
0.175818 -0.273409
0.177734 -0.267261
0.180267 -0.273829
0.181407 -0.271484
0.180824 -0.268224
0.198701 -0.374
0.201172 -0.372445
0.205078 -0.372898
0.207422 -0.374154
0.189453 -0.305052
0.190824 -0.30438
0.189453 -0.29828
0.19221 -0.302734
0.191956 -0.299887
0.232422 -0.293698
0.230737 -0.291016
0.232422 -0.288178
0.235576 -0.293796
0.236259 -0.291016
0.235193 -0.288465
0.222714 -0.250008
0.0116596 -0.246133
0.0109574 -0.244141
0.013217 -0.246573
0.0125719 -0.244231
0.0113356 -0.242054
0.0214844 -0.224609
0.0175781 -0.216797
0.0253906 -0.216797
0.0214844 -0.201172
0.0146633 -0.140994
0.0108013 -0.138672
0.0103458 -0.134766
0.0108013 -0.138672
0.0136719 -0.13372
0.0117187 -0.132812
0.0175781 -0.140952
0.0214844 -0.141431
0.0251588 -0.141383
0.0277311 -0.140944
0.0192943 -0.140504
0.0175781 -0.13592
0.0214844 -0.136531
0.0283982 -0.138672
0.0253906 -0.134972
0.0283982 -0.138672
0.0283216 -0.13557
0.0429688 -0.1875
0.0585938 -0.1875
0.0570069 -0.172774
0.0601302 -0.172623
0.0545812 -0.168393
0.0542499 -0.16696
0.0554085 -0.170412
0.0566406 -0.165507
0.0623053 -0.171402
0.0605469 -0.166276
0.0622201 -0.13719
0.0623733 -0.134904
0.0976563 -0.1875
0.109375 -0.210938
0.0628418 -0.172275
0.0627394 -0.169777
0.0931887 -0.184355
0.0921778 -0.181641
0.0927688 -0.178473
0.0644531 -0.138249
0.0625169 -0.132927
0.0667353 -0.137103
0.0674343 -0.134766
0.0644531 -0.13176
0.0675828 -0.131626
0.0957031 -0.186423
0.0991288 -0.185045
0.100557 -0.181641
0.0957031 -0.177276
0.0987605 -0.178695
0.118304 -0.158203
0.120462 -0.165592
0.123047 -0.167991
0.123047 -0.167991
0.119141 -0.159762
0.118304 -0.158203
0.122132 -0.163436
0.116082 -0.154297
0.116592 -0.150391
0.116592 -0.150391
0.119141 -0.146748
0.12093 -0.144368
0.123047 -0.142882
0.123047 -0.142882
0.124889 -0.136099
0.0214844 -0.107422
0.0175781 -0.0917969
0.0253906 -0.0800781
0.0427297 -0.102133
0.0449219 -0.105634
0.0449219 -0.105634
0.0425467 -0.0991812
0.0413062 -0.0957031
0.0434524 -0.101109
0.0470538 -0.109403
0.0489651 -0.107648
0.0488281 -0.101025
0.0488281 -0.101025
0.0496669 -0.0957031
0.0496669 -0.0957031
0.0332031 -0.0839844
0.040656 -0.0917969
0.0403031 -0.0878906
0.0400978 -0.0839844
0.0398956 -0.0800781
0.0391427 -0.0722656
0.0383083 -0.0683594
0.0371324 -0.0644531
0.0395931 -0.0761719
0.0391427 -0.0722656
0.0505558 -0.0917969
0.0505558 -0.0917969
0.0510967 -0.0878906
0.0517634 -0.0839844
0.0526333 -0.0800781
0.0536391 -0.0761719
0.0546399 -0.0722656
0.0536391 -0.0761719
0.0546399 -0.0722656
0.0554947 -0.0683594
0.0561552 -0.0644531
0.0078125 -0.0429688
0.0062206 -0.0410156
0.00356735 -0.0371094
0.00264129 -0.0332031
0.00356735 -0.0371094
0.00976562 -0.0435552
0.00976562 -0.0435552
0.0136719 -0.0444608
0.0253906 -0.047792
0.0303635 -0.0527344
0.0292969 -0.0514598
0.0175781 -0.0446285
0.0214844 -0.0453772
0.0253906 -0.047792
0.00241062 -0.0292969
0.00250726 -0.0253906
0.00273321 -0.0214844
0.00298006 -0.0175781
0.00320678 -0.0136719
0.0034207 -0.00976562
0.00366624 -0.00585938
0.0039937 -0.00195312
0.0039937 -0.00195312
0.035675 -0.0605469
0.0332767 -0.0566406
0.035675 -0.0605469
0.0303635 -0.0527344
0.0567521 -0.0605469
0.0577919 -0.0566406
0.0567521 -0.0605469
0.0577919 -0.0566406
0.0603399 -0.0527344
0.0605469 -0.052331
0.0605469 -0.052331
0.0545348 -0.0170851
0.0591337 -0.0236696
0.0570133 -0.0197367
0.0554831 -0.0186806
0.0591263 -0.0199307
0.0594723 -0.0175781
0.054456 -0.0152921
0.0566406 -0.0146812
0.0591177 -0.0150882
0.0843527 -0.0878906
0.0841412 -0.0843037
0.0881655 -0.0879669
0.0878118 -0.0845436
0.101562 -0.113281
0.105469 -0.113281
0.09375 -0.109375
0.101562 -0.109375
0.101562 -0.105469
0.105469 -0.109375
0.109375 -0.113281
0.113281 -0.113281
0.117188 -0.121094
0.123047 -0.115234
0.121094 -0.113281
0.109375 -0.109375
0.109375 -0.105469
0.117188 -0.109375
0.121094 -0.109375
0.0644531 -0.05037
0.0644531 -0.05037
0.0683594 -0.0487071
0.0705804 -0.0472352
0.0711686 -0.0449219
0.0711686 -0.0449219
0.0732498 -0.0410156
0.0732498 -0.0410156
0.0757381 -0.0371094
0.0787174 -0.0332031
0.0787174 -0.0332031
0.0625229 -0.0234874
0.0809841 -0.0292969
0.0822814 -0.0253906
0.0809841 -0.0292969
0.0822814 -0.0253906
0.0829994 -0.0214844
0.0833663 -0.0175781
0.0836397 -0.0136719
0.0839177 -0.00976562
0.0841402 -0.00585938
0.0843279 -0.00195312
0.123047 -0.00585938
0.125577 -0.168519
0.125878 -0.165627
0.126953 -0.161592
0.12795 -0.158203
0.12795 -0.158203
0.130859 -0.15472
0.126953 -0.145428
0.125219 -0.142578
0.130859 -0.146914
0.131286 -0.154297
0.136314 -0.150391
0.136314 -0.150391
0.134766 -0.15034
0.140358 -0.148003
0.139445 -0.142578
0.127124 -0.138672
0.126953 -0.138307
0.129116 -0.133008
0.127971 -0.132011
0.130859 -0.130515
0.130859 -0.130515
0.135798 -0.134766
0.138208 -0.138672
0.137357 -0.134766
0.136331 -0.129376
0.134766 -0.126767
0.138322 -0.130859
0.138263 -0.126953
0.142691 -0.146484
0.139445 -0.142578
0.221567 -0.248047
0.221684 -0.244577
0.224609 -0.248774
0.224609 -0.243645
0.222656 -0.242187
0.226908 -0.247082
0.226892 -0.24527
0.228516 -0.228516
0.249809 -0.191511
0.248475 -0.189453
0.249222 -0.186596
0.25 -0.132812
0.244552 -0.130485
0.243902 -0.126953
0.248047 -0.131198
0.246858 -0.125476
0.125 -0.113281
0.134766 -0.126767
0.136812 -0.124952
0.132812 -0.113281
0.132812 -0.109375
0.146484 -0.107422
0.146484 -0.103516
0.150391 -0.0996094
0.150726 -0.082765
0.14939 -0.0800781
0.153843 -0.0827455
0.155242 -0.0800781
0.150391 -0.0771429
0.153847 -0.0772801
0.171865 -0.121116
0.158203 -0.0996094
0.173828 -0.12269
0.172999 -0.119141
0.177734 -0.122987
0.179188 -0.117335
0.175215 -0.116889
0.177734 -0.116937
0.181056 -0.12227
0.182045 -0.119141
0.183867 -0.121528
0.183753 -0.120065
0.180224 -0.11691
0.173828 -0.107422
0.15625 -0.078125
0.166016 -0.0683594
0.175513 -0.0745121
0.174774 -0.0722656
0.177734 -0.0755026
0.177734 -0.0701847
0.181641 -0.0754191
0.183949 -0.0744508
0.186618 -0.0722656
0.181641 -0.0701236
0.141287 -0.0136719
0.139424 -0.00976562
0.138278 -0.00585938
0.137548 -0.00195312
0.143913 -0.0175781
0.146484 -0.0204486
0.143913 -0.0175781
0.150391 -0.0238048
0.154297 -0.0262433
0.150391 -0.0238048
0.141287 -0.0136719
0.173828 -0.0605469
0.158203 -0.0278222
0.158203 -0.0278222
0.162109 -0.0286605
0.166016 -0.0286323
0.169922 -0.0277536
0.169922 -0.0277536
0.173828 -0.0255868
0.173828 -0.0255868
0.175781 -0.0273438
0.17405 -0.0253906
0.176943 -0.0214844
0.17799 -0.0175781
0.179688 -0.0195313
0.178091 -0.0136719
0.177656 -0.00976562
0.175475 -0.00195312
0.176778 -0.00585938
0.175475 -0.00195312
0.189453 -0.103516
0.201172 -0.107422
0.208984 -0.107422
0.205078 -0.0917969
0.208984 -0.0878906
0.205078 -0.0839844
0.245462 -0.124672
0.24857 -0.12467
0.220703 -0.0839844
0.234204 -0.0786386
0.234106 -0.0774019
0.236248 -0.0807709
0.239845 -0.0800781
0.242188 -0.078125
0.236328 -0.0757248
0.239569 -0.0764675
0.216797 -0.038366
0.215802 -0.0371094
0.213803 -0.0332031
0.215802 -0.0371094
0.213159 -0.0292969
0.213516 -0.0253906
0.214752 -0.0214844
0.214752 -0.0214844
0.216853 -0.0175781
0.21974 -0.0136719
0.228516 -0.0475473
0.232422 -0.0501047
0.232422 -0.0501047
0.220703 -0.0417379
0.220703 -0.0417379
0.224609 -0.0446995
0.228516 -0.0475473
0.240234 -0.054468
0.236328 -0.052494
0.240234 -0.054468
0.244141 -0.0559418
0.248047 -0.0568522
0.21974 -0.0136719
0.223327 -0.00976562
0.224609 -0.00851136
0.224609 -0.00851136
0.228516 -0.00497493
0.228516 -0.00497493
0.230469 -0.00390625
0.232422 -0.00161173
0.251953 -0.486328
0.273438 -0.5
0.277344 -0.5
0.28125 -0.5
0.275391 -0.482422
0.280586 -0.477147
0.279631 -0.474609
0.280369 -0.471659
0.251953 -0.462891
0.255859 -0.455078
0.259766 -0.451172
0.263672 -0.443359
0.275391 -0.451172
0.275391 -0.443359
0.285156 -0.5
0.288352 -0.498047
0.288521 -0.495331
0.289319 -0.496423
0.291016 -0.494302
0.296449 -0.496755
0.294444 -0.495028
0.283203 -0.477753
0.285658 -0.476955
0.283203 -0.470567
0.287213 -0.474609
0.286123 -0.471681
0.287213 -0.474609
0.296952 -0.499797
0.298828 -0.490234
0.294922 -0.451172
0.310547 -0.455078
0.302734 -0.447266
0.302734 -0.439453
0.255859 -0.392578
0.283203 -0.434501
0.28182 -0.431402
0.286608 -0.434604
0.287203 -0.431641
0.283633 -0.429249
0.286008 -0.429223
0.294922 -0.416016
0.291016 -0.400391
0.310547 -0.400391
0.332031 -0.5
0.339844 -0.5
0.326172 -0.451172
0.326172 -0.439453
0.353516 -0.498047
0.359375 -0.5
0.365234 -0.478516
0.371053 -0.457056
0.370362 -0.455078
0.371414 -0.457078
0.373047 -0.455284
0.370437 -0.45243
0.373047 -0.452288
0.318359 -0.431641
0.318359 -0.412109
0.330078 -0.435547
0.361328 -0.396484
0.365234 -0.388672
0.369141 -0.384766
0.256693 -0.369071
0.256833 -0.365475
0.259766 -0.370576
0.262924 -0.369079
0.259488 -0.363422
0.261719 -0.363281
0.262913 -0.365234
0.279297 -0.337891
0.283203 -0.337891
0.287109 -0.333984
0.296362 -0.32851
0.295074 -0.326172
0.294022 -0.322266
0.295269 -0.31843
0.296849 -0.316391
0.298828 -0.328589
0.301681 -0.32916
0.298828 -0.328589
0.301497 -0.325798
0.301815 -0.322266
0.298828 -0.316465
0.298828 -0.316465
0.302383 -0.318359
0.300781 -0.316406
0.259766 -0.291016
0.283203 -0.279297
0.328088 -0.320337
0.32765 -0.318359
0.327834 -0.316177
0.329961 -0.318359
0.329758 -0.316192
0.353516 -0.318359
0.365234 -0.333984
0.369141 -0.318359
0.370461 -0.258083
0.37154 -0.25797
0.368411 -0.255859
0.369141 -0.252319
0.375332 -0.255859
0.373047 -0.25221
0.375 -0.5
0.378906 -0.492188
0.382813 -0.5
0.386719 -0.484375
0.375097 -0.452953
0.394531 -0.460938
0.398438 -0.460938
0.398438 -0.457031
0.390625 -0.453125
0.390625 -0.449219
0.390625 -0.445312
0.42456 -0.498047
0.424808 -0.494141
0.425278 -0.490234
0.426019 -0.486328
0.426019 -0.486328
0.427112 -0.482422
0.428629 -0.478516
0.430663 -0.474609
0.430663 -0.474609
0.433395 -0.470703
0.433395 -0.470703
0.435547 -0.468283
0.400391 -0.431641
0.392578 -0.408203
0.376953 -0.380859
0.435547 -0.408203
0.412109 -0.388672
0.419922 -0.388672
0.439453 -0.464825
0.439453 -0.464825
0.443359 -0.462408
0.447266 -0.460854
0.447266 -0.460854
0.451172 -0.460036
0.455078 -0.459887
0.458984 -0.460395
0.462891 -0.461607
0.466797 -0.463645
0.466797 -0.463645
0.462891 -0.461607
0.482047 -0.498047
0.481873 -0.494141
0.480835 -0.486328
0.48149 -0.490234
0.480835 -0.486328
0.474134 -0.470703
0.476608 -0.474609
0.474134 -0.470703
0.47985 -0.482422
0.478463 -0.478516
0.476608 -0.474609
0.470703 -0.466771
0.470723 -0.466797
0.443359 -0.412109
0.449199 -0.375048
0.451531 -0.380149
0.450491 -0.37702
0.455078 -0.380567
0.456815 -0.37862
0.457447 -0.376448
0.381959 -0.34427
0.38467 -0.344205
0.386719 -0.34375
0.396484 -0.369141
0.404297 -0.369141
0.381018 -0.341797
0.380858 -0.337891
0.380832 -0.333984
0.380791 -0.330078
0.385469 -0.342931
0.386555 -0.338425
0.387039 -0.34059
0.386599 -0.333984
0.386411 -0.329019
0.38683 -0.331367
0.380919 -0.326172
0.38277 -0.324202
0.384766 -0.325644
0.392578 -0.318359
0.382153 -0.258485
0.375332 -0.255859
0.375095 -0.253813
0.381329 -0.255859
0.38211 -0.253223
0.382813 -0.261719
0.384766 -0.259378
0.387185 -0.258286
0.384766 -0.252502
0.388224 -0.255859
0.387498 -0.25315
0.448795 -0.373047
0.448972 -0.370727
0.449557 -0.371708
0.451172 -0.369536
0.456526 -0.37181
0.454505 -0.370179
0.457433 -0.374113
0.478516 -0.314453
0.439804 -0.274507
0.443359 -0.274614
0.43867 -0.271484
0.439848 -0.268538
0.443359 -0.268495
0.445313 -0.273438
0.445827 -0.271484
0.271484 -0.240234
0.250413 -0.191462
0.252785 -0.190964
0.254458 -0.189179
0.300041 -0.200445
0.299973 -0.197266
0.302734 -0.202129
0.300785 -0.195317
0.300174 -0.194498
0.302734 -0.19356
0.306021 -0.200837
0.306743 -0.197266
0.305567 -0.194499
0.251953 -0.185431
0.254674 -0.186201
0.275741 -0.173828
0.277344 -0.175781
0.279543 -0.174955
0.275412 -0.169922
0.277024 -0.167819
0.279781 -0.168781
0.277849 -0.167868
0.251953 -0.13133
0.253277 -0.125336
0.255302 -0.130288
0.256373 -0.126953
0.281686 -0.172797
0.281832 -0.170523
0.345703 -0.134766
0.349609 -0.133874
0.347743 -0.130859
0.346884 -0.126953
0.347743 -0.130859
0.353516 -0.136225
0.353516 -0.136225
0.357422 -0.136814
0.357422 -0.136814
0.361328 -0.136134
0.361328 -0.136134
0.363281 -0.136719
0.365234 -0.134184
0.368286 -0.130859
0.367188 -0.132813
0.368286 -0.130859
0.369917 -0.126953
0.251953 -0.124699
0.255056 -0.124397
0.306977 -0.0644531
0.310547 -0.0678096
0.310547 -0.0678096
0.251953 -0.057226
0.255859 -0.0571252
0.259766 -0.0565856
0.263672 -0.0556891
0.267578 -0.0546059
0.267578 -0.0546059
0.271484 -0.0535219
0.275391 -0.0525113
0.279297 -0.0517098
0.283203 -0.0511818
0.287109 -0.051143
0.294922 -0.053641
0.291016 -0.0519113
0.294922 -0.053641
0.290707 -0.0332031
0.294567 -0.0371094
0.290707 -0.0332031
0.294922 -0.03742
0.298828 -0.0564074
0.303246 -0.0605469
0.302734 -0.060022
0.303246 -0.0605469
0.310547 -0.0468677
0.298828 -0.0403565
0.302734 -0.0427832
0.302734 -0.0427832
0.298828 -0.0403565
0.306641 -0.0449072
0.310547 -0.0468677
0.28791 -0.0292969
0.286165 -0.0253906
0.285225 -0.0214844
0.284969 -0.0175781
0.285225 -0.0214844
0.285204 -0.0136719
0.285204 -0.0136719
0.285686 -0.00976562
0.286129 -0.00585938
0.286307 -0.00195312
0.326172 -0.107422
0.314453 -0.0705173
0.318359 -0.0720099
0.314453 -0.0705173
0.322266 -0.0729464
0.326172 -0.0740842
0.326172 -0.0740842
0.333984 -0.0774257
0.337891 -0.0791811
0.341797 -0.0807793
0.330078 -0.0756603
0.333984 -0.0774257
0.34732 -0.123047
0.349096 -0.119141
0.34732 -0.123047
0.349096 -0.119141
0.349609 -0.118567
0.353516 -0.115258
0.357422 -0.113935
0.361328 -0.11388
0.365234 -0.115309
0.370102 -0.123047
0.368934 -0.119141
0.3675 -0.116864
0.345703 -0.082017
0.345703 -0.082017
0.349609 -0.0829862
0.353516 -0.0836379
0.357422 -0.0840077
0.361328 -0.0841837
0.365234 -0.0841809
0.369141 -0.0840201
0.373047 -0.0837635
0.369141 -0.0628835
0.373047 -0.0637234
0.314453 -0.0485905
0.318359 -0.0501511
0.318359 -0.0501511
0.322266 -0.0515414
0.322266 -0.0515414
0.326172 -0.052634
0.333984 -0.0544626
0.330078 -0.0536026
0.333984 -0.0544626
0.337891 -0.0552674
0.341797 -0.0560199
0.337891 -0.0552674
0.323239 -0.0198419
0.321832 -0.01759
0.324497 -0.0196427
0.326296 -0.0176839
0.322619 -0.0136719
0.322895 -0.00976562
0.326753 -0.0136719
0.327228 -0.00976562
0.323229 -0.00633592
0.326172 -0.00540318
0.327551 -0.00307357
0.328125 -0.0117188
0.328125 -0.0078125
0.330078 -0.00125937
0.332356 -0.000244763
0.345703 -0.0568543
0.349609 -0.0577604
0.353516 -0.0587619
0.353516 -0.0587619
0.357422 -0.0598001
0.361328 -0.0608761
0.365234 -0.0619124
0.369141 -0.0628835
0.390625 -0.199219
0.46399 -0.226857
0.465067 -0.226913
0.464027 -0.226166
0.465059 -0.226089
0.487688 -0.188931
0.490234 -0.190469
0.493039 -0.189033
0.480102 -0.183788
0.478838 -0.181641
0.484137 -0.183643
0.481812 -0.183228
0.479119 -0.177734
0.481014 -0.175916
0.482504 -0.175559
0.487528 -0.184385
0.486923 -0.181641
0.490234 -0.184571
0.488289 -0.183583
0.486605 -0.177734
0.484806 -0.175556
0.493186 -0.185547
0.39062 -0.097643
0.393502 -0.101957
0.395045 -0.101748
0.391947 -0.099657
0.392578 -0.0956344
0.397286 -0.0999399
0.396484 -0.0958668
0.398438 -0.0976563
0.398438 -0.0976562
0.376953 -0.0834563
0.380859 -0.0831374
0.384766 -0.0828111
0.388672 -0.0824652
0.376953 -0.0644461
0.380859 -0.0650036
0.384766 -0.0653945
0.388672 -0.0656154
0.392578 -0.0820934
0.392578 -0.0820934
0.396484 -0.0817321
0.400391 -0.0813844
0.404297 -0.0810048
0.392578 -0.0656592
0.396484 -0.0655369
0.400391 -0.0652472
0.404297 -0.0647924
0.408203 -0.080593
0.412109 -0.0801441
0.416016 -0.0796509
0.419922 -0.0839844
0.419922 -0.0791016
0.408203 -0.0641774
0.412109 -0.0633881
0.416016 -0.0624644
0.423828 -0.07849
0.427734 -0.0778375
0.427734 -0.0778375
0.431641 -0.0771485
0.435547 -0.0764552
0.386679 -0.0078791
0.389042 -0.00802168
0.386719 -0.0078125
0.389653 -0.00679363
0.397505 -0.0129206
0.390799 -0.00567554
0.392578 0.000911269
0.396484 -5.08347e-05
0.401095 -0.011894
0.401349 -0.0093375
0.404297 -0.0090461
0.402068 -0.00585938
0.400037 -0.00195312
0.402068 -0.00585938
0.416016 -0.0624644
0.419922 -0.061448
0.423828 -0.0603207
0.427734 -0.059108
0.427734 -0.059108
0.431641 -0.0579473
0.435547 -0.056872
0.408203 -0.011051
0.408203 -0.011051
0.412109 -0.0121665
0.412109 -0.0121665
0.409792 -0.000337765
0.412109 -0.000176148
0.416016 -0.0129494
0.419922 -0.014179
0.423828 -0.0158403
0.427734 -0.0180438
0.43339 -0.0236022
0.435547 -0.0244337
0.431895 -0.0214844
0.431641 -0.0210265
0.435547 -0.0173281
0.423828 -0.0158403
0.435816 -0.0137364
0.451172 -0.107422
0.462891 -0.111328
0.439453 -0.0757865
0.443359 -0.0751024
0.447266 -0.0743282
0.447266 -0.0743282
0.451172 -0.0733104
0.451172 -0.0733104
0.455078 -0.0719621
0.458984 -0.069607
0.458984 -0.069607
0.460265 -0.0683594
0.46275 -0.0644531
0.480193 -0.12154
0.480248 -0.119862
0.482422 -0.122213
0.482422 -0.118209
0.483805 -0.117151
0.484928 -0.121806
0.484922 -0.119141
0.484375 -0.117187
0.439453 -0.0559341
0.443359 -0.0552459
0.447266 -0.054895
0.451172 -0.0549782
0.453871 -0.0332031
0.455078 -0.0556055
0.458984 -0.0570309
0.462186 -0.0605469
0.461127 -0.0583862
0.455078 -0.0338346
0.459576 -0.0356645
0.457501 -0.0350333
0.462891 -0.0367501
0.466797 -0.037357
0.439453 -0.0250785
0.443359 -0.0277805
0.443359 -0.0277805
0.439453 -0.0165689
0.442697 -0.0175781
0.447266 -0.0299224
0.449607 -0.0311061
0.452747 -0.0237106
0.450635 -0.0214844
0.449172 -0.0158511
0.450635 -0.0214844
0.449534 -0.0179
0.439453 -0.0134242
0.445193 -0.0136719
0.445193 -0.0136719
0.448984 -0.00976562
0.449253 -0.0150842
0.448984 -0.00976562
0.449368 -0.00585938
0.44827 -0.00195312
0.449368 -0.00585938
0.455078 -0.0248582
0.460208 -0.0275643
0.455959 -0.0253906
0.455078 -0.0248582
0.462891 -0.028418
0.462891 -0.028418
0.466797 -0.0290076
0.456422 -0.000390681
0.458366 -9.19797e-05
0.461519 -0.000468288
0.464844 -7.41041e-12
0.470703 -0.0374482
0.474609 -0.037407
0.478516 -0.0373544
0.482422 -0.0365386
0.486328 -0.0349676
0.486328 -0.0349676
0.490234 -0.0330242
0.494141 -0.0316819
0.498047 -0.0327088
0.470703 -0.0288983
0.474609 -0.0281703
0.478516 -0.0267809
0.478516 -0.0267809
0.482422 -0.0246062
0.482422 -0.0246062
0.476562 -0.0078125
0.478939 -0.0078904
0.480564 -0.00793157
0.479186 -0.00735809
0.480534 -0.00722187
0.486328 -0.0218227
0.490234 -0.0186873
0.490234 -0.0186873
0.498047 -0.024789
0.495457 -0.0199873
0.494141 -0.0165314
0.498047 -0.0209932
0.49564 -0.0136719
0.49564 -0.0136719
0.498155 -0.00976562
0.500416 -0.00585938
0.00458049 0.00195312
0.00559037 0.00585938
0.00693206 0.00976562
0.00871184 0.0136719
0.00871184 0.0136719
0.0106768 0.0175781
0.0126053 0.0214844
0.0126053 0.0214844
0.0144089 0.0253906
0.0157974 0.0292969
0.0157974 0.0292969
0.00976562 0.0449219
0.0169348 0.0332031
0.0177144 0.0371094
0.0184125 0.0410156
0.0194021 0.0449219
0.0194021 0.0449219
0.0210959 0.0488281
0.0240648 0.0527344
0.0253906 0.0539939
0.0253906 0.0539939
0.0292969 0.0573647
0.0292969 0.0573647
0.0414745 0.0177461
0.040391 0.0214844
0.0445541 0.0161749
0.0429688 0.0234375
0.0421557 0.0240763
0.0449219 0.0250439
0.0488281 0.0167845
0.051987 0.0181892
0.0530508 0.0214844
0.0488281 0.0248204
0.0515765 0.0240658
0.0332031 0.0609037
0.00195312 0.0722656
0.00976562 0.0722656
0.0175781 0.0722656
0.00362619 0.124762
0.00585938 0.124319
0.00976562 0.126077
0.0332031 0.0609037
0.0371094 0.064595
0.0406924 0.0683594
0.0406924 0.0683594
0.0440185 0.0722656
0.0440185 0.0722656
0.0473538 0.0761719
0.0473538 0.0761719
0.0488281 0.077707
0.0527344 0.0807899
0.0566406 0.0827539
0.0566406 0.0827539
0.0605469 0.0839662
0.0351562 0.125
0.0410156 0.125493
0.0846058 0.00195312
0.0851045 0.00585938
0.0858996 0.00976562
0.0858996 0.00976562
0.0868656 0.0136719
0.0879599 0.0175781
0.0891816 0.0214844
0.0904314 0.0253906
0.0904314 0.0253906
0.0916748 0.0292969
0.0929826 0.0332031
0.0943665 0.0371094
0.0929826 0.0332031
0.0943665 0.0371094
0.095833 0.0410156
0.097388 0.0449219
0.097388 0.0449219
0.0990811 0.0488281
0.101038 0.0527344
0.101038 0.0527344
0.103351 0.0566406
0.106225 0.0605469
0.106225 0.0605469
0.0644531 0.0846613
0.0683594 0.0851058
0.0722656 0.0853538
0.0761719 0.0854559
0.0800781 0.0854013
0.0839844 0.0851708
0.0878906 0.0847919
0.0917969 0.0843288
0.109788 0.0644531
0.0957031 0.0838604
0.0996094 0.0834446
0.103516 0.0831113
0.107422 0.0828779
0.111328 0.0659063
0.111328 0.0659063
0.115234 0.0691193
0.115234 0.0691193
0.119141 0.0717128
0.123047 0.0737776
0.123047 0.0737776
0.111328 0.0827702
0.115234 0.0828237
0.119141 0.0830678
0.123047 0.083559
0.00256694 0.127196
0.000952057 0.130859
0.00585938 0.124319
0.000796525 0.134766
0.00193818 0.138672
0.00976562 0.126077
0.0136719 0.127984
0.00347732 0.142578
0.00347732 0.142578
0.00533954 0.146484
-0.00111704 0.154297
0.00761216 0.150391
0.00761216 0.150391
0.0102959 0.154297
0.0175781 0.12925
0.0175781 0.12925
0.0214844 0.129979
0.0253906 0.130201
0.0292969 0.129793
0.0292969 0.129793
0.00190527 0.158203
0.00530104 0.162109
0.00530104 0.162109
0.0090644 0.166016
0.0132777 0.158203
0.0132777 0.158203
0.0136719 0.158628
0.00976562 0.166685
0.00976562 0.166685
0.0136719 0.170072
0.00195312 0.181643
0.00585938 0.184427
0.00585938 0.184427
0.00976562 0.186714
0.0171717 0.162109
0.0194694 0.164111
0.0157823 0.171771
0.0214844 0.165681
0.0218978 0.166016
0.0276424 0.169922
0.0292969 0.170869
0.0188369 0.173828
0.0214844 0.175532
0.0214844 0.175532
0.0234375 0.175781
0.0252236 0.177734
0.0292969 0.179758
0.0292969 0.179758
0.0332031 0.128793
0.0332031 0.128793
0.0371094 0.126908
0.0410156 0.125493
0.0449219 0.125732
0.0488281 0.12772
0.0488281 0.12772
0.0527344 0.130752
0.0527344 0.130752
0.0566406 0.134047
0.0566406 0.134047
0.0605469 0.136707
0.0605469 0.136707
0.0332031 0.172625
0.0332031 0.172625
0.0371094 0.174058
0.0332031 0.180942
0.0371094 0.182045
0.0408924 0.175241
0.0427889 0.175804
0.0449219 0.176364
0.040837 0.183177
0.04269 0.183678
0.0449219 0.184414
0.0488281 0.177475
0.0527344 0.178067
0.0488281 0.185738
0.0527344 0.187281
0.0566406 0.17822
0.0605469 0.178004
0.00195312 0.19743
0.00585938 0.199064
0.00585938 0.199064
0.00976562 0.186714
0.0136719 0.188776
0.00976562 0.200569
0.0136719 0.201871
0.000669708 0.217479
0.0175781 0.190462
0.0214844 0.191987
0.0214844 0.191987
0.0175781 0.202921
0.0253906 0.193323
0.0292969 0.194466
0.0175781 0.202921
0.0214844 0.203856
0.0253906 0.20471
0.0292969 0.205502
0.0022273 0.220703
0.000985199 0.225778
0.00496518 0.221932
0.00677626 0.223289
0.00310768 0.227102
0.00354081 0.234187
0.00522541 0.22901
0.00705809 0.232422
0.0092413 0.225413
0.0107597 0.227023
0.00705809 0.232422
0.0136719 0.229083
0.00302948 0.236328
0.00195312 0.238574
0.0039493 0.238332
0.00279731 0.245269
0.00276815 0.248047
0.00506621 0.245817
0.00730727 0.246873
0.0115481 0.236328
0.0136719 0.237907
0.0136719 0.237907
0.0081342 0.248047
0.0175781 0.229182
0.0214844 0.229312
0.0214844 0.229312
0.0253906 0.230378
0.0253906 0.230378
0.0292969 0.231309
0.0175781 0.239102
0.0175781 0.239102
0.0214844 0.239834
0.0253906 0.23988
0.0292969 0.238947
0.0332031 0.195371
0.0332031 0.195371
0.0371094 0.196047
0.0410156 0.196513
0.0449219 0.19693
0.0332031 0.20616
0.0371094 0.20651
0.0410156 0.206425
0.0449219 0.206028
0.0527344 0.187281
0.0488281 0.197677
0.0520474 0.19865
0.0566357 0.201172
0.0566406 0.188904
0.0605469 0.190657
0.0605469 0.190657
0.0566357 0.201172
0.0593111 0.20282
0.0488281 0.205815
0.0527344 0.205857
0.0561701 0.206747
0.058537 0.208984
0.0605469 0.203812
0.058537 0.208984
0.0617754 0.211444
0.0332031 0.231609
0.0371094 0.232199
0.0410156 0.231075
0.0458992 0.230283
0.0460706 0.230647
0.0334342 0.238145
0.0341006 0.238319
0.0354626 0.23824
0.0371094 0.239224
0.0429506 0.238278
0.0406181 0.238715
0.0449219 0.237041
0.0488281 0.229581
0.0507569 0.234113
0.0527344 0.228
0.0517833 0.233131
0.0566406 0.228382
0.0605469 0.229213
0.0487316 0.235098
0.0539552 0.234859
0.0545896 0.238437
0.0566406 0.240179
0.0566406 0.240179
0.0605469 0.240854
0.0644531 0.138614
0.0683594 0.139934
0.0722656 0.140808
0.0761719 0.141346
0.0722656 0.140808
0.0761719 0.141346
0.0800781 0.14202
0.0839844 0.142979
0.0878906 0.143959
0.0878906 0.143959
0.0906911 0.146484
0.0930308 0.150391
0.0934636 0.154297
0.0644531 0.177417
0.0683594 0.176408
0.0722656 0.174968
0.0761719 0.173061
0.0800781 0.170728
0.0839844 0.167827
0.0839844 0.167827
0.0896911 0.162109
0.0921386 0.158203
0.0896911 0.162109
0.0878906 0.164182
0.0800781 0.170728
0.0934636 0.154297
0.126084 0.146484
0.119944 0.154297
0.122932 0.150391
0.119944 0.154297
0.104739 0.178169
0.108451 0.175716
0.107505 0.176021
0.104098 0.181641
0.107422 0.181295
0.107422 0.187656
0.113257 0.160119
0.112999 0.162109
0.115712 0.158203
0.112999 0.162109
0.113854 0.166016
0.113854 0.166016
0.116443 0.169922
0.119141 0.155116
0.116443 0.169922
0.110088 0.175324
0.110227 0.177734
0.109693 0.180095
0.119259 0.173828
0.121541 0.177734
0.121541 0.177734
0.12069 0.181641
0.119334 0.185547
0.12069 0.181641
0.0644531 0.192365
0.0644531 0.192365
0.0683594 0.193801
0.0722656 0.19487
0.0761719 0.19556
0.0722656 0.19487
0.0761719 0.19556
0.0644531 0.204721
0.0683263 0.206251
0.0702129 0.207085
0.0644531 0.213129
0.0683594 0.213561
0.0727404 0.208174
0.0761719 0.209255
0.0722656 0.213709
0.0761719 0.212129
0.0800781 0.195814
0.0800781 0.195814
0.0839844 0.195648
0.0878906 0.195162
0.0917969 0.194636
0.0878906 0.195162
0.0806838 0.206377
0.0788638 0.208984
0.0839844 0.205461
0.0859177 0.210904
0.0807349 0.211153
0.083309 0.211349
0.0864586 0.206396
0.0867336 0.208984
0.0932097 0.210373
0.0897753 0.210958
0.0914117 0.212891
0.0923216 0.216211
0.0644531 0.230176
0.0644531 0.230176
0.0683594 0.231324
0.0722656 0.232825
0.0761719 0.23431
0.0644531 0.241056
0.0683594 0.241241
0.0722656 0.241848
0.0761719 0.23431
0.0722656 0.241848
0.0761719 0.243162
0.0917969 0.234583
0.0800781 0.235143
0.0839844 0.235388
0.0800781 0.244782
0.0839844 0.245758
0.0839844 0.245758
0.0878906 0.235254
0.0917969 0.234583
0.0878906 0.247508
0.0957031 0.193894
0.0996094 0.192579
0.0996094 0.192579
0.103516 0.192562
0.103516 0.192562
0.107422 0.187656
0.107422 0.193124
0.105456 0.195313
0.105669 0.195382
0.0957031 0.207621
0.0957031 0.207621
0.0996094 0.206838
0.0996094 0.206838
0.0957031 0.216999
0.0996094 0.217284
0.103516 0.208004
0.103516 0.208004
0.105928 0.210185
0.103516 0.216136
0.106491 0.212891
0.111328 0.191292
0.111328 0.191292
0.115234 0.19041
0.115234 0.19041
0.117831 0.188265
0.0957031 0.233494
0.0996094 0.231991
0.103516 0.230563
0.103516 0.230563
0.107422 0.229438
0.0968471 0.241709
0.099313 0.241642
0.0964472 0.244141
0.0963395 0.248919
0.0996094 0.245835
0.0996094 0.245835
0.103516 0.246148
0.103516 0.246148
0.107422 0.246517
0.111328 0.228493
0.115234 0.227708
0.123047 0.226553
0.119141 0.227043
0.123047 0.226553
0.111328 0.246641
0.115234 0.246909
0.119141 0.247534
0.123047 0.248202
0.136773 0.00585938
0.137047 0.00195312
0.136773 0.00585938
0.136815 0.00976562
0.136815 0.00976562
0.137396 0.0136719
0.138244 0.0175781
0.139445 0.0214844
0.140142 0.0241205
0.139445 0.0214844
0.142578 0.0259171
0.146484 0.0266469
0.154297 0.0235792
0.150391 0.0256839
0.154297 0.0235792
0.165296 0.0136719
0.171363 0.00585938
0.168539 0.00976562
0.165296 0.0136719
0.168539 0.00976562
0.158203 0.0205453
0.158203 0.0205453
0.162109 0.0170296
0.173737 0.00195312
0.171363 0.00585938
0.181641 0.0136719
0.185029 0.0292969
0.185547 0.028745
0.185029 0.0292969
0.179483 0.0410156
0.179261 0.0449219
0.182208 0.0332031
0.180429 0.0371094
0.179483 0.0410156
0.179712 0.0488281
0.179712 0.0488281
0.180772 0.0527344
0.182398 0.0566406
0.184487 0.0605469
0.184487 0.0605469
0.126953 0.0753931
0.130859 0.0767045
0.134766 0.0777843
0.126953 0.0843321
0.130859 0.0853989
0.130859 0.0853989
0.134766 0.0777843
0.138672 0.0785302
0.134766 0.0868211
0.138672 0.0883606
0.154297 0.0779571
0.142578 0.07894
0.146484 0.0789421
0.142578 0.0900954
0.142578 0.0900954
0.146484 0.0919367
0.150391 0.0785517
0.154297 0.0779571
0.150391 0.0938483
0.150391 0.0938483
0.154297 0.0958075
0.158203 0.0772731
0.162109 0.0767412
0.166016 0.0766806
0.169922 0.0773212
0.173828 0.0788073
0.186982 0.0644531
0.173828 0.0788073
0.177734 0.0808498
0.177734 0.0808498
0.181641 0.083708
0.181994 0.0839844
0.185714 0.0878906
0.188344 0.0917969
0.158203 0.0979388
0.158203 0.0979388
0.162109 0.100059
0.166016 0.102169
0.166016 0.102169
0.169922 0.10403
0.173828 0.105649
0.173828 0.105649
0.177734 0.106714
0.189081 0.0996094
0.181641 0.106971
0.185547 0.10517
0.185547 0.10517
0.193359 0.0230413
0.189453 0.025315
0.193359 0.0230413
0.197266 0.0216316
0.201172 0.0209058
0.205078 0.0207379
0.208984 0.0210772
0.212891 0.0218754
0.216797 0.0231024
0.216797 0.0231024
0.194175 0.0456276
0.197266 0.0449327
0.199478 0.0463181
0.193689 0.0488281
0.194327 0.0514636
0.198354 0.0496115
0.197266 0.0513839
0.220703 0.0248564
0.224609 0.0271873
0.224609 0.0271873
0.228516 0.0302066
0.236328 0.0016114
0.240234 0.00480413
0.240234 0.00480413
0.244141 0.00787652
0.244141 0.00787652
0.248047 0.0107675
0.248047 0.0107675
0.228516 0.0302066
0.231671 0.0332031
0.23478 0.0371094
0.23478 0.0371094
0.236928 0.0410156
0.238452 0.0449219
0.238452 0.0449219
0.239165 0.0488281
0.239287 0.0527344
0.238364 0.0605469
0.238964 0.0566406
0.238364 0.0605469
0.186982 0.0644531
0.189883 0.0683594
0.193105 0.0722656
0.196243 0.0761719
0.196243 0.0761719
0.188344 0.0917969
0.1988 0.0800781
0.1988 0.0800781
0.200908 0.0839844
0.202819 0.0878906
0.204667 0.0917969
0.202819 0.0878906
0.204667 0.0917969
0.20768 0.0892768
0.207561 0.0924795
0.18934 0.0957031
0.189081 0.0996094
0.187892 0.103516
0.206214 0.0957031
0.207949 0.0996094
0.209718 0.103516
0.211275 0.107422
0.211411 0.100835
0.209718 0.103516
0.211275 0.107422
0.213271 0.111328
0.21551 0.115234
0.21551 0.115234
0.216693 0.119141
0.216966 0.123047
0.237768 0.0644531
0.237337 0.0683594
0.237275 0.0722656
0.237665 0.0761719
0.23854 0.0800781
0.23854 0.0800781
0.239958 0.0839844
0.242008 0.0878906
0.242008 0.0878906
0.24485 0.0917969
0.24485 0.0917969
0.216966 0.123047
0.248047 0.0950257
0.130859 0.14171
0.134766 0.138854
0.138672 0.136809
0.138672 0.136809
0.126953 0.145544
0.126084 0.146484
0.130859 0.14171
0.142578 0.135224
0.146484 0.134119
0.150391 0.13335
0.154297 0.132901
0.150391 0.13335
0.154297 0.132901
0.158203 0.132756
0.162109 0.132932
0.162109 0.132932
0.166016 0.133448
0.166016 0.133448
0.169922 0.134335
0.173828 0.135623
0.177734 0.13728
0.177734 0.13728
0.181641 0.139331
0.185547 0.141444
0.185547 0.141444
0.126953 0.226301
0.130859 0.226295
0.134766 0.226569
0.134766 0.226569
0.138672 0.227116
0.126953 0.248739
0.130859 0.248993
0.134766 0.249292
0.138672 0.249911
0.142578 0.227813
0.146484 0.228517
0.150391 0.229115
0.154297 0.22962
0.158203 0.230156
0.158203 0.230156
0.162109 0.2309
0.162109 0.2309
0.166016 0.231978
0.169922 0.233524
0.169922 0.233524
0.173828 0.235422
0.177734 0.237548
0.177734 0.237548
0.181641 0.239794
0.185547 0.24204
0.185547 0.24204
0.189453 0.143688
0.189453 0.143688
0.193359 0.145889
0.197266 0.148065
0.197266 0.148065
0.201172 0.150016
0.210937 0.128906
0.210937 0.128906
0.216451 0.126953
0.212211 0.131202
0.216451 0.126953
0.217359 0.130859
0.213814 0.133106
0.215559 0.132971
0.205078 0.151929
0.208984 0.15297
0.216797 0.146484
0.212891 0.153629
0.216797 0.15446
0.220703 0.128453
0.217359 0.130859
0.222965 0.131353
0.221922 0.134766
0.221922 0.134766
0.223326 0.138672
0.223647 0.146484
0.223939 0.142578
0.223647 0.146484
0.222277 0.150391
0.220703 0.15251
0.222277 0.150391
0.189453 0.24401
0.193359 0.245558
0.193359 0.245558
0.197266 0.246824
0.201172 0.247864
0.205078 0.249002
0.208984 0.25026
0.23365 0.214193
0.23276 0.216797
0.236328 0.2134
0.23276 0.216797
0.240234 0.21314
0.238571 0.21868
0.244141 0.212846
0.247139 0.213938
0.248697 0.216797
0.23368 0.219194
0.236467 0.219278
0.240234 0.219104
0.244141 0.21949
0.246903 0.219231
0.00380179 0.253659
0.00195312 0.25469
0.00543056 0.251289
0.00453636 0.255859
0.00195312 0.259963
0.00472221 0.259195
0.00812758 0.250538
0.000464925 0.300113
0.00078776 0.302734
0.000346404 0.306641
-0.000950778 0.310547
0.0185987 0.346757
0.0178474 0.349609
0.0214844 0.346103
0.0188869 0.352078
0.0214844 0.352519
0.0253906 0.346613
0.0273437 0.347656
0.028898 0.346914
0.0308505 0.349609
0.0253906 0.352869
0.0290993 0.352491
0.0319495 0.347267
0.0323282 0.349609
0.0385071 0.347256
0.0382221 0.349609
0.0410156 0.346526
0.0444706 0.346679
0.045755 0.349609
0.0410156 0.352213
0.0441973 0.352279
0.0733258 0.260363
0.0724852 0.263672
0.0761719 0.258305
0.0761719 0.264733
0.0738852 0.265948
0.0763094 0.267384
0.0796051 0.259766
0.0786976 0.263672
0.0917969 0.250681
0.0893034 0.265249
0.0930632 0.265506
0.0805413 0.267578
0.0800781 0.271823
0.0823982 0.26913
0.083974 0.271484
0.0830063 0.273771
0.0890748 0.267869
0.0870145 0.269769
0.0908983 0.268121
0.0926348 0.269549
0.0957031 0.251422
0.0947934 0.254084
0.0980409 0.250347
0.0976678 0.253918
0.0939523 0.261712
0.0951559 0.264706
0.0976859 0.261714
0.104838 0.263891
0.107422 0.261901
0.0946485 0.267578
0.0939105 0.269634
0.104602 0.267078
0.107422 0.26782
0.1098 0.264665
0.120032 0.25687
0.123047 0.256887
0.119803 0.259766
0.120546 0.262175
0.123047 0.26247
0.110429 0.26761
0.110669 0.271838
0.115154 0.271484
0.115234 0.275103
0.117953 0.275391
0.117195 0.277348
0.0262453 0.420351
0.0292969 0.418815
0.0256838 0.423828
0.0267973 0.426207
0.0292969 0.42664
0.0326182 0.420074
0.0331058 0.423828
0.0315209 0.425981
0.0502915 0.435732
0.0532064 0.432935
0.0513461 0.43436
0.0556315 0.433197
0.057952 0.434146
0.0595332 0.435628
0.0505069 0.438019
0.0525314 0.439937
0.0571361 0.44056
0.0595785 0.439163
0.116911 0.419922
0.120296 0.417588
0.116911 0.419922
0.123047 0.417841
0.119719 0.42283
0.123047 0.423701
0.125574 0.2576
0.129006 0.259766
0.126953 0.262772
0.129006 0.259766
0.130693 0.262832
0.138672 0.249911
0.132919 0.261174
0.132934 0.261947
0.142578 0.250365
0.146484 0.251008
0.150391 0.25266
0.154297 0.255529
0.154297 0.255529
0.156214 0.267578
0.154649 0.255859
0.158203 0.259755
0.159427 0.259766
0.165694 0.263672
0.164329 0.26149
0.165694 0.263672
0.158427 0.267578
0.1599 0.269691
0.162109 0.264534
0.162109 0.269985
0.166016 0.26645
0.166016 0.270382
0.169922 0.268133
0.169922 0.268133
0.166016 0.274079
0.168069 0.273674
0.185547 0.265336
0.173828 0.268567
0.177734 0.267755
0.181641 0.26654
0.185547 0.265336
0.175752 0.285095
0.177734 0.283301
0.176272 0.287109
0.175781 0.292969
0.175777 0.296853
0.177755 0.291016
0.176251 0.294922
0.181641 0.282984
0.183488 0.285597
0.183895 0.284585
0.183847 0.287301
0.183067 0.291016
0.183228 0.294874
0.183618 0.289394
0.175469 0.297613
0.176753 0.299777
0.178932 0.301117
0.182474 0.299622
0.180944 0.301323
0.18396 0.297768
0.189453 0.264627
0.193359 0.264832
0.197266 0.265839
0.197266 0.265839
0.201172 0.267282
0.208984 0.25026
0.212891 0.251547
0.216797 0.252815
0.205078 0.268793
0.208984 0.270108
0.208984 0.270108
0.212891 0.271352
0.216797 0.272744
0.216797 0.272744
0.220703 0.254041
0.220703 0.254041
0.224609 0.255115
0.228516 0.256107
0.232422 0.257074
0.220703 0.274416
0.224609 0.276482
0.224609 0.276482
0.228516 0.278625
0.232422 0.280799
0.236328 0.258111
0.236328 0.258111
0.240234 0.259261
0.244141 0.260614
0.248047 0.262093
0.248047 0.262093
0.222654 0.296869
0.224609 0.294473
0.232422 0.280799
0.228091 0.295325
0.222656 0.296875
0.224204 0.299201
0.226419 0.300829
0.228912 0.298828
0.227333 0.30106
0.236328 0.28271
0.240234 0.28438
0.244141 0.285668
0.244141 0.285668
0.248047 0.286922
0.126953 0.417487
0.130859 0.417213
0.132772 0.418056
0.133722 0.417373
0.13499 0.419922
0.126953 0.424636
0.130597 0.423284
0.129798 0.427734
0.12884 0.429855
0.130645 0.431806
0.132951 0.425358
0.136284 0.426191
0.137426 0.428294
0.135027 0.43273
0.137669 0.431407
0.202948 0.40214
0.20209 0.404297
0.205078 0.40086
0.208984 0.40058
0.21174 0.401752
0.214026 0.404297
0.202758 0.406667
0.205078 0.407695
0.208984 0.407717
0.211923 0.406928
0.24556 0.437237
0.248848 0.437345
0.242172 0.441351
0.24207 0.441712
0.243984 0.439453
0.244409 0.443359
0.247068 0.437819
0.248047 0.444643
0.246058 0.44533
0.24989 0.445333
0.251953 0.0133654
0.255859 0.015603
0.255859 0.015603
0.259766 0.0171928
0.263672 0.0183293
0.279297 0.0154093
0.267578 0.0187907
0.271484 0.0185724
0.275391 0.0175945
0.279297 0.0154093
0.253839 0.0467488
0.255859 0.0461959
0.261719 0.03125
0.25827 0.0463902
0.255947 0.0485213
0.258409 0.0488281
0.285354 0.00585938
0.286096 0.00195312
0.285354 0.00585938
0.283805 0.00976562
0.281172 0.0136719
0.265385 0.0660704
0.265472 0.067853
0.251953 0.0917969
0.267578 0.0655301
0.266393 0.069486
0.270044 0.0659152
0.270528 0.0683594
0.268217 0.0704611
0.280568 0.0683594
0.28058 0.0703284
0.251953 0.0979178
0.251953 0.0979178
0.255859 0.100063
0.259766 0.101787
0.259766 0.101787
0.263672 0.103313
0.267578 0.10466
0.271484 0.105599
0.271484 0.105599
0.275391 0.105949
0.279297 0.10569
0.279297 0.10569
0.281259 0.0663977
0.281283 0.0683594
0.285156 0.0664062
0.313023 0.0644531
0.312565 0.0722656
0.312278 0.0761719
0.298828 0.0940699
0.302734 0.0907648
0.302734 0.0907648
0.310002 0.0839844
0.311545 0.0800781
0.310002 0.0839844
0.306641 0.0880915
0.306641 0.0880915
0.3068 0.0878906
0.283203 0.104913
0.287109 0.103591
0.291016 0.101472
0.297296 0.0957031
0.294922 0.0981655
0.291016 0.101472
0.285116 0.12496
0.297296 0.0957031
0.329458 0.00195312
0.330346 0.00499904
0.334122 0.00195312
0.333984 0.0052082
0.320312 0.046875
0.322266 0.0456292
0.326172 0.0434748
0.326172 0.0434748
0.316732 0.0527344
0.319101 0.0488281
0.316732 0.0527344
0.31507 0.0566406
0.313759 0.0605469
0.319101 0.0488281
0.327985 0.0622015
0.330078 0.0428305
0.333984 0.0432404
0.333984 0.0432404
0.337891 0.0446305
0.341797 0.0465377
0.330078 0.0607366
0.332852 0.061893
0.341797 0.0465377
0.34375 0.0234375
0.347656 0.0273438
0.376459 0.00976562
0.373351 0.0136719
0.37124 0.0214844
0.372141 0.0175781
0.37124 0.0214844
0.370606 0.0253906
0.370902 0.0292969
0.370606 0.0253906
0.370902 0.0292969
0.345703 0.0483556
0.345703 0.0483556
0.349609 0.0498425
0.351875 0.0527344
0.351875 0.0527344
0.354211 0.0566406
0.355289 0.0587578
0.357422 0.0600645
0.357422 0.0600645
0.372995 0.0332031
0.372995 0.0332031
0.359563 0.0605469
0.313023 0.0644531
0.312714 0.0683594
0.312565 0.0722656
0.32891 0.0644531
0.331059 0.0669111
0.334967 0.0644531
0.333984 0.0673207
0.335972 0.0664625
0.342419 0.0807
0.358799 0.0637216
0.358399 0.0673536
0.361328 0.0635838
0.36171 0.0668121
0.365234 0.0653521
0.365234 0.0653521
0.369141 0.0659012
0.369141 0.0659012
0.373047 0.0656125
0.373047 0.0656125
0.261688 0.132782
0.296559 0.147854
0.296555 0.150391
0.296841 0.152395
0.298828 0.146201
0.302734 0.146611
0.296927 0.1521
0.298828 0.153777
0.304667 0.152225
0.302734 0.153673
0.304872 0.148151
0.30517 0.150391
0.30491 0.152644
0.319641 0.143526
0.319784 0.146484
0.320257 0.148483
0.322266 0.142848
0.322995 0.147949
0.324242 0.144645
0.322 0.148553
0.355204 0.131179
0.359221 0.128858
0.356504 0.130648
0.355221 0.133179
0.360349 0.134766
0.358932 0.147285
0.358261 0.149902
0.359272 0.15237
0.361328 0.130146
0.365234 0.130252
0.360349 0.134766
0.363288 0.136628
0.364485 0.138672
0.369141 0.130999
0.371261 0.132595
0.370871 0.139548
0.372035 0.134766
0.371377 0.138091
0.362545 0.142578
0.361997 0.146484
0.363315 0.140954
0.363876 0.148308
0.362071 0.149315
0.363247 0.15235
0.365234 0.149898
0.369141 0.144772
0.369141 0.144772
0.371142 0.140754
0.359363 0.156472
0.359515 0.156613
0.355461 0.207027
0.353191 0.208984
0.357422 0.206947
0.354086 0.212262
0.357422 0.213035
0.361328 0.206811
0.361328 0.207741
0.365234 0.206231
0.366318 0.20737
0.361328 0.212228
0.365234 0.21176
0.368094 0.20671
0.370427 0.208984
0.373113 0.205224
0.376604 0.208984
0.368842 0.211702
0.373047 0.211866
0.376953 0.0090383
0.382812 0.00390625
0.380859 0.00696139
0.376459 0.00976562
0.380859 0.00696139
0.384766 0.0046626
0.384766 0.0046626
0.388672 0.00240752
0.392578 0.000911269
0.396484 -5.08347e-05
0.398534 5.29647e-05
0.376953 0.036568
0.377478 0.0371094
0.377478 0.0371094
0.381023 0.0410156
0.382031 0.0449219
0.382406 0.0488281
0.382673 0.0527344
0.38233 0.0566406
0.380896 0.0605469
0.394455 0.0350796
0.39453 0.0353054
0.395043 0.0351517
0.397096 0.0356491
0.398413 0.0429338
0.402143 0.0429342
0.400391 0.0445963
0.402456 0.0429156
0.403623 0.0449219
0.398108 0.0479895
0.400391 0.0495897
0.402344 0.0507813
0.403382 0.0485298
0.402348 0.0507841
0.409822 0.00201798
0.409822 0.00442733
0.411035 0.000481112
0.412109 0.00543736
0.415083 0.00195312
0.415028 0.00504364
0.376953 0.0641493
0.379168 0.0627394
0.445502 0.00585938
0.444936 0.00976562
0.444724 0.0136719
0.446644 0.00195312
0.445502 0.00585938
0.444936 0.00976562
0.445144 0.0175781
0.445144 0.0175781
0.446074 0.0214844
0.448434 0.0253906
0.451172 0.0272427
0.451172 0.0272427
0.455953 0.00195312
0.456718 0.00412278
0.460707 0.00195312
0.458984 0.0040846
0.46146 0.00195312
0.460938 0.00390625
0.464844 7.91468e-17
0.455078 0.0285143
0.458984 0.0293384
0.462891 0.0298167
0.466797 0.0293806
0.470703 0.0279362
0.470703 0.0279362
0.474609 0.0262846
0.478516 0.0255231
0.482422 0.0246379
0.486328 0.0231017
0.490234 0.0216646
0.486328 0.0231017
0.494141 0.0205739
0.498047 0.0200879
0.382748 0.136927
0.386507 0.132739
0.386924 0.132746
0.384735 0.134731
0.384706 0.138795
0.388803 0.134729
0.388618 0.138653
0.386192 0.140785
0.376517 0.203925
0.376604 0.208984
0.381043 0.204796
0.38228 0.209488
0.376953 0.21301
0.380363 0.211984
0.382963 0.2067
0.382943 0.207653
0.460875 0.242152
0.459723 0.244141
0.459962 0.248047
0.460968 0.242184
0.462891 0.24279
0.464527 0.249831
0.465477 0.244886
0.465199 0.247277
0.251953 0.263566
0.255859 0.265039
0.255859 0.265039
0.259766 0.266454
0.263672 0.267687
0.267578 0.268878
0.267578 0.268878
0.271484 0.270076
0.271484 0.270076
0.275391 0.27122
0.279297 0.272536
0.251953 0.288448
0.251953 0.288448
0.255859 0.290294
0.259766 0.292352
0.259766 0.292352
0.263672 0.293678
0.267578 0.294464
0.271484 0.295297
0.275391 0.295916
0.279297 0.295519
0.283203 0.274196
0.283203 0.274196
0.287109 0.276197
0.289068 0.27734
0.291536 0.279297
0.291536 0.279297
0.283203 0.294563
0.283203 0.294563
0.288561 0.291016
0.287109 0.29252
0.294075 0.283203
0.293398 0.287109
0.294075 0.283203
0.293398 0.287109
0.288561 0.291016
0.293349 0.289487
0.29213 0.304026
0.292748 0.308147
0.292908 0.309171
0.294922 0.308215
0.295087 0.310547
0.297253 0.310547
0.296183 0.312661
0.297732 0.31314
0.346856 0.280113
0.349609 0.277973
0.353307 0.279376
0.346067 0.283203
0.347089 0.285579
0.349609 0.285843
0.354478 0.283203
0.352662 0.285803
0.318359 0.32655
0.322266 0.326724
0.324224 0.328117
0.317251 0.330078
0.319303 0.332598
0.323793 0.330712
0.322189 0.332827
0.324298 0.329097
0.326879 0.369141
0.326842 0.372603
0.331028 0.366833
0.333984 0.366894
0.326879 0.369141
0.330078 0.373117
0.333984 0.373688
0.337891 0.366878
0.341193 0.366921
0.337891 0.373881
0.3434 0.367345
0.341797 0.373466
0.34392 0.367099
0.346387 0.369141
0.345645 0.372869
0.252425 0.438385
0.25217 0.444412
0.25545 0.439682
0.255521 0.443303
0.250197 0.445355
0.260487 0.443359
0.263914 0.440916
0.261728 0.441451
0.261257 0.445547
0.263672 0.446159
0.266982 0.44073
0.268623 0.443359
0.269806 0.441121
0.269929 0.443359
0.266914 0.44602
0.269882 0.445676
0.275391 0.484371
0.277441 0.484311
0.273089 0.486328
0.273182 0.48856
0.27334 0.499709
0.275391 0.488828
0.278349 0.486328
0.277721 0.488656
0.277253 0.496039
0.274853 0.49802
0.278943 0.495556
0.280269 0.496759
0.281869 0.498643
0.42149 0.269366
0.41974 0.271484
0.420107 0.275391
0.421875 0.277344
0.422241 0.269448
0.424157 0.270437
0.426392 0.272162
0.424514 0.27667
0.422013 0.27737
0.426288 0.274552
0.452861 0.253527
0.452872 0.255736
0.455078 0.252736
0.453655 0.257427
0.460299 0.251178
0.457926 0.255859
0.455333 0.257977
0.457534 0.25818
0.462891 0.251351
0.494661 0.307657
0.492787 0.310547
0.498047 0.307394
0.499984 0.308702
0.494629 0.313541
0.498047 0.314145
0.49587 0.359005
0.498047 0.358382
0.495896 0.360468
0.498047 0.361862
0.421649 0.490234
0.420729 0.494141
0.420301 0.498047
0.425477 0.482422
0.427734 0.479696
0.425477 0.482422
0.431641 0.476491
0.435547 0.474548
0.431641 0.476491
0.423166 0.486328
0.421649 0.490234
0.439453 0.473531
0.443359 0.473314
0.447266 0.473852
0.451172 0.475182
0.455078 0.477449
0.455078 0.477449
0.456689 0.478516
0.459975 0.482422
0.459975 0.482422
0.46216 0.486328
0.463575 0.490234
0.464447 0.494141
0.46486 0.498047
0.46486 0.498047
0.488084 0.476475
0.488355 0.476548
0.486446 0.478516
0.486563 0.482422
0.490234 0.477536
0.491215 0.483891
0.492765 0.479388
0.492829 0.482018
0.487972 0.484536
0.488718 0.484444
