-0.436558 -0.439453
-0.45251 -0.416016
-0.454258 -0.412109
-0.455892 -0.408203
-0.448291 -0.423828
-0.445784 -0.427734
-0.448291 -0.423828
-0.43997 -0.435547
-0.443009 -0.431641
-0.43997 -0.435547
-0.445784 -0.427734
-0.450481 -0.419922
-0.45251 -0.416016
-0.461 -0.392578
-0.457379 -0.404297
-0.458682 -0.400391
-0.457379 -0.404297
-0.459891 -0.396484
-0.461 -0.392578
-0.461944 -0.388672
-0.462791 -0.384766
-0.463568 -0.380859
-0.464297 -0.376953
-0.431641 -0.444368
-0.435547 -0.440528
-0.436558 -0.439453
-0.431641 -0.444368
-0.427734 -0.447783
-0.427734 -0.447783
-0.423828 -0.450826
-0.419922 -0.453563
-0.416016 -0.456022
-0.416016 -0.456022
-0.408203 -0.460235
-0.412109 -0.458261
-0.408203 -0.460235
-0.419922 -0.453563
-0.384766 -0.468502
-0.380859 -0.469395
-0.376953 -0.470174
-0.404297 -0.462043
-0.400391 -0.463635
-0.396484 -0.465081
-0.396484 -0.465081
-0.392578 -0.466368
-0.388672 -0.467503
-0.384766 -0.468502
-0.468831 -0.330078
-0.468989 -0.326172
-0.469124 -0.322266
-0.469242 -0.318359
-0.469343 -0.314453
-0.464958 -0.373047
-0.465536 -0.369141
-0.464958 -0.373047
-0.466054 -0.365234
-0.466516 -0.361328
-0.466922 -0.357422
-0.467285 -0.353516
-0.467616 -0.349609
-0.467918 -0.345703
-0.468191 -0.341797
-0.468435 -0.337891
-0.468649 -0.333984
-0.468831 -0.330078
-0.469427 -0.310547
-0.469496 -0.306641
-0.469546 -0.302734
-0.46958 -0.298828
-0.4696 -0.294922
-0.469609 -0.291016
-0.469608 -0.287109
-0.469597 -0.283203
-0.469577 -0.279297
-0.469546 -0.275391
-0.469505 -0.271484
-0.469454 -0.267578
-0.469396 -0.263672
-0.469332 -0.259766
-0.469263 -0.255859
-0.469188 -0.251953
-0.373047 -0.470846
-0.369141 -0.471424
-0.365234 -0.471917
-0.361328 -0.472335
-0.357422 -0.472694
-0.357422 -0.472694
-0.353516 -0.472999
-0.349609 -0.473257
-0.345703 -0.473474
-0.341797 -0.47366
-0.337891 -0.473821
-0.333984 -0.473965
-0.330078 -0.474098
-0.326172 -0.474227
-0.322266 -0.474357
-0.318359 -0.474491
-0.314453 -0.474633
-0.310547 -0.474786
-0.306641 -0.474953
-0.302734 -0.475133
-0.298828 -0.475328
-0.294922 -0.475538
-0.291016 -0.475761
-0.287109 -0.475997
-0.283203 -0.476244
-0.279297 -0.476501
-0.275391 -0.476766
-0.279297 -0.476501
-0.271484 -0.477041
-0.267578 -0.477324
-0.263672 -0.477612
-0.259766 -0.477904
-0.255859 -0.478198
-0.251953 -0.478494
-0.469107 -0.248047
-0.469021 -0.244141
-0.468927 -0.240234
-0.468831 -0.236328
-0.46873 -0.232422
-0.469021 -0.244141
-0.468927 -0.240234
-0.468831 -0.236328
-0.46873 -0.232422
-0.468626 -0.228516
-0.468521 -0.224609
-0.468413 -0.220703
-0.468303 -0.216797
-0.468189 -0.212891
-0.468074 -0.208984
-0.467957 -0.205078
-0.467838 -0.201172
-0.467717 -0.197266
-0.467594 -0.193359
-0.46747 -0.189453
-0.467344 -0.185547
-0.467216 -0.181641
-0.467085 -0.177734
-0.466954 -0.173828
-0.466821 -0.169922
-0.466692 -0.166016
-0.466558 -0.162109
-0.466423 -0.158203
-0.466289 -0.154297
-0.466155 -0.150391
-0.466021 -0.146484
-0.465887 -0.142578
-0.465753 -0.138672
-0.465619 -0.134766
-0.465485 -0.130859
-0.465351 -0.126953
-0.465218 -0.123047
-0.465084 -0.119141
-0.464951 -0.115234
-0.464817 -0.111328
-0.464951 -0.115234
-0.464817 -0.111328
-0.464686 -0.107422
-0.464554 -0.103516
-0.464421 -0.0996094
-0.464285 -0.0957031
-0.464148 -0.0917969
-0.464008 -0.0878906
-0.463868 -0.0839844
-0.463725 -0.0800781
-0.463579 -0.0761719
-0.463432 -0.0722656
-0.463282 -0.0683594
-0.463128 -0.0644531
-0.46297 -0.0605469
-0.462819 -0.0566406
-0.462658 -0.0527344
-0.462494 -0.0488281
-0.462326 -0.0449219
-0.462155 -0.0410156
-0.46198 -0.0371094
-0.461801 -0.0332031
-0.461619 -0.0292969
-0.461433 -0.0253906
-0.461244 -0.0214844
-0.461047 -0.0175781
-0.461047 -0.0175781
-0.460849 -0.0136719
-0.460849 -0.0136719
-0.460667 -0.00976562
-0.460481 -0.00585938
-0.46029 -0.00195312
-0.311614 -0.158203
-0.329237 -0.134766
-0.331831 -0.130859
-0.333576 -0.126953
-0.331831 -0.130859
-0.321781 -0.142578
-0.315917 -0.150391
-0.313681 -0.154297
-0.315917 -0.150391
-0.31861 -0.146484
-0.321781 -0.142578
-0.325508 -0.138672
-0.329237 -0.134766
-0.325508 -0.138672
-0.279498 -0.208984
-0.282759 -0.205078
-0.287918 -0.197266
-0.290078 -0.193359
-0.291954 -0.189453
-0.285608 -0.201172
-0.287918 -0.197266
-0.285608 -0.201172
-0.290078 -0.193359
-0.264992 -0.228516
-0.270232 -0.220703
-0.267694 -0.224609
-0.270232 -0.220703
-0.258869 -0.236328
-0.251953 -0.243235
-0.255859 -0.239495
-0.258869 -0.236328
-0.251953 -0.243235
-0.26213 -0.232422
-0.264992 -0.228516
-0.26213 -0.232422
-0.276123 -0.212891
-0.273035 -0.216797
-0.276123 -0.212891
-0.279498 -0.208984
-0.282759 -0.205078
-0.273035 -0.216797
-0.296318 -0.181641
-0.302163 -0.173828
-0.299067 -0.177734
-0.302163 -0.173828
-0.307621 -0.166016
-0.305124 -0.169922
-0.307621 -0.166016
-0.309796 -0.162109
-0.311614 -0.158203
-0.305124 -0.169922
-0.294005 -0.185547
-0.296318 -0.181641
-0.294005 -0.185547
-0.280201 -0.142578
-0.293071 -0.126953
-0.289785 -0.130859
-0.293071 -0.126953
-0.286626 -0.134766
-0.283508 -0.138672
-0.286626 -0.134766
-0.289785 -0.130859
-0.275391 -0.147397
-0.276389 -0.146484
-0.280201 -0.142578
-0.275391 -0.147397
-0.271484 -0.150358
-0.267578 -0.152457
-0.267578 -0.152457
-0.263672 -0.153728
-0.259766 -0.15413
-0.255859 -0.153805
-0.251953 -0.152804
-0.251953 -0.152804
-0.344001 -0.0917969
-0.346006 -0.0878906
-0.347681 -0.0839844
-0.349179 -0.0800781
-0.347681 -0.0839844
-0.351283 -0.0722656
-0.351794 -0.0683594
-0.352066 -0.0644531
-0.350434 -0.0761719
-0.351283 -0.0722656
-0.336128 -0.111328
-0.334524 -0.123047
-0.335083 -0.119141
-0.335553 -0.115234
-0.336128 -0.111328
-0.337126 -0.107422
-0.33853 -0.103516
-0.340106 -0.0996094
-0.342045 -0.0957031
-0.340106 -0.0996094
-0.313504 -0.103516
-0.316227 -0.0996094
-0.318589 -0.0957031
-0.316227 -0.0996094
-0.344001 -0.0917969
-0.328461 -0.0722656
-0.32954 -0.0683594
-0.330453 -0.0644531
-0.320674 -0.0917969
-0.322532 -0.0878906
-0.324249 -0.0839844
-0.325781 -0.0800781
-0.324249 -0.0839844
-0.320674 -0.0917969
-0.327208 -0.0761719
-0.328461 -0.0722656
-0.352126 -0.0605469
-0.35206 -0.0566406
-0.35195 -0.0527344
-0.351921 -0.0488281
-0.352142 -0.0449219
-0.352686 -0.0410156
-0.353423 -0.0371094
-0.354204 -0.0332031
-0.355042 -0.0292969
-0.355994 -0.0253906
-0.355042 -0.0292969
-0.357009 -0.0214844
-0.357826 -0.0175781
-0.358425 -0.0136719
-0.358865 -0.00976562
-0.359158 -0.00585938
-0.359322 -0.00195312
-0.331192 -0.0605469
-0.331761 -0.0566406
-0.332172 -0.0527344
-0.332445 -0.0488281
-0.332172 -0.0527344
-0.332607 -0.0449219
-0.332693 -0.0410156
-0.332745 -0.0371094
-0.332813 -0.0332031
-0.332962 -0.0292969
-0.333272 -0.0253906
-0.333817 -0.0214844
-0.334634 -0.0175781
-0.335746 -0.0136719
-0.337077 -0.00976562
-0.340331 -0.00195312
-0.338677 -0.00585938
-0.340331 -0.00195312
-0.335746 -0.0136719
-0.307273 -0.111328
-0.303767 -0.115234
-0.307273 -0.111328
-0.300128 -0.119141
-0.29653 -0.123047
-0.300128 -0.119141
-0.303767 -0.115234
-0.31052 -0.107422
-0.313504 -0.103516
-0.29653 -0.123047
-0.250021 -0.0761719
-0.252448 -0.0722656
-0.254602 -0.0683594
-0.256567 -0.0644531
-0.254602 -0.0683594
-0.258025 -0.0605469
-0.258931 -0.0566406
-0.258439 -0.0527344
-0.258025 -0.0605469
-0.258439 -0.0527344
-0.255859 -0.0497523
-0.251953 -0.0472114
-0.251953 -0.0472114
-0.248047 -0.47879
-0.244141 -0.479085
-0.240234 -0.479378
-0.236328 -0.479668
-0.232422 -0.479955
-0.228516 -0.480237
-0.224609 -0.480514
-0.224609 -0.480514
-0.220703 -0.480789
-0.216797 -0.48106
-0.212891 -0.481328
-0.208984 -0.481591
-0.205078 -0.481849
-0.201172 -0.482102
-0.197266 -0.482349
-0.193359 -0.48259
-0.189453 -0.482826
-0.185547 -0.483055
-0.181641 -0.483279
-0.177734 -0.483496
-0.173828 -0.483706
-0.162109 -0.484296
-0.158203 -0.48448
-0.169922 -0.483909
-0.166016 -0.484105
-0.162109 -0.484296
-0.158203 -0.48448
-0.154297 -0.484664
-0.150391 -0.484841
-0.146484 -0.485014
-0.142578 -0.485181
-0.138672 -0.485342
-0.134766 -0.485498
-0.130859 -0.485649
-0.126953 -0.485793
-0.244141 -0.249999
-0.236328 -0.25664
-0.240234 -0.253263
-0.240234 -0.253263
-0.236328 -0.25664
-0.224609 -0.267039
-0.220703 -0.2701
-0.220703 -0.2701
-0.232422 -0.260191
-0.232422 -0.260191
-0.228516 -0.263732
-0.224609 -0.267039
-0.201172 -0.281488
-0.197266 -0.283197
-0.193359 -0.284973
-0.193359 -0.284973
-0.189453 -0.2866
-0.216797 -0.272843
-0.212891 -0.275298
-0.216797 -0.272843
-0.208984 -0.277493
-0.208984 -0.277493
-0.205078 -0.279506
-0.201172 -0.281488
-0.181641 -0.289339
-0.185547 -0.28794
-0.181641 -0.289339
-0.177734 -0.290528
-0.173828 -0.291481
-0.169922 -0.292324
-0.166016 -0.293043
-0.166016 -0.293043
-0.162109 -0.293593
-0.158203 -0.293927
-0.154297 -0.294047
-0.150391 -0.29395
-0.146484 -0.29364
-0.142578 -0.293134
-0.142578 -0.293134
-0.138672 -0.29243
-0.134766 -0.291458
-0.130859 -0.290251
-0.126953 -0.288992
-0.126953 -0.288992
-0.123047 -0.485933
-0.119141 -0.486067
-0.115234 -0.486196
-0.111328 -0.486317
-0.107422 -0.486434
-0.103516 -0.486548
-0.0996094 -0.486656
-0.0957031 -0.48676
-0.0917969 -0.486858
-0.0878906 -0.486951
-0.0839844 -0.48704
-0.0800781 -0.487125
-0.0761719 -0.487205
-0.0722656 -0.487281
-0.0683594 -0.487352
-0.0644531 -0.487419
-0.0605469 -0.487482
-0.0566406 -0.487541
-0.0527344 -0.487596
-0.0488281 -0.487647
-0.0449219 -0.487694
-0.0410156 -0.487737
-0.0371094 -0.487776
-0.0332031 -0.487811
-0.0292969 -0.487843
-0.0253906 -0.48787
-0.0214844 -0.487894
-0.0175781 -0.487914
-0.0136719 -0.48793
-0.00976562 -0.487943
-0.00585938 -0.487953
-0.00195312 -0.487959
-0.123047 -0.287556
-0.119141 -0.28588
-0.119141 -0.28588
-0.115234 -0.284221
-0.111328 -0.282321
-0.107422 -0.280371
-0.107422 -0.280371
-0.103516 -0.27788
-0.103516 -0.27788
-0.0996094 -0.274552
-0.0967385 -0.271484
-0.0967385 -0.271484
-0.0935871 -0.267578
-0.0935871 -0.267578
-0.090727 -0.263672
-0.090727 -0.263672
-0.0881127 -0.259766
-0.0857773 -0.255859
-0.0857773 -0.255859
-0.0836851 -0.251953
-0.248047 -0.246703
-0.248047 -0.246703
-0.244141 -0.249999
-0.248047 -0.151036
-0.244141 -0.148485
-0.244141 -0.148485
-0.241828 -0.146484
-0.238228 -0.142578
-0.238228 -0.142578
-0.235562 -0.138672
-0.233514 -0.134766
-0.235562 -0.138672
-0.233514 -0.134766
-0.231995 -0.130859
-0.230957 -0.126953
-0.233586 -0.103516
-0.237545 -0.0957031
-0.235349 -0.0996094
-0.237545 -0.0957031
-0.230323 -0.123047
-0.230323 -0.123047
-0.230112 -0.119141
-0.230387 -0.115234
-0.231009 -0.111328
-0.230387 -0.115234
-0.232028 -0.107422
-0.233586 -0.103516
-0.242413 -0.0878906
-0.245008 -0.0839844
-0.247561 -0.0800781
-0.245008 -0.0839844
-0.239891 -0.0917969
-0.242413 -0.0878906
-0.250021 -0.0761719
-0.248047 -0.0455547
-0.244141 -0.0442084
-0.240234 -0.0430041
-0.240234 -0.0430041
-0.236328 -0.041852
-0.232422 -0.0406543
-0.228516 -0.0391357
-0.228516 -0.0391357
-0.224609 -0.0368007
-0.224609 -0.0368007
-0.222566 -0.0352417
-0.22083 -0.0332031
-0.218015 -0.0292969
-0.218015 -0.0292969
-0.216797 -0.0278739
-0.212891 -0.0247219
-0.208984 -0.0225388
-0.208984 -0.0225388
-0.205078 -0.0205322
-0.205078 -0.0205322
-0.201172 -0.0177464
-0.197266 -0.0138917
-0.197061 -0.0136719
-0.193912 -0.00976562
-0.193912 -0.00976562
-0.191213 -0.00585938
-0.191213 -0.00585938
-0.1888 -0.00195312
-0.0817239 -0.248047
-0.0817239 -0.248047
-0.0800944 -0.244141
-0.0785435 -0.240234
-0.0785435 -0.240234
-0.0771356 -0.236328
-0.0760356 -0.232422
-0.0749702 -0.228516
-0.0738677 -0.224609
-0.0738677 -0.224609
-0.0729758 -0.220703
-0.0721819 -0.216797
-0.0714384 -0.212891
-0.0707311 -0.208984
-0.069968 -0.205078
-0.0707311 -0.208984
-0.069968 -0.205078
-0.0693809 -0.201172
-0.0688309 -0.197266
-0.0683319 -0.193359
-0.0678308 -0.189453
-0.0673462 -0.185547
-0.0668967 -0.181641
-0.0664796 -0.177734
-0.0660949 -0.173828
-0.0664796 -0.177734
-0.0660949 -0.173828
-0.065785 -0.169922
-0.0654728 -0.166016
-0.0651768 -0.162109
-0.0648942 -0.158203
-0.064617 -0.154297
-0.0643315 -0.150391
-0.0640514 -0.146484
-0.0637846 -0.142578
-0.0635314 -0.138672
-0.0632928 -0.134766
-0.0630699 -0.130859
-0.0628542 -0.126953
-0.0626211 -0.123047
-0.0626211 -0.123047
-0.062337 -0.119141
-0.062079 -0.115234
-0.0618469 -0.111328
-0.0616271 -0.107422
-0.061413 -0.103516
-0.0612041 -0.0996094
-0.0609997 -0.0957031
-0.0607986 -0.0917969
-0.0606 -0.0878906
-0.0603971 -0.0839844
-0.0601939 -0.0800781
-0.0599939 -0.0761719
-0.0597977 -0.0722656
-0.0596052 -0.0683594
-0.0594162 -0.0644531
-0.0592307 -0.0605469
-0.0590491 -0.0566406
-0.0588729 -0.0527344
-0.0587007 -0.0488281
-0.0585129 -0.0449219
-0.0585129 -0.0449219
-0.0583218 -0.0410156
-0.0581412 -0.0371094
-0.0579673 -0.0332031
-0.0577994 -0.0292969
-0.0576366 -0.0253906
-0.0574782 -0.0214844
-0.0573241 -0.0175781
-0.0571739 -0.0136719
-0.0570272 -0.00976562
-0.0568837 -0.00585938
-0.0567433 -0.00195312
-0.460097 0.00195312
-0.459901 0.00585938
-0.459703 0.00976562
-0.459503 0.0136719
-0.459301 0.0175781
-0.459102 0.0214844
-0.458904 0.0253906
-0.458711 0.0292969
-0.45851 0.0332031
-0.45831 0.0371094
-0.458109 0.0410156
-0.457908 0.0449219
-0.457708 0.0488281
-0.457506 0.0527344
-0.457301 0.0566406
-0.457078 0.0605469
-0.457301 0.0566406
-0.457078 0.0605469
-0.45687 0.0644531
-0.456697 0.0683594
-0.456526 0.0722656
-0.456349 0.0761719
-0.456164 0.0800781
-0.455976 0.0839844
-0.455783 0.0878906
-0.455586 0.0917969
-0.455383 0.0957031
-0.455184 0.0996094
-0.454986 0.103516
-0.454793 0.107422
-0.454586 0.111328
-0.454371 0.115234
-0.454151 0.119141
-0.453928 0.123047
-0.388672 0.0917969
-0.453702 0.126953
-0.45346 0.130859
-0.453166 0.134766
-0.453166 0.134766
-0.452886 0.138672
-0.452668 0.142578
-0.452471 0.146484
-0.452264 0.150391
-0.452028 0.154297
-0.451759 0.158203
-0.451457 0.162109
-0.451132 0.166016
-0.450809 0.169922
-0.450452 0.173828
-0.450063 0.177734
-0.449657 0.181641
-0.449145 0.185547
-0.449657 0.181641
-0.449145 0.185547
-0.448587 0.189453
-0.448011 0.193359
-0.44738 0.197266
-0.446748 0.201172
-0.446085 0.205078
-0.44535 0.208984
-0.44535 0.208984
-0.444552 0.212891
-0.443721 0.216797
-0.442777 0.220703
-0.441665 0.224609
-0.441665 0.224609
-0.440344 0.228516
-0.438955 0.232422
-0.437354 0.236328
-0.438955 0.232422
-0.437354 0.236328
-0.435534 0.240234
-0.435534 0.240234
-0.43349 0.244141
-0.43349 0.244141
-0.43116 0.248047
-0.43116 0.248047
-0.359397 0.00195312
-0.359426 0.00585938
-0.35942 0.00976562
-0.359358 0.0136719
-0.359397 0.00195312
-0.359358 0.0136719
-0.343666 0.00585938
-0.34489 0.00976562
-0.345855 0.0136719
-0.359213 0.0175781
-0.358958 0.0214844
-0.358544 0.0253906
-0.35787 0.0292969
-0.346323 0.0175781
-0.345979 0.0214844
-0.344542 0.0253906
-0.35687 0.0332031
-0.355432 0.0371094
-0.355432 0.0371094
-0.353456 0.0410156
-0.350926 0.0449219
-0.350926 0.0449219
-0.348049 0.0488281
-0.348049 0.0488281
-0.345077 0.0527344
-0.342039 0.00195312
-0.343666 0.00585938
-0.344542 0.0253906
-0.341797 0.0285518
-0.337891 0.0305962
-0.337891 0.0305962
-0.333984 0.0319591
-0.330078 0.0332831
-0.345077 0.0527344
-0.341932 0.0566406
-0.338137 0.0605469
-0.337891 0.0607761
-0.326172 0.034415
-0.322266 0.0353111
-0.322266 0.0353111
-0.318359 0.035975
-0.314453 0.0364009
-0.337891 0.0607761
-0.333984 0.0643018
-0.330078 0.0679098
-0.330078 0.0679098
-0.329615 0.0683594
-0.32582 0.0722656
-0.32582 0.0722656
-0.322461 0.0761719
-0.319459 0.0800781
-0.319459 0.0800781
-0.316702 0.0839844
-0.316702 0.0839844
-0.314368 0.0878906
-0.31247 0.0917969
-0.291016 0.0317549
-0.280368 0.0214844
-0.284071 0.0253906
-0.287109 0.028596
-0.284071 0.0253906
-0.310547 0.0365477
-0.306641 0.0363753
-0.302734 0.0358667
-0.298828 0.0350144
-0.298828 0.0350144
-0.294922 0.033731
-0.291016 0.0317549
-0.275391 0.0170421
-0.271484 0.014636
-0.267578 0.012706
-0.279297 0.0204159
-0.279297 0.0204159
-0.275391 0.0170421
-0.271484 0.014636
-0.263672 0.0110983
-0.263672 0.0110983
-0.259766 0.0094606
-0.255859 0.00785102
-0.251953 0.00637675
-0.255859 0.00785102
-0.31247 0.0917969
-0.311156 0.0957031
-0.310427 0.0996094
-0.310244 0.103516
-0.310463 0.107422
-0.310874 0.111328
-0.311312 0.115234
-0.311689 0.119141
-0.311945 0.123047
-0.312023 0.126953
-0.31189 0.130859
-0.311546 0.134766
-0.31103 0.138672
-0.310415 0.142578
-0.309811 0.146484
-0.309009 0.150391
-0.309009 0.150391
-0.307493 0.154297
-0.305056 0.158203
-0.302734 0.160131
-0.302734 0.160131
-0.298828 0.161874
-0.294922 0.162385
-0.291016 0.162125
-0.287109 0.161212
-0.283203 0.159542
-0.283203 0.159542
-0.279297 0.156986
-0.272329 0.150391
-0.275391 0.153539
-0.268573 0.146484
-0.267578 0.145494
-0.267578 0.145494
-0.272329 0.150391
-0.263672 0.141648
-0.259766 0.138069
-0.259766 0.138069
-0.251953 0.131137
-0.255859 0.134642
-0.251953 0.131137
-0.263672 0.141648
-0.279297 0.156986
-0.306641 0.251722
-0.302734 0.247991
-0.302734 0.247991
-0.298828 0.244133
-0.300767 0.246107
-0.287109 0.23368
-0.283203 0.230701
-0.283203 0.230701
-0.294922 0.240397
-0.291016 0.236908
-0.291016 0.236908
-0.294922 0.240397
-0.287109 0.23368
-0.263672 0.217429
-0.259766 0.214649
-0.259766 0.214649
-0.255859 0.21172
-0.251953 0.208503
-0.251953 0.208503
-0.255859 0.21172
-0.275391 0.225247
-0.279297 0.227963
-0.275391 0.225247
-0.271484 0.222643
-0.271484 0.222643
-0.267578 0.220116
-0.263672 0.217429
-0.42848 0.251953
-0.42848 0.251953
-0.425335 0.255859
-0.425335 0.255859
-0.421667 0.259766
-0.421875 0.257812
-0.419922 0.261394
-0.419922 0.261394
-0.416016 0.264522
-0.416016 0.264522
-0.412109 0.267134
-0.408203 0.269262
-0.408203 0.269262
-0.404297 0.270925
-0.400391 0.27226
-0.396484 0.273322
-0.392578 0.274129
-0.396484 0.273322
-0.392578 0.274129
-0.388672 0.274699
-0.384766 0.275077
-0.380859 0.275278
-0.376953 0.275324
-0.498047 0.48747
-0.494141 0.487467
-0.490234 0.487461
-0.486328 0.487451
-0.482422 0.487437
-0.478516 0.48742
-0.474609 0.487399
-0.470703 0.487374
-0.466797 0.487345
-0.462891 0.487312
-0.458984 0.487276
-0.455078 0.487235
-0.451172 0.487191
-0.447266 0.487142
-0.443359 0.48709
-0.439453 0.487034
-0.435547 0.486975
-0.431641 0.486911
-0.427734 0.486843
-0.423828 0.486771
-0.419922 0.486696
-0.416016 0.486617
-0.412109 0.486534
-0.408203 0.486448
-0.404297 0.486358
-0.400391 0.486266
-0.396484 0.48617
-0.392578 0.48607
-0.388672 0.485967
-0.384766 0.48586
-0.380859 0.48575
-0.376953 0.485637
-0.373047 0.275219
-0.369141 0.274985
-0.365234 0.274636
-0.361328 0.274173
-0.357422 0.273586
-0.353516 0.272908
-0.357422 0.273586
-0.349609 0.272128
-0.345703 0.271237
-0.330078 0.266436
-0.341797 0.270208
-0.337891 0.269007
-0.337891 0.269007
-0.333984 0.267806
-0.330078 0.266436
-0.326172 0.264644
-0.322266 0.262877
-0.322266 0.262877
-0.314453 0.258058
-0.318359 0.260609
-0.318359 0.260609
-0.314453 0.258058
-0.326172 0.264644
-0.310547 0.255101
-0.310547 0.255101
-0.306641 0.251722
-0.373047 0.485519
-0.369141 0.485399
-0.365234 0.485275
-0.361328 0.485148
-0.357422 0.485018
-0.353516 0.484885
-0.349609 0.484749
-0.345703 0.484609
-0.337891 0.484322
-0.333984 0.484173
-0.330078 0.484021
-0.341797 0.484467
-0.337891 0.484322
-0.324219 0.483788
-0.316406 0.48347
-0.310547 0.483227
-0.306641 0.483063
-0.302734 0.482897
-0.298828 0.48273
-0.294922 0.482561
-0.291016 0.482392
-0.287109 0.482223
-0.283203 0.482056
-0.279297 0.48189
-0.275391 0.481724
-0.271484 0.48156
-0.267578 0.481398
-0.263672 0.481238
-0.259766 0.481083
-0.255859 0.480932
-0.251953 0.480787
-0.248047 0.00527341
-0.244141 0.0044139
-0.240234 0.00365873
-0.240234 0.00365873
-0.236328 0.00286715
-0.232422 0.00229875
-0.228516 0.00225333
-0.224609 0.00315444
-0.220703 0.0055609
-0.220703 0.0055609
-0.218831 0.0566406
-0.219821 0.0605469
-0.220387 0.00585938
-0.217174 0.00976562
-0.215345 0.0136719
-0.215345 0.0136719
-0.214135 0.0175781
-0.213587 0.0214844
-0.213445 0.0253906
-0.213596 0.0292969
-0.186672 0.00195312
-0.213959 0.0332031
-0.21449 0.0371094
-0.215163 0.0410156
-0.215992 0.0449219
-0.215163 0.0410156
-0.21691 0.0488281
-0.21789 0.0527344
-0.218831 0.0566406
-0.220848 0.0644531
-0.221796 0.0683594
-0.222633 0.0722656
-0.223475 0.0761719
-0.222633 0.0722656
-0.226956 0.0917969
-0.224349 0.0800781
-0.225185 0.0839844
-0.22602 0.0878906
-0.226956 0.0917969
-0.243886 0.123047
-0.237658 0.115234
-0.235066 0.111328
-0.237658 0.115234
-0.24059 0.119141
-0.243886 0.123047
-0.22808 0.0957031
-0.229422 0.0996094
-0.230988 0.103516
-0.23292 0.107422
-0.230988 0.103516
-0.235066 0.111328
-0.187104 0.0761719
-0.187938 0.0800781
-0.18878 0.0839844
-0.190639 0.0917969
-0.189672 0.0878906
-0.190639 0.0917969
-0.195477 0.107422
-0.191696 0.0957031
-0.192872 0.0996094
-0.191696 0.0957031
-0.194132 0.103516
-0.195477 0.107422
-0.198556 0.115234
-0.196977 0.111328
-0.198556 0.115234
-0.200224 0.119141
-0.202015 0.123047
-0.200224 0.119141
-0.186672 0.00195312
-0.184734 0.00585938
-0.183113 0.00976562
-0.183113 0.00976562
-0.181621 0.0136719
-0.180373 0.0175781
-0.179437 0.0214844
-0.179437 0.0214844
-0.178759 0.0253906
-0.178406 0.0292969
-0.17985 0.0449219
-0.178371 0.0332031
-0.178652 0.0371094
-0.179196 0.0410156
-0.17985 0.0449219
-0.1807 0.0488281
-0.181674 0.0527344
-0.183589 0.0605469
-0.182647 0.0566406
-0.183589 0.0605469
-0.184521 0.0644531
-0.185421 0.0683594
-0.186275 0.0722656
-0.187104 0.0761719
-0.24759 0.126953
-0.248047 0.127413
-0.24759 0.126953
-0.233203 0.185547
-0.225226 0.169922
-0.219615 0.158203
-0.221518 0.162109
-0.223368 0.166016
-0.225226 0.169922
-0.223368 0.166016
-0.22705 0.173828
-0.228974 0.177734
-0.230985 0.181641
-0.233203 0.185547
-0.230985 0.181641
-0.22705 0.173828
-0.203837 0.126953
-0.205773 0.130859
-0.207706 0.134766
-0.209719 0.138672
-0.207706 0.134766
-0.213745 0.146484
-0.211708 0.142578
-0.213745 0.146484
-0.215728 0.150391
-0.217709 0.154297
-0.215728 0.150391
-0.211708 0.142578
-0.203837 0.126953
-0.219615 0.158203
-0.244433 0.201172
-0.241091 0.197266
-0.244433 0.201172
-0.238114 0.193359
-0.235515 0.189453
-0.238114 0.193359
-0.241091 0.197266
-0.248047 0.204913
-0.235515 0.189453
-0.0566083 0.00195312
-0.0564743 0.00585938
-0.0563439 0.00976562
-0.056218 0.0136719
-0.056097 0.0175781
-0.0559812 0.0214844
-0.0558696 0.0253906
-0.0557611 0.0292969
-0.0556565 0.0332031
-0.0555569 0.0371094
-0.0554633 0.0410156
-0.0553752 0.0449219
-0.0552922 0.0488281
-0.0552137 0.0527344
-0.0551393 0.0566406
-0.0550681 0.0605469
-0.0550001 0.0644531
-0.0549355 0.0683594
-0.0548748 0.0722656
-0.0548187 0.0761719
-0.0547671 0.0800781
-0.0547201 0.0839844
-0.0546765 0.0878906
-0.0546765 0.0878906
-0.0546377 0.0917969
-0.0546032 0.0957031
-0.0545722 0.0996094
-0.0545444 0.103516
-0.0545198 0.107422
-0.054498 0.111328
-0.0544783 0.115234
-0.0544609 0.119141
-0.0544458 0.123047
-0.0544332 0.126953
-0.0544236 0.130859
-0.0544175 0.134766
-0.0544145 0.138672
-0.0544143 0.142578
-0.0544168 0.146484
-0.0544219 0.150391
-0.0544296 0.154297
-0.0544395 0.158203
-0.054451 0.162109
-0.0544638 0.166016
-0.0544782 0.169922
-0.0544944 0.173828
-0.0545133 0.177734
-0.0545353 0.181641
-0.0545597 0.185547
-0.0545856 0.189453
-0.0546126 0.193359
-0.0545856 0.189453
-0.0546126 0.193359
-0.0546403 0.197266
-0.0546684 0.201172
-0.0546963 0.205078
-0.0547251 0.208984
-0.0547554 0.212891
-0.0547874 0.216797
-0.0546963 0.205078
-0.0548208 0.220703
-0.0548554 0.224609
-0.0548917 0.228516
-0.05493 0.232422
-0.0549697 0.236328
-0.0550096 0.240234
-0.0550491 0.244141
-0.0550885 0.248047
-0.248047 0.480649
-0.244141 0.480518
-0.244141 0.480518
-0.240234 0.480398
-0.236328 0.480287
-0.232422 0.480188
-0.228516 0.480102
-0.224609 0.480031
-0.220703 0.479977
-0.216797 0.479943
-0.212891 0.479933
-0.208984 0.479948
-0.205078 0.479991
-0.201172 0.480063
-0.197266 0.48016
-0.193359 0.480281
-0.189453 0.480423
-0.189453 0.480423
-0.185547 0.480578
-0.181641 0.480745
-0.177734 0.48091
-0.173828 0.481058
-0.169922 0.481171
-0.166016 0.481228
-0.162109 0.481209
-0.158203 0.481099
-0.154297 0.480892
-0.150391 0.480586
-0.150391 0.480586
-0.146484 0.480192
-0.142578 0.479736
-0.138672 0.479226
-0.134766 0.478673
-0.130859 0.478089
-0.126953 0.477475
-0.0551287 0.251953
-0.0551692 0.255859
-0.0552094 0.259766
-0.0552501 0.263672
-0.0552914 0.267578
-0.0553328 0.271484
-0.055375 0.275391
-0.0554179 0.279297
-0.0554606 0.283203
-0.0555025 0.287109
-0.0555424 0.291016
-0.0555806 0.294922
-0.0556183 0.298828
-0.0556538 0.302734
-0.0556863 0.306641
-0.0557181 0.310547
-0.0557505 0.314453
-0.0557831 0.318359
-0.0558153 0.322266
-0.0558473 0.326172
-0.055879 0.330078
-0.0559098 0.333984
-0.0559386 0.337891
-0.0559637 0.341797
-0.0559856 0.345703
-0.0560045 0.349609
-0.0560193 0.353516
-0.0560311 0.357422
-0.0560409 0.361328
-0.0560495 0.365234
-0.0560586 0.369141
-0.0560682 0.373047
-0.123047 0.476818
-0.119141 0.47611
-0.123047 0.476818
-0.115234 0.475373
-0.111328 0.474602
-0.107422 0.473788
-0.103516 0.472915
-0.103516 0.472915
-0.0996094 0.471987
-0.0957031 0.47106
-0.0839844 0.468203
-0.0800781 0.467133
-0.0761719 0.465933
-0.0722656 0.464224
-0.0722656 0.464224
-0.0683594 0.461866
-0.0627141 0.455078
-0.0653532 0.458984
-0.0683594 0.461866
-0.0917969 0.470151
-0.0878906 0.469228
-0.0839844 0.468203
-0.0560804 0.376953
-0.0560964 0.380859
-0.0561166 0.384766
-0.0561421 0.388672
-0.0561745 0.392578
-0.0562145 0.396484
-0.0562625 0.400391
-0.0563188 0.404297
-0.056385 0.408203
-0.0564694 0.412109
-0.056575 0.416016
-0.056707 0.419922
-0.0568757 0.423828
-0.0570912 0.427734
-0.057367 0.431641
-0.0577272 0.435547
-0.0588502 0.443359
-0.0582043 0.439453
-0.0588502 0.443359
-0.0597358 0.447266
-0.0609635 0.451172
-0.0627141 0.455078
0.00195312 -0.487961
0.00585938 -0.48796
0.00976562 -0.487956
0.0136719 -0.487947
0.0175781 -0.487936
0.0214844 -0.48792
0.0253906 -0.4879
0.0292969 -0.487876
0.0332031 -0.487847
0.0371094 -0.487814
0.0410156 -0.487777
0.0449219 -0.487736
0.0488281 -0.48769
0.0527344 -0.48764
0.0566406 -0.487586
0.0605469 -0.487526
0.0644531 -0.487463
0.0683594 -0.487394
0.0722656 -0.487321
0.0761719 -0.487243
0.0800781 -0.487161
0.0839844 -0.487074
0.0878906 -0.486982
0.0917969 -0.486886
0.0957031 -0.486784
0.0996094 -0.486678
0.103516 -0.486566
0.107422 -0.486449
0.111328 -0.486328
0.115234 -0.486204
0.119141 -0.486072
0.123047 -0.485935
0.0939238 -0.267578
0.0856763 -0.255859
0.0835058 -0.251953
0.0909289 -0.263672
0.0881441 -0.259766
0.0909289 -0.263672
0.0856763 -0.255859
0.111328 -0.281721
0.115234 -0.28362
0.119141 -0.285288
0.119141 -0.285288
0.123047 -0.286946
0.0996094 -0.273978
0.0972312 -0.271484
0.0939238 -0.267578
0.0972312 -0.271484
0.103516 -0.277315
0.103516 -0.277315
0.107422 -0.279796
0.111328 -0.281721
0.126953 -0.485792
0.130859 -0.485644
0.134766 -0.48549
0.138672 -0.485331
0.142578 -0.485167
0.146484 -0.484998
0.150391 -0.484823
0.154297 -0.484644
0.158203 -0.484459
0.158203 -0.484459
0.162109 -0.484273
0.166016 -0.484081
0.169922 -0.483884
0.173828 -0.48368
0.177734 -0.483469
0.181641 -0.48325
0.185547 -0.483026
0.189453 -0.482795
0.193359 -0.482559
0.197266 -0.482317
0.201172 -0.482069
0.205078 -0.481816
0.208984 -0.481557
0.212891 -0.481294
0.216797 -0.481025
0.220703 -0.480753
0.224609 -0.480478
0.224609 -0.480478
0.228516 -0.480199
0.232422 -0.479915
0.236328 -0.479628
0.240234 -0.479337
0.244141 -0.479044
0.248047 -0.478749
0.126953 -0.288472
0.130859 -0.289716
0.126953 -0.288472
0.134766 -0.29088
0.138672 -0.291883
0.142578 -0.292643
0.142578 -0.292643
0.146484 -0.293171
0.150391 -0.293497
0.154297 -0.293626
0.158203 -0.293537
0.162109 -0.293217
0.166016 -0.292687
0.166016 -0.292687
0.169922 -0.292009
0.173828 -0.2912
0.177734 -0.290273
0.181641 -0.289068
0.181641 -0.289068
0.185547 -0.287719
0.189453 -0.28641
0.193359 -0.284798
0.193359 -0.284798
0.197266 -0.283101
0.201172 -0.281519
0.201172 -0.281519
0.205078 -0.279649
0.208984 -0.277774
0.208984 -0.277774
0.212891 -0.275615
0.216797 -0.273233
0.216797 -0.273233
0.220703 -0.270467
0.220703 -0.270467
0.224609 -0.267279
0.224609 -0.267279
0.228516 -0.263813
0.232422 -0.260124
0.232422 -0.260124
0.236328 -0.256355
0.236328 -0.256355
0.240234 -0.252893
0.240234 -0.252893
0.244141 -0.24967
0.0626281 -0.130859
0.062372 -0.126953
0.0782348 -0.240234
0.0768689 -0.236328
0.0745005 -0.228516
0.0756872 -0.232422
0.0745005 -0.228516
0.0733684 -0.224609
0.0724703 -0.220703
0.0814962 -0.248047
0.0798353 -0.244141
0.0814962 -0.248047
0.0782348 -0.240234
0.070041 -0.208984
0.0693551 -0.205078
0.0716367 -0.216797
0.0708659 -0.212891
0.070041 -0.208984
0.0687192 -0.201172
0.0681116 -0.197266
0.0675506 -0.193359
0.0670495 -0.189453
0.066607 -0.185547
0.0661589 -0.181641
0.066607 -0.185547
0.0661589 -0.181641
0.0658205 -0.177734
0.0654873 -0.173828
0.0651744 -0.169922
0.0648764 -0.166016
0.0645851 -0.162109
0.0642902 -0.158203
0.0640083 -0.154297
0.0637448 -0.150391
0.0634967 -0.146484
0.0632631 -0.142578
0.0630458 -0.138672
0.0628402 -0.134766
0.0626281 -0.130859
0.062372 -0.126953
0.0621353 -0.123047
0.0619234 -0.119141
0.0617242 -0.115234
0.0615311 -0.111328
0.061342 -0.107422
0.0611564 -0.103516
0.0609732 -0.0996094
0.0607918 -0.0957031
0.060613 -0.0917969
0.0604292 -0.0878906
0.0602432 -0.0839844
0.0600583 -0.0800781
0.0598757 -0.0761719
0.0596957 -0.0722656
0.0595186 -0.0683594
0.0593447 -0.0644531
0.0591736 -0.0605469
0.0590058 -0.0566406
0.0586821 -0.0488281
0.0588424 -0.0527344
0.0586821 -0.0488281
0.0585063 -0.0449219
0.0583292 -0.0410156
0.0585063 -0.0449219
0.0581605 -0.0371094
0.0579972 -0.0332031
0.0578384 -0.0292969
0.0576831 -0.0253906
0.057531 -0.0214844
0.0573824 -0.0175781
0.0572373 -0.0136719
0.0570955 -0.00976562
0.0569568 -0.00585938
0.0568209 -0.00195312
0.244141 -0.24967
0.248047 -0.246522
0.248047 -0.246522
0.248047 -0.141161
0.241375 -0.134766
0.238505 -0.130859
0.236287 -0.126953
0.238505 -0.130859
0.244141 -0.137778
0.241375 -0.134766
0.248047 -0.141161
0.234536 -0.123047
0.233186 -0.119141
0.232246 -0.115234
0.231707 -0.111328
0.231507 -0.107422
0.231633 -0.103516
0.232165 -0.0996094
0.23303 -0.0957031
0.234536 -0.123047
0.234038 -0.0917969
0.234038 -0.0917969
0.235189 -0.0878906
0.236609 -0.0839844
0.238136 -0.0800781
0.238136 -0.0800781
0.239755 -0.0761719
0.241379 -0.0722656
0.24306 -0.0683594
0.24494 -0.0644531
0.196114 -0.00585938
0.193165 -0.00195312
0.199429 -0.00976562
0.201172 -0.0116318
0.199429 -0.00976562
0.196114 -0.00585938
0.205078 -0.0152712
0.208984 -0.0181926
0.208984 -0.0181926
0.217332 -0.0253906
0.212891 -0.0210556
0.216797 -0.0247253
0.205078 -0.0152712
0.222714 -0.0332031
0.224609 -0.0350381
0.224609 -0.0350381
0.228516 -0.0382087
0.232422 -0.0406835
0.228516 -0.0382087
0.246351 -0.0605469
0.246351 -0.0605469
0.247258 -0.0566406
0.244141 -0.0471242
0.247798 -0.0527344
0.246219 -0.0488281
0.236328 -0.0429044
0.236328 -0.0429044
0.240234 -0.0448553
0.244141 -0.0471242
0.219953 -0.0292969
0.217332 -0.0253906
0.228516 -0.0253906
0.251953 -0.478453
0.255859 -0.478158
0.259766 -0.477864
0.263672 -0.477573
0.267578 -0.477286
0.271484 -0.477005
0.275391 -0.476732
0.279297 -0.476469
0.279297 -0.476469
0.283203 -0.476214
0.287109 -0.475969
0.291016 -0.475735
0.294922 -0.475513
0.298828 -0.475306
0.302734 -0.475113
0.306641 -0.474935
0.310547 -0.474772
0.314453 -0.474621
0.318359 -0.474482
0.322266 -0.474351
0.326172 -0.474224
0.330078 -0.474099
0.333984 -0.473969
0.337891 -0.473828
0.341797 -0.47367
0.345703 -0.473487
0.349609 -0.473272
0.353516 -0.473017
0.357422 -0.472715
0.357422 -0.472715
0.361328 -0.472357
0.365234 -0.471942
0.369141 -0.471452
0.373047 -0.470878
0.376953 -0.470209
0.380859 -0.469434
0.384766 -0.468546
0.384766 -0.468546
0.388672 -0.467551
0.392578 -0.466422
0.396484 -0.465143
0.396484 -0.465143
0.400391 -0.463699
0.404297 -0.462113
0.408203 -0.460314
0.408203 -0.460314
0.412109 -0.458346
0.416016 -0.456118
0.416016 -0.456118
0.419922 -0.453675
0.419922 -0.453675
0.423828 -0.450945
0.427734 -0.447916
0.427734 -0.447916
0.431641 -0.444523
0.431641 -0.444523
0.435547 -0.440709
0.436731 -0.439453
0.436731 -0.439453
0.440139 -0.435547
0.443172 -0.431641
0.440139 -0.435547
0.443172 -0.431641
0.445934 -0.427734
0.445934 -0.427734
0.448445 -0.423828
0.448445 -0.423828
0.450636 -0.419922
0.452666 -0.416016
0.452666 -0.416016
0.454409 -0.412109
0.456047 -0.408203
0.457515 -0.404297
0.457515 -0.404297
0.458818 -0.400391
0.46004 -0.396484
0.461144 -0.392578
0.461144 -0.392578
0.462089 -0.388672
0.462936 -0.384766
0.463716 -0.380859
0.464451 -0.376953
0.464451 -0.376953
0.465101 -0.373047
0.465101 -0.373047
0.465676 -0.369141
0.466193 -0.365234
0.466657 -0.361328
0.467069 -0.357422
0.467435 -0.353516
0.467766 -0.349609
0.468068 -0.345703
0.468343 -0.341797
0.468589 -0.337891
0.4688 -0.333984
0.4688 -0.333984
0.468982 -0.330078
0.469136 -0.326172
0.469267 -0.322266
0.469379 -0.318359
0.469476 -0.314453
0.469557 -0.310547
0.469622 -0.306641
0.469671 -0.302734
0.469703 -0.298828
0.46972 -0.294922
0.469726 -0.291016
0.469721 -0.287109
0.469707 -0.283203
0.469683 -0.279297
0.469649 -0.275391
0.469605 -0.271484
0.469551 -0.267578
0.46949 -0.263672
0.469421 -0.259766
0.469345 -0.255859
0.469263 -0.251953
0.251953 -0.243299
0.251953 -0.243299
0.255859 -0.239865
0.259393 -0.236328
0.259393 -0.236328
0.262635 -0.232422
0.262635 -0.232422
0.265416 -0.228516
0.265416 -0.228516
0.268072 -0.224609
0.27061 -0.220703
0.27061 -0.220703
0.273434 -0.216797
0.273434 -0.216797
0.276555 -0.212891
0.276555 -0.212891
0.279992 -0.208984
0.279992 -0.208984
0.283526 -0.205078
0.283526 -0.205078
0.286482 -0.201172
0.286482 -0.201172
0.28844 -0.197266
0.28844 -0.197266
0.290112 -0.193359
0.291452 -0.189453
0.251953 -0.143627
0.251953 -0.143627
0.255859 -0.145419
0.259766 -0.146516
0.263672 -0.146878
0.267578 -0.146641
0.271484 -0.14581
0.275391 -0.144156
0.275391 -0.144156
0.279297 -0.141564
0.279297 -0.141564
0.29311 -0.185547
0.29311 -0.185547
0.295298 -0.181641
0.297934 -0.177734
0.297934 -0.177734
0.301076 -0.173828
0.301076 -0.173828
0.304354 -0.169922
0.304354 -0.169922
0.307078 -0.166016
0.30923 -0.162109
0.30923 -0.162109
0.310786 -0.158203
0.283203 -0.138176
0.286385 -0.134766
0.286385 -0.134766
0.289532 -0.130859
0.289532 -0.130859
0.292408 -0.126953
0.292408 -0.126953
0.312344 -0.154297
0.312344 -0.154297
0.314223 -0.150391
0.316516 -0.146484
0.316516 -0.146484
0.319341 -0.142578
0.319341 -0.142578
0.32256 -0.138672
0.32256 -0.138672
0.326337 -0.134766
0.329774 -0.130859
0.332324 -0.126953
0.332324 -0.126953
0.295088 -0.123047
0.297747 -0.119141
0.297747 -0.119141
0.300363 -0.115234
0.300363 -0.115234
0.302828 -0.111328
0.305368 -0.107422
0.305368 -0.107422
0.307858 -0.103516
0.307858 -0.103516
0.310134 -0.0996094
0.312498 -0.0957031
0.312498 -0.0957031
0.334325 -0.123047
0.335559 -0.119141
0.335559 -0.119141
0.336399 -0.115234
0.337175 -0.111328
0.33801 -0.107422
0.338892 -0.103516
0.339951 -0.0996094
0.339951 -0.0996094
0.341384 -0.0957031
0.314776 -0.0917969
0.316898 -0.0878906
0.316898 -0.0878906
0.318961 -0.0839844
0.32092 -0.0800781
0.32092 -0.0800781
0.322834 -0.0761719
0.324613 -0.0722656
0.324613 -0.0722656
0.326237 -0.0683594
0.327736 -0.0644531
0.343047 -0.0917969
0.327736 -0.0644531
0.343047 -0.0917969
0.344739 -0.0878906
0.346578 -0.0839844
0.348248 -0.0800781
0.346578 -0.0839844
0.348248 -0.0800781
0.34991 -0.0761719
0.351137 -0.0722656
0.351137 -0.0722656
0.351921 -0.0683594
0.352388 -0.0644531
0.328993 -0.0605469
0.328993 -0.0605469
0.330084 -0.0566406
0.331007 -0.0527344
0.33173 -0.0488281
0.33173 -0.0488281
0.332264 -0.0449219
0.332264 -0.0449219
0.332628 -0.0410156
0.332851 -0.0371094
0.332971 -0.0332031
0.333046 -0.0292969
0.333155 -0.0253906
0.333381 -0.0214844
0.333806 -0.0175781
0.334479 -0.0136719
0.335419 -0.00976562
0.335419 -0.00976562
0.336509 -0.00585938
0.337794 -0.00195312
0.352533 -0.0605469
0.352457 -0.0566406
0.352286 -0.0527344
0.352151 -0.0488281
0.352218 -0.0449219
0.352618 -0.0410156
0.353312 -0.0371094
0.354123 -0.0332031
0.354918 -0.0292969
0.35568 -0.0253906
0.35568 -0.0253906
0.356393 -0.0214844
0.356918 -0.0175781
0.357268 -0.0136719
0.357555 -0.00976562
0.35785 -0.00585938
0.358199 -0.00195312
0.469174 -0.248047
0.46908 -0.244141
0.468771 -0.232422
0.46866 -0.228516
0.468547 -0.224609
0.468431 -0.220703
0.468312 -0.216797
0.46819 -0.212891
0.468067 -0.208984
0.467942 -0.205078
0.467813 -0.201172
0.467683 -0.197266
0.467551 -0.193359
0.467417 -0.189453
0.469174 -0.248047
0.46908 -0.244141
0.468981 -0.240234
0.468877 -0.236328
0.468771 -0.232422
0.467281 -0.185547
0.467145 -0.181641
0.467009 -0.177734
0.466871 -0.173828
0.46674 -0.169922
0.466604 -0.166016
0.46647 -0.162109
0.466336 -0.158203
0.466203 -0.154297
0.46607 -0.150391
0.465939 -0.146484
0.465809 -0.142578
0.465681 -0.138672
0.465554 -0.134766
0.465428 -0.130859
0.465304 -0.126953
0.465181 -0.123047
0.465058 -0.119141
0.464937 -0.115234
0.464815 -0.111328
0.464937 -0.115234
0.464815 -0.111328
0.464696 -0.107422
0.464577 -0.103516
0.464456 -0.0996094
0.464334 -0.0957031
0.46421 -0.0917969
0.464083 -0.0878906
0.463955 -0.0839844
0.463825 -0.0800781
0.463694 -0.0761719
0.46356 -0.0722656
0.463425 -0.0683594
0.463289 -0.0644531
0.463149 -0.0605469
0.463007 -0.0566406
0.46287 -0.0527344
0.462724 -0.0488281
0.462574 -0.0449219
0.462421 -0.0410156
0.462264 -0.0371094
0.462103 -0.0332031
0.461938 -0.0292969
0.461768 -0.0253906
0.461595 -0.0214844
0.461417 -0.0175781
0.461046 -0.00976562
0.460857 -0.00585938
0.460679 -0.00195312
0.461235 -0.0136719
0.461046 -0.00976562
0.460857 -0.00585938
0.0566878 0.00195312
0.056559 0.00585938
0.0564306 0.00976562
0.0563053 0.0136719
0.0561846 0.0175781
0.0560676 0.0214844
0.0559542 0.0253906
0.0558447 0.0292969
0.0557393 0.0332031
0.0556378 0.0371094
0.0555401 0.0410156
0.0554463 0.0449219
0.0553568 0.0488281
0.0552717 0.0527344
0.0551907 0.0566406
0.0551136 0.0605469
0.0550403 0.0644531
0.0549712 0.0683594
0.0549065 0.0722656
0.054846 0.0761719
0.0546883 0.0878906
0.0546432 0.0917969
0.0547896 0.0800781
0.0547373 0.0839844
0.0546883 0.0878906
0.054603 0.0957031
0.0545667 0.0996094
0.0545345 0.103516
0.0545064 0.107422
0.0544821 0.111328
0.0544614 0.115234
0.0544439 0.119141
0.054429 0.123047
0.054417 0.126953
0.0544088 0.130859
0.0544046 0.134766
0.054404 0.138672
0.0544063 0.142578
0.0544108 0.146484
0.0544174 0.150391
0.0544262 0.154297
0.0544373 0.158203
0.0544506 0.162109
0.054466 0.166016
0.0544837 0.169922
0.0545038 0.173828
0.0545267 0.177734
0.0545525 0.181641
0.0545809 0.185547
0.0546114 0.189453
0.0546432 0.193359
0.0546755 0.197266
0.054707 0.201172
0.0546755 0.197266
0.054707 0.201172
0.0547389 0.205078
0.0547709 0.208984
0.0548037 0.212891
0.0548374 0.216797
0.0548721 0.220703
0.0549084 0.224609
0.0549471 0.228516
0.054989 0.232422
0.0550335 0.236328
0.0550789 0.240234
0.0551238 0.244141
0.055168 0.248047
0.186859 0.00976562
0.185392 0.0136719
0.184117 0.0175781
0.183045 0.0214844
0.184117 0.0175781
0.182032 0.0253906
0.181149 0.0292969
0.179844 0.0371094
0.179508 0.0410156
0.17941 0.0449219
0.1804 0.0332031
0.179844 0.0371094
0.179508 0.0410156
0.179572 0.0488281
0.179994 0.0527344
0.179572 0.0488281
0.179994 0.0527344
0.180705 0.0566406
0.181675 0.0605469
0.182741 0.0644531
0.183824 0.0683594
0.183824 0.0683594
0.185022 0.0722656
0.186192 0.0761719
0.187304 0.0800781
0.190642 0.00195312
0.18857 0.00585938
0.190642 0.00195312
0.186859 0.00976562
0.214527 0.0136719
0.216797 0.0108626
0.214527 0.0136719
0.210859 0.0214844
0.209751 0.0253906
0.209021 0.0292969
0.212353 0.0175781
0.210859 0.0214844
0.208592 0.0332031
0.208477 0.0371094
0.208665 0.0410156
0.209134 0.0449219
0.20986 0.0488281
0.210803 0.0527344
0.210803 0.0527344
0.211965 0.0566406
0.213339 0.0605469
0.220703 0.00799038
0.224609 0.00683254
0.220703 0.00799038
0.228516 0.00650158
0.232422 0.00644742
0.236328 0.00676268
0.240234 0.00752219
0.240234 0.00752219
0.244141 0.00856273
0.248047 0.00983298
0.187304 0.0800781
0.188396 0.0839844
0.189439 0.0878906
0.190434 0.0917969
0.214792 0.0644531
0.214792 0.0644531
0.216352 0.0683594
0.218006 0.0722656
0.191435 0.0957031
0.191435 0.0957031
0.192459 0.0996094
0.19349 0.103516
0.194548 0.107422
0.195656 0.111328
0.195656 0.111328
0.196828 0.115234
0.19804 0.119141
0.199329 0.123047
0.199329 0.123047
0.219575 0.0761719
0.221229 0.0800781
0.222752 0.0839844
0.222752 0.0839844
0.224275 0.0878906
0.225798 0.0917969
0.227242 0.0957031
0.227242 0.0957031
0.228792 0.0996094
0.230312 0.103516
0.230312 0.103516
0.231966 0.107422
0.233731 0.111328
0.233731 0.111328
0.23563 0.115234
0.237741 0.119141
0.237741 0.119141
0.240071 0.123047
0.200708 0.126953
0.202108 0.130859
0.203533 0.134766
0.203533 0.134766
0.205018 0.138672
0.206551 0.142578
0.206551 0.142578
0.208192 0.146484
0.21 0.150391
0.21 0.150391
0.212003 0.154297
0.214279 0.158203
0.214279 0.158203
0.216844 0.162109
0.219761 0.166016
0.242727 0.126953
0.242727 0.126953
0.24585 0.130859
0.24585 0.130859
0.249508 0.134766
0.219761 0.166016
0.223156 0.169922
0.223156 0.169922
0.226896 0.173828
0.226896 0.173828
0.228516 0.175452
0.232422 0.179279
0.232422 0.179279
0.234806 0.181641
0.238559 0.185547
0.238559 0.185547
0.24204 0.189453
0.24204 0.189453
0.245295 0.193359
0.245295 0.193359
0.248416 0.197266
0.251501 0.201172
0.0552114 0.251953
0.0552542 0.255859
0.0552964 0.259766
0.0553379 0.263672
0.0553807 0.267578
0.055426 0.271484
0.055472 0.275391
0.055518 0.279297
0.0555637 0.283203
0.0556094 0.287109
0.0556557 0.291016
0.0557002 0.294922
0.0557408 0.298828
0.0557786 0.302734
0.0558142 0.306641
0.055848 0.310547
0.0558813 0.314453
0.0559149 0.318359
0.0559487 0.322266
0.0559821 0.326172
0.0560154 0.330078
0.056048 0.333984
0.0560782 0.337891
0.0561049 0.341797
0.0561287 0.345703
0.056149 0.349609
0.0561669 0.353516
0.0561823 0.357422
0.0561954 0.361328
0.0562062 0.365234
0.056215 0.369141
0.0562235 0.373047
0.0562343 0.376953
0.0562498 0.380859
0.0562705 0.384766
0.0562971 0.388672
0.0563308 0.392578
0.0563706 0.396484
0.0564203 0.400391
0.0564802 0.404297
0.056554 0.408203
0.0566455 0.412109
0.0567568 0.416016
0.0568941 0.419922
0.0570666 0.423828
0.0572848 0.427734
0.0575654 0.431641
0.0579328 0.435547
0.0584193 0.439453
0.0584193 0.439453
0.0590717 0.443359
0.0599642 0.447266
0.0612023 0.451172
0.0629598 0.455078
0.0629598 0.455078
0.0656244 0.458984
0.0683594 0.461625
0.0683594 0.461625
0.0722656 0.46407
0.0722656 0.46407
0.0761719 0.465828
0.0800781 0.46705
0.0839844 0.46813
0.0878906 0.469169
0.0839844 0.46813
0.0878906 0.469169
0.0917969 0.4701
0.0957031 0.471013
0.0996094 0.471941
0.103516 0.47287
0.103516 0.47287
0.107422 0.473746
0.111328 0.474562
0.115234 0.475334
0.119141 0.476072
0.123047 0.476782
0.123047 0.476782
0.126953 0.477441
0.130859 0.478058
0.134766 0.478644
0.138672 0.479198
0.142578 0.479709
0.146484 0.480166
0.150391 0.480562
0.150391 0.480562
0.154297 0.480871
0.158203 0.481083
0.162109 0.481199
0.166016 0.481225
0.169922 0.481175
0.173828 0.481069
0.177734 0.480926
0.181641 0.480765
0.185547 0.4806
0.189453 0.480446
0.189453 0.480446
0.193359 0.480304
0.197266 0.480182
0.201172 0.480083
0.205078 0.48001
0.208984 0.479965
0.212891 0.479949
0.216797 0.479958
0.220703 0.479991
0.224609 0.480043
0.228516 0.480113
0.232422 0.480197
0.236328 0.480294
0.240234 0.480403
0.244141 0.480521
0.244141 0.480521
0.248047 0.480649
0.251953 0.0114197
0.251953 0.0114197
0.255859 0.0137874
0.259766 0.016614
0.259766 0.016614
0.263672 0.0202899
0.263672 0.0202899
0.267578 0.0241607
0.267578 0.0241607
0.268825 0.0253906
0.272677 0.0292969
0.272677 0.0292969
0.275391 0.0320246
0.279297 0.0354977
0.279297 0.0354977
0.283203 0.0380543
0.283203 0.0380543
0.287109 0.0398054
0.291016 0.0409966
0.294922 0.0418117
0.298828 0.0423059
0.302734 0.0424139
0.306641 0.0420275
0.310547 0.0411161
0.312409 0.0878906
0.310657 0.0917969
0.309672 0.0957031
0.309321 0.0996094
0.309444 0.103516
0.309795 0.107422
0.310143 0.111328
0.310355 0.115234
0.310405 0.119141
0.310319 0.123047
0.339235 0.00195312
0.339235 0.00195312
0.340589 0.00585938
0.342 0.00976562
0.343357 0.0136719
0.345096 0.0292969
0.314453 0.0398176
0.318359 0.0383721
0.314453 0.0398176
0.318359 0.0383721
0.322266 0.0370657
0.326172 0.0360932
0.330078 0.0354012
0.330078 0.0354012
0.333984 0.0349359
0.337891 0.034596
0.341797 0.0340836
0.341797 0.0340836
0.340101 0.0605469
0.343454 0.0566406
0.340101 0.0605469
0.343357 0.0136719
0.358563 0.00195312
0.358897 0.00585938
0.359183 0.00976562
0.359426 0.0136719
0.344297 0.0175781
0.344959 0.0214844
0.345245 0.0253906
0.345096 0.0292969
0.359711 0.0253906
0.359283 0.0292969
0.359183 0.00976562
0.359426 0.0136719
0.359657 0.0175781
0.359795 0.0214844
0.359711 0.0253906
0.359283 0.0292969
0.342746 0.0332031
0.352811 0.0449219
0.358392 0.0332031
0.356993 0.0371094
0.355133 0.0410156
0.352811 0.0449219
0.355133 0.0410156
0.346727 0.0527344
0.349924 0.0488281
0.346727 0.0527344
0.343454 0.0566406
0.322266 0.0768291
0.326172 0.0736064
0.326172 0.0736064
0.316406 0.0820312
0.315054 0.0839844
0.318359 0.0803677
0.315054 0.0839844
0.312409 0.0878906
0.322266 0.0768291
0.330078 0.0703463
0.333984 0.0668331
0.333984 0.0668331
0.330078 0.0703463
0.336438 0.0644531
0.251953 0.13707
0.251953 0.13707
0.255859 0.140336
0.255859 0.140336
0.259766 0.143143
0.263672 0.145565
0.263672 0.145565
0.267578 0.147703
0.267578 0.147703
0.271484 0.149862
0.275391 0.151922
0.275391 0.151922
0.279297 0.153878
0.283203 0.155791
0.310136 0.126953
0.309873 0.130859
0.309564 0.134766
0.309252 0.138672
0.305928 0.154297
0.308329 0.146484
0.308917 0.142578
0.308329 0.146484
0.307358 0.150391
0.305928 0.154297
0.283203 0.155791
0.287109 0.157374
0.291016 0.158519
0.294922 0.159112
0.298828 0.159007
0.302734 0.157569
0.304729 0.156293
0.302734 0.177734
0.251501 0.201172
0.254746 0.205078
0.254746 0.205078
0.258287 0.208984
0.258287 0.208984
0.259766 0.210513
0.263672 0.214286
0.263672 0.214286
0.267578 0.217784
0.267578 0.217784
0.271484 0.22109
0.271484 0.22109
0.275391 0.224301
0.279297 0.227476
0.279297 0.227476
0.283203 0.230736
0.283203 0.230736
0.287109 0.234129
0.287109 0.234129
0.291016 0.237643
0.291016 0.237643
0.294922 0.24122
0.294922 0.24122
0.298828 0.244784
0.298828 0.244784
0.302734 0.24817
0.306641 0.251342
0.314453 0.177734
0.326172 0.177734
0.460497 0.00195312
0.46031 0.00585938
0.460119 0.00976562
0.459925 0.0136719
0.459727 0.0175781
0.459524 0.0214844
0.459315 0.0253906
0.459107 0.0292969
0.458896 0.0332031
0.458687 0.0371094
0.458465 0.0410156
0.45824 0.0449219
0.458011 0.0488281
0.457778 0.0527344
0.457542 0.0566406
0.457299 0.0605469
0.457032 0.0644531
0.456789 0.0683594
0.457032 0.0644531
0.456584 0.0722656
0.456386 0.0761719
0.456181 0.0800781
0.455969 0.0839844
0.455754 0.0878906
0.455534 0.0917969
0.455312 0.0957031
0.455095 0.0996094
0.454895 0.103516
0.454689 0.107422
0.454481 0.111328
0.45427 0.115234
0.454061 0.119141
0.453855 0.123047
0.438431 0.236328
0.436687 0.240234
0.434767 0.244141
0.432557 0.248047
0.434767 0.244141
0.432557 0.248047
0.453192 0.134766
0.452962 0.138672
0.452796 0.142578
0.452653 0.146484
0.452501 0.150391
0.452323 0.154297
0.453651 0.126953
0.453438 0.130859
0.453192 0.134766
0.452118 0.158203
0.451889 0.162109
0.451635 0.166016
0.451351 0.169922
0.451045 0.173828
0.450731 0.177734
0.450364 0.181641
0.450364 0.181641
0.449946 0.185547
0.449486 0.189453
0.448884 0.193359
0.449486 0.189453
0.448884 0.193359
0.448295 0.197266
0.447644 0.201172
0.446189 0.208984
0.445353 0.212891
0.444461 0.216797
0.446928 0.205078
0.446189 0.208984
0.445353 0.212891
0.443542 0.220703
0.442549 0.224609
0.441305 0.228516
0.439917 0.232422
0.441305 0.228516
0.438431 0.236328
0.436687 0.240234
0.306641 0.251342
0.310547 0.254167
0.310547 0.254167
0.314453 0.256637
0.318359 0.258929
0.314453 0.256637
0.318359 0.258929
0.322266 0.26084
0.322266 0.26084
0.326172 0.262781
0.326172 0.262781
0.330078 0.2643
0.333984 0.265879
0.333984 0.265879
0.337891 0.267336
0.341797 0.268573
0.345703 0.269794
0.345703 0.269794
0.349609 0.270982
0.353516 0.272025
0.357422 0.272978
0.361328 0.273885
0.365234 0.274713
0.361328 0.273885
0.365234 0.274713
0.369141 0.275426
0.373047 0.276004
0.251953 0.480785
0.255859 0.480927
0.259766 0.481075
0.263672 0.481229
0.267578 0.481386
0.271484 0.481547
0.275391 0.481709
0.279297 0.481873
0.283203 0.482038
0.287109 0.482203
0.291016 0.48237
0.294922 0.482537
0.298828 0.482703
0.302734 0.482868
0.308594 0.483113
0.314453 0.483356
0.318359 0.483516
0.322266 0.483675
0.326172 0.483832
0.330078 0.483987
0.333984 0.484139
0.337891 0.484289
0.341797 0.484436
0.341797 0.484436
0.345703 0.48458
0.349609 0.484721
0.353516 0.484859
0.357422 0.484994
0.361328 0.485126
0.365234 0.485254
0.369141 0.485378
0.373047 0.485499
0.376953 0.276424
0.380859 0.276663
0.384766 0.2767
0.388672 0.276514
0.392578 0.276089
0.396484 0.27539
0.404297 0.273079
0.400391 0.274409
0.404297 0.273079
0.416016 0.266649
0.419922 0.26347
0.408203 0.271315
0.408203 0.271315
0.412109 0.269248
0.412109 0.269248
0.416016 0.266649
0.427182 0.255859
0.430055 0.251953
0.427182 0.255859
0.423755 0.259766
0.421921 0.261763
0.430055 0.251953
0.376953 0.485616
0.380859 0.48573
0.384766 0.48584
0.388672 0.485946
0.392578 0.486049
0.396484 0.486148
0.400391 0.486244
0.404297 0.486336
0.408203 0.486424
0.412109 0.48651
0.416016 0.486592
0.419922 0.48667
0.423828 0.486745
0.427734 0.486816
0.431641 0.486884
0.435547 0.486948
0.439453 0.487009
0.443359 0.487066
0.447266 0.487119
0.451172 0.487169
0.455078 0.487215
0.458984 0.487256
0.462891 0.487294
0.466797 0.487328
0.470703 0.487359
0.474609 0.487385
0.478516 0.487409
0.482422 0.487428
0.486328 0.487444
0.490234 0.487456
0.494141 0.487464
0.498047 0.487469
