-0.248047 -0.000458502
-0.244141 -0.00178808
-0.240234 -0.0031187
-0.240234 -0.0031187
-0.236328 -0.00446285
-0.236328 -0.00446285
-0.228516 -0.0071839
-0.232422 -0.00581605
-0.232422 -0.00581605
-0.228516 -0.0071839
-0.224609 -0.00857203
-0.220703 -0.00997688
-0.224609 -0.00857203
-0.205078 -0.0158482
-0.216797 -0.0114069
-0.216797 -0.0114069
-0.212891 -0.0128582
-0.212891 -0.0128582
-0.208984 -0.0143299
-0.205078 -0.0158482
-0.201172 -0.0173762
-0.197266 -0.0189326
-0.197266 -0.0189326
-0.193359 -0.0205403
-0.193359 -0.0205403
-0.189453 -0.0221587
-0.169922 -0.03065
-0.166016 -0.0324196
-0.162109 -0.0341689
-0.158203 -0.0359641
-0.158203 -0.0359641
-0.185547 -0.0238183
-0.181641 -0.0254785
-0.185547 -0.0238183
-0.177734 -0.027182
-0.177734 -0.027182
-0.173828 -0.0289038
-0.169922 -0.03065
-0.150391 -0.0395384
-0.154297 -0.0377378
-0.150391 -0.0395384
-0.146484 -0.0412998
-0.142578 -0.0430786
-0.142578 -0.0430786
-0.134766 -0.0465703
-0.130859 -0.0482956
-0.126953 -0.049981
-0.126953 -0.049981
-0.138672 -0.044827
-0.134766 -0.0465703
-0.0957031 -0.0623122
-0.0917969 -0.0636685
-0.0878906 -0.0649458
-0.0839844 -0.0661979
-0.0839844 -0.0661979
-0.0800781 -0.0674169
-0.0761719 -0.0685461
-0.0722656 -0.0696196
-0.0683594 -0.070662
-0.0644531 -0.0716542
-0.0683594 -0.070662
-0.123047 -0.0516669
-0.119141 -0.0532873
-0.115234 -0.0549031
-0.111328 -0.0564603
-0.115234 -0.0549031
-0.107422 -0.0579776
-0.107422 -0.0579776
-0.103516 -0.0594769
-0.0996094 -0.0609025
-0.0957031 -0.0623122
-0.0605469 -0.072577
-0.0566406 -0.0734384
-0.0527344 -0.0742417
-0.0527344 -0.0742417
-0.0488281 -0.0749982
-0.0449219 -0.075692
-0.0410156 -0.0763258
-0.0371094 -0.0769015
-0.0332031 -0.0774196
-0.0253906 -0.0782838
-0.0214844 -0.0786316
-0.0175781 -0.0789207
-0.0292969 -0.0778799
-0.0253906 -0.0782838
-0.0136719 -0.0791521
-0.00976562 -0.0793257
-0.00585938 -0.0794421
-0.00195312 -0.0795014
-0.498047 0.0788988
-0.494141 0.0788428
-0.490234 0.0787306
-0.486328 0.0785629
-0.478516 0.0780631
-0.474609 0.0777302
-0.470703 0.0773409
-0.482422 0.0783405
-0.478516 0.0780631
-0.466797 0.0768963
-0.462891 0.0763959
-0.458984 0.0758402
-0.455078 0.0752262
-0.451172 0.0745495
-0.451172 0.0745495
-0.447266 0.0738149
-0.443359 0.0730319
-0.439453 0.0721953
-0.404297 0.06221
-0.400391 0.0608226
-0.396484 0.0594374
-0.392578 0.0579847
-0.392578 0.0579847
-0.384766 0.0549809
-0.388672 0.0564919
-0.384766 0.0549809
-0.380859 0.0533889
-0.376953 0.0517967
-0.431641 0.0703335
-0.435547 0.0713018
-0.431641 0.0703335
-0.427734 0.0693189
-0.423828 0.0682731
-0.419922 0.0671827
-0.416016 0.0659937
-0.416016 0.0659937
-0.412109 0.0647629
-0.408203 0.0635253
-0.404297 0.06221
-0.365234 0.0468086
-0.361328 0.0450751
-0.373047 0.0501527
-0.373047 0.0501527
-0.369141 0.0484854
-0.365234 0.0468086
-0.357422 0.0433696
-0.357422 0.0433696
-0.353516 0.0416129
-0.349609 0.039873
-0.345703 0.0380982
-0.349609 0.039873
-0.330078 0.0310969
-0.326172 0.0293477
-0.322266 0.0276575
-0.322266 0.0276575
-0.314453 0.0242917
-0.318359 0.0259577
-0.314453 0.0242917
-0.341797 0.0363435
-0.337891 0.0345907
-0.337891 0.0345907
-0.333984 0.0328329
-0.330078 0.0310969
-0.310547 0.0226284
-0.306641 0.0210064
-0.310547 0.0226284
-0.302734 0.0194251
-0.302734 0.0194251
-0.298828 0.0178453
-0.294922 0.0163123
-0.291016 0.0147939
-0.287109 0.0133131
-0.283203 0.0118586
-0.283203 0.0118586
-0.294922 0.0163123
-0.279297 0.0104169
-0.275391 0.00900887
-0.271484 0.00761738
-0.267578 0.00623898
-0.271484 0.00761738
-0.263672 0.00488382
-0.259766 0.00353562
-0.259766 0.00353562
-0.255859 0.00219945
-0.251953 0.00087543
-0.248047 -0.000458502
0.00195312 -0.0795036
0.00585938 -0.0794483
0.00976562 -0.079336
0.0136719 -0.0791657
0.0175781 -0.0789375
0.0214844 -0.078651
0.0253906 -0.0783062
0.0253906 -0.0783062
0.0292969 -0.0779058
0.0332031 -0.0774492
0.0371094 -0.0769348
0.0410156 -0.076362
0.0449219 -0.0757313
0.0488281 -0.0750392
0.0527344 -0.0742843
0.0527344 -0.0742843
0.0566406 -0.0734812
0.0605469 -0.0726205
0.0644531 -0.0716996
0.0683594 -0.0707096
0.0683594 -0.0707096
0.0722656 -0.069669
0.0761719 -0.0685992
0.0800781 -0.067473
0.0839844 -0.0662558
0.0839844 -0.0662558
0.0878906 -0.0650005
0.0917969 -0.0637198
0.0957031 -0.0623646
0.0957031 -0.0623646
0.0996094 -0.0609561
0.103516 -0.0595359
0.103516 -0.0595359
0.107422 -0.0580421
0.107422 -0.0580421
0.111328 -0.056525
0.115234 -0.0549677
0.115234 -0.0549677
0.119141 -0.0533473
0.123047 -0.0517248
0.126953 -0.0500361
0.126953 -0.0500361
0.130859 -0.048349
0.134766 -0.0466265
0.134766 -0.0466265
0.138672 -0.0448812
0.142578 -0.0431321
0.142578 -0.0431321
0.146484 -0.0413502
0.150391 -0.039586
0.150391 -0.039586
0.154297 -0.0377806
0.158203 -0.0360051
0.158203 -0.0360051
0.162109 -0.0342089
0.166016 -0.0324591
0.169922 -0.0306896
0.169922 -0.0306896
0.173828 -0.0289406
0.177734 -0.0272185
0.177734 -0.0272185
0.181641 -0.0255116
0.185547 -0.0238471
0.185547 -0.0238471
0.189453 -0.0221825
0.193359 -0.0205602
0.193359 -0.0205602
0.197266 -0.0189511
0.197266 -0.0189511
0.201172 -0.0173916
0.205078 -0.0158616
0.205078 -0.0158616
0.208984 -0.0143416
0.212891 -0.0128686
0.212891 -0.0128686
0.216797 -0.0114152
0.216797 -0.0114152
0.220703 -0.00998239
0.224609 -0.0085745
0.224609 -0.0085745
0.228516 -0.00718395
0.228516 -0.00718395
0.232422 -0.00581438
0.236328 -0.00445983
0.236328 -0.00445983
0.240234 -0.00311438
0.240234 -0.00311438
0.244141 -0.00178262
0.248047 -0.000451902
0.248047 -0.000451902
0.251953 0.000883364
0.255859 0.00220925
0.259766 0.00354775
0.259766 0.00354775
0.263672 0.00489821
0.267578 0.00625558
0.271484 0.00763578
0.271484 0.00763578
0.275391 0.0090282
0.279297 0.0104368
0.283203 0.0118785
0.283203 0.0118785
0.287109 0.0133331
0.291016 0.0148145
0.294922 0.0163336
0.294922 0.0163336
0.298828 0.017867
0.302734 0.0194471
0.302734 0.0194471
0.306641 0.0210277
0.310547 0.0226475
0.310547 0.0226475
0.314453 0.0243089
0.314453 0.0243089
0.318359 0.0259723
0.322266 0.0276687
0.322266 0.0276687
0.326172 0.0293565
0.330078 0.0311036
0.330078 0.0311036
0.333984 0.0328385
0.337891 0.0345975
0.337891 0.0345975
0.341797 0.0363502
0.345703 0.0381041
0.349609 0.0398761
0.349609 0.0398761
0.353516 0.0416132
0.357422 0.0433691
0.357422 0.0433691
0.361328 0.045072
0.365234 0.0468048
0.365234 0.0468048
0.369141 0.0484826
0.373047 0.0501498
0.373047 0.0501498
0.376953 0.0517924
0.380859 0.0533811
0.384766 0.054968
0.384766 0.054968
0.388672 0.0564764
0.392578 0.057968
0.392578 0.057968
0.396484 0.0594237
0.400391 0.0608121
0.404297 0.0622004
0.404297 0.0622004
0.408203 0.0635149
0.412109 0.0647492
0.416016 0.0659757
0.416016 0.0659757
0.419922 0.0671633
0.423828 0.0682545
0.427734 0.0693022
0.431641 0.0703174
0.431641 0.0703174
0.435547 0.0712861
0.439453 0.0721793
0.443359 0.0730159
0.447266 0.0737985
0.451172 0.0745337
0.451172 0.0745337
0.455078 0.0752111
0.458984 0.0758253
0.462891 0.0763829
0.466797 0.0768853
0.470703 0.0773314
0.474609 0.0777233
0.478516 0.0780595
0.478516 0.0780595
0.482422 0.0783397
0.486328 0.0785639
0.490234 0.0787309
0.494141 0.0788425
0.498047 0.0788984
