-0.37545 -0.283203
-0.376449 -0.279297
-0.377444 -0.275391
-0.37844 -0.271484
-0.379401 -0.267578
-0.37844 -0.271484
-0.382985 -0.251953
-0.380306 -0.263672
-0.381204 -0.259766
-0.382095 -0.255859
-0.382985 -0.251953
-0.314453 -0.40555
-0.335085 -0.380859
-0.33765 -0.376953
-0.332366 -0.384766
-0.329444 -0.388672
-0.332366 -0.384766
-0.335085 -0.380859
-0.33765 -0.376953
-0.319531 -0.400391
-0.323057 -0.396484
-0.326339 -0.392578
-0.323057 -0.396484
-0.324219 -0.394531
-0.315735 -0.404297
-0.319531 -0.400391
-0.314453 -0.40555
-0.316406 -0.402344
-0.329444 -0.388672
-0.263672 -0.437589
-0.259766 -0.439059
-0.255859 -0.440415
-0.251953 -0.441708
-0.251953 -0.441708
-0.306641 -0.412575
-0.310547 -0.409205
-0.310547 -0.409205
-0.306641 -0.412575
-0.302734 -0.415738
-0.298828 -0.418661
-0.298828 -0.418661
-0.294922 -0.421394
-0.291016 -0.423941
-0.287109 -0.426324
-0.287109 -0.426324
-0.283203 -0.428527
-0.294922 -0.421394
-0.279297 -0.430645
-0.275391 -0.432521
-0.279297 -0.430645
-0.271484 -0.434351
-0.271484 -0.434351
-0.267578 -0.435999
-0.263672 -0.437589
-0.346733 -0.361328
-0.344639 -0.365234
-0.346733 -0.361328
-0.350654 -0.353516
-0.352485 -0.349609
-0.354231 -0.345703
-0.348734 -0.357422
-0.350654 -0.353516
-0.359146 -0.333984
-0.360616 -0.330078
-0.363517 -0.322266
-0.362074 -0.326172
-0.363517 -0.322266
-0.36484 -0.318359
-0.366167 -0.314453
-0.355945 -0.341797
-0.357533 -0.337891
-0.355945 -0.341797
-0.359146 -0.333984
-0.340138 -0.373047
-0.342416 -0.369141
-0.340138 -0.373047
-0.344639 -0.365234
-0.367479 -0.310547
-0.368682 -0.306641
-0.371093 -0.298828
-0.369884 -0.302734
-0.371093 -0.298828
-0.367479 -0.310547
-0.372193 -0.294922
-0.373295 -0.291016
-0.372193 -0.294922
-0.374381 -0.287109
-0.37545 -0.283203
-0.383804 -0.248047
-0.384626 -0.244141
-0.385427 -0.240234
-0.386229 -0.236328
-0.387014 -0.232422
-0.387747 -0.228516
-0.387014 -0.232422
-0.388475 -0.224609
-0.389187 -0.220703
-0.390609 -0.212891
-0.39126 -0.208984
-0.39191 -0.205078
-0.392541 -0.201172
-0.393158 -0.197266
-0.394364 -0.189453
-0.393764 -0.193359
-0.394364 -0.189453
-0.389898 -0.216797
-0.390609 -0.212891
-0.39126 -0.208984
-0.394933 -0.185547
-0.395478 -0.181641
-0.394933 -0.185547
-0.396011 -0.177734
-0.396526 -0.173828
-0.398449 -0.158203
-0.397025 -0.169922
-0.397513 -0.166016
-0.397987 -0.162109
-0.398449 -0.158203
-0.398872 -0.154297
-0.399283 -0.150391
-0.399676 -0.146484
-0.400052 -0.142578
-0.398872 -0.154297
-0.400409 -0.138672
-0.400747 -0.134766
-0.401065 -0.130859
-0.401362 -0.126953
-0.401636 -0.123047
-0.401888 -0.119141
-0.402326 -0.111328
-0.402118 -0.115234
-0.402326 -0.111328
-0.40251 -0.107422
-0.40266 -0.103516
-0.402794 -0.0996094
-0.402902 -0.0957031
-0.40298 -0.0917969
-0.403033 -0.0878906
-0.40306 -0.0839844
-0.403061 -0.0800781
-0.403033 -0.0761719
-0.402977 -0.0722656
-0.402891 -0.0683594
-0.402774 -0.0644531
-0.402627 -0.0605469
-0.402447 -0.0566406
-0.402627 -0.0605469
-0.402447 -0.0566406
-0.402238 -0.0527344
-0.402003 -0.0488281
-0.401737 -0.0449219
-0.401438 -0.0410156
-0.401104 -0.0371094
-0.40073 -0.0332031
-0.400331 -0.0292969
-0.399895 -0.0253906
-0.399409 -0.0214844
-0.398893 -0.0175781
-0.398893 -0.0175781
-0.398256 -0.0136719
-0.398256 -0.0136719
-0.397596 -0.00976562
-0.39694 -0.00585938
-0.396241 -0.00195312
-0.292812 -0.126953
-0.289822 -0.130859
-0.292812 -0.126953
-0.2864 -0.134766
-0.283203 -0.13808
-0.2864 -0.134766
-0.289822 -0.130859
-0.259766 -0.156113
-0.255859 -0.158149
-0.251953 -0.159981
-0.251953 -0.159981
-0.279297 -0.14184
-0.275391 -0.145242
-0.275391 -0.145242
-0.271484 -0.148264
-0.267578 -0.151073
-0.267578 -0.151073
-0.271484 -0.148264
-0.279297 -0.14184
-0.263672 -0.153779
-0.259766 -0.156113
-0.255859 -0.158149
-0.311553 -0.0957031
-0.313419 -0.0917969
-0.315278 -0.0878906
-0.31694 -0.0839844
-0.318749 -0.0800781
-0.31694 -0.0839844
-0.320351 -0.0761719
-0.322 -0.0722656
-0.323673 -0.0683594
-0.324815 -0.0644531
-0.323673 -0.0683594
-0.320351 -0.0761719
-0.325934 -0.0605469
-0.326702 -0.0566406
-0.326937 -0.0527344
-0.326713 -0.0488281
-0.326263 -0.0449219
-0.325794 -0.0410156
-0.325396 -0.0371094
-0.325061 -0.0332031
-0.324735 -0.0292969
-0.324308 -0.0253906
-0.324308 -0.0253906
-0.323689 -0.0214844
-0.322812 -0.0175781
-0.321632 -0.0136719
-0.319642 -0.00976562
-0.321632 -0.0136719
-0.319642 -0.00976562
-0.317079 -0.00585938
-0.317079 -0.00585938
-0.314453 -0.00305772
-0.297982 -0.119141
-0.30041 -0.115234
-0.302927 -0.111328
-0.30041 -0.115234
-0.305244 -0.107422
-0.307468 -0.103516
-0.309582 -0.0996094
-0.311553 -0.0957031
-0.309582 -0.0996094
-0.305244 -0.107422
-0.295556 -0.123047
-0.297982 -0.119141
-0.310547 0.000149956
-0.267578 -0.000941597
-0.249346 -0.0292969
-0.251064 -0.0253906
-0.254642 -0.0175781
-0.252827 -0.0214844
-0.254642 -0.0175781
-0.258944 -0.00976562
-0.261911 -0.00585938
-0.263672 -0.0040942
-0.261911 -0.00585938
-0.256578 -0.0136719
-0.258944 -0.00976562
-0.248047 -0.442884
-0.244141 -0.443998
-0.240234 -0.445075
-0.236328 -0.446092
-0.240234 -0.445075
-0.236328 -0.446092
-0.232422 -0.446987
-0.228516 -0.447828
-0.224609 -0.448627
-0.220703 -0.449407
-0.220703 -0.449407
-0.216797 -0.450141
-0.212891 -0.450806
-0.208984 -0.451429
-0.205078 -0.452013
-0.197266 -0.45307
-0.193359 -0.453565
-0.189453 -0.454029
-0.201172 -0.452557
-0.197266 -0.45307
-0.193359 -0.453565
-0.185547 -0.454463
-0.181641 -0.454867
-0.177734 -0.455248
-0.173828 -0.455608
-0.169922 -0.455947
-0.166016 -0.456265
-0.162109 -0.456563
-0.158203 -0.456843
-0.154297 -0.457108
-0.154297 -0.457108
-0.150391 -0.457358
-0.150391 -0.457358
-0.146484 -0.457594
-0.142578 -0.457816
-0.138672 -0.458026
-0.134766 -0.458224
-0.130859 -0.458412
-0.126953 -0.458589
-0.203125 -0.328125
-0.123047 -0.458757
-0.119141 -0.458916
-0.115234 -0.459065
-0.111328 -0.459208
-0.107422 -0.459342
-0.103516 -0.459469
-0.0996094 -0.459589
-0.0957031 -0.459702
-0.0917969 -0.459809
-0.0878906 -0.459909
-0.0839844 -0.460004
-0.0800781 -0.460094
-0.0761719 -0.460178
-0.0722656 -0.460258
-0.0683594 -0.460332
-0.0644531 -0.460401
-0.0605469 -0.460467
-0.0566406 -0.460527
-0.0527344 -0.460581
-0.0488281 -0.460632
-0.0449219 -0.460679
-0.0410156 -0.460721
-0.0371094 -0.460757
-0.0332031 -0.46079
-0.0292969 -0.46082
-0.0253906 -0.460847
-0.0214844 -0.46087
-0.0175781 -0.460888
-0.0136719 -0.460902
-0.00976562 -0.460914
-0.00585938 -0.460922
-0.00195312 -0.460924
-0.248047 -0.161578
-0.244141 -0.163037
-0.240234 -0.164406
-0.236328 -0.165416
-0.240234 -0.164406
-0.232422 -0.166284
-0.228516 -0.167055
-0.224609 -0.167682
-0.224609 -0.167682
-0.220703 -0.168166
-0.220703 -0.168166
-0.216797 -0.168439
-0.212891 -0.168537
-0.208984 -0.168465
-0.205078 -0.168229
-0.201172 -0.167862
-0.201172 -0.167862
-0.197266 -0.167317
-0.193359 -0.166528
-0.189453 -0.165506
-0.185547 -0.164405
-0.185547 -0.164405
-0.181641 -0.163214
-0.177734 -0.161543
-0.173828 -0.15992
-0.173828 -0.15992
-0.169922 -0.157982
-0.166016 -0.155967
-0.166016 -0.155967
-0.162109 -0.153593
-0.162109 -0.153593
-0.158203 -0.151037
-0.158203 -0.151037
-0.154297 -0.148068
-0.154297 -0.148068
-0.150391 -0.14476
-0.150391 -0.14476
-0.146484 -0.141156
-0.146484 -0.141156
-0.143975 -0.138672
-0.140325 -0.134766
-0.140325 -0.134766
-0.137044 -0.130859
-0.137044 -0.130859
-0.134051 -0.126953
-0.134051 -0.126953
-0.217314 -0.0839844
-0.220408 -0.0800781
-0.225959 -0.0722656
-0.231131 -0.0644531
-0.228624 -0.0683594
-0.231131 -0.0644531
-0.223256 -0.0761719
-0.225959 -0.0722656
-0.223256 -0.0761719
-0.208984 -0.0929109
-0.205078 -0.0958508
-0.201172 -0.0979655
-0.201172 -0.0979655
-0.197266 -0.0992103
-0.193359 -0.0996876
-0.189453 -0.0985128
-0.189453 -0.0985128
-0.214025 -0.0878906
-0.210236 -0.0917969
-0.214025 -0.0878906
-0.217314 -0.0839844
-0.220408 -0.0800781
-0.208984 -0.0929109
-0.187543 -0.0761719
-0.189306 -0.0722656
-0.191144 -0.0683594
-0.192994 -0.0644531
-0.191144 -0.0683594
-0.233589 -0.0605469
-0.235927 -0.0566406
-0.238088 -0.0527344
-0.24013 -0.0488281
-0.238088 -0.0527344
-0.242057 -0.0449219
-0.243935 -0.0410156
-0.245769 -0.0371094
-0.247548 -0.0332031
-0.245769 -0.0371094
-0.242057 -0.0449219
-0.233589 -0.0605469
-0.249346 -0.0292969
-0.202522 -0.0410156
-0.203799 -0.0371094
-0.20497 -0.0332031
-0.194785 -0.0605469
-0.19649 -0.0566406
-0.199662 -0.0488281
-0.198129 -0.0527344
-0.199662 -0.0488281
-0.194785 -0.0605469
-0.201144 -0.0449219
-0.202522 -0.0410156
-0.206788 -0.0253906
-0.205974 -0.0292969
-0.206788 -0.0253906
-0.207338 -0.0214844
-0.207418 -0.0175781
-0.207338 -0.0214844
-0.207031 -0.0136719
-0.20601 -0.00976562
-0.207031 -0.0136719
-0.20601 -0.00976562
-0.204436 -0.00585938
-0.202755 -0.00195312
-0.202755 -0.00195312
-0.186537 -0.0957031
-0.184862 -0.0917969
-0.184397 -0.0878906
-0.184876 -0.0839844
-0.186033 -0.0800781
-0.187543 -0.0761719
-0.131309 -0.123047
-0.128824 -0.119141
-0.128824 -0.119141
-0.126591 -0.115234
-0.124395 -0.111328
-0.124395 -0.111328
-0.12246 -0.107422
-0.120516 -0.103516
-0.120516 -0.103516
-0.118867 -0.0996094
-0.117228 -0.0957031
-0.117228 -0.0957031
-0.115808 -0.0917969
-0.114497 -0.0878906
-0.113163 -0.0839844
-0.113163 -0.0839844
-0.112012 -0.0800781
-0.110986 -0.0761719
-0.110002 -0.0722656
-0.108959 -0.0683594
-0.108959 -0.0683594
-0.108085 -0.0644531
-0.107262 -0.0605469
-0.106513 -0.0566406
-0.105823 -0.0527344
-0.105127 -0.0488281
-0.105823 -0.0527344
-0.105127 -0.0488281
-0.104561 -0.0449219
-0.104021 -0.0410156
-0.103526 -0.0371094
-0.103064 -0.0332031
-0.102649 -0.0292969
-0.102275 -0.0253906
-0.101939 -0.0214844
-0.101631 -0.0175781
-0.101631 -0.0175781
-0.101329 -0.0136719
-0.101082 -0.00976562
-0.100871 -0.00585938
-0.10069 -0.00195312
-0.395495 0.00195312
-0.394676 0.00585938
-0.394676 0.00585938
-0.393742 0.00976562
-0.392816 0.0136719
-0.391821 0.0175781
-0.390704 0.0214844
-0.391821 0.0175781
-0.390704 0.0214844
-0.389461 0.0253906
-0.388216 0.0292969
-0.386879 0.0332031
-0.386879 0.0332031
-0.385407 0.0371094
-0.383932 0.0410156
-0.382303 0.0449219
-0.382303 0.0449219
-0.380569 0.0488281
-0.378693 0.0527344
-0.378693 0.0527344
-0.376675 0.0566406
-0.374507 0.0605469
-0.374507 0.0605469
-0.372203 0.0644531
-0.372203 0.0644531
-0.369674 0.0683594
-0.367087 0.0722656
-0.367087 0.0722656
-0.364305 0.0761719
-0.364305 0.0761719
-0.361287 0.0800781
-0.358088 0.0839844
-0.358088 0.0839844
-0.354647 0.0878906
-0.354647 0.0878906
-0.350922 0.0917969
-0.351562 0.0898437
-0.350922 0.0917969
-0.349609 0.0931153
-0.345703 0.0968719
-0.345703 0.0968719
-0.341797 0.100355
-0.339844 0.101562
-0.341797 0.100355
-0.337891 0.103528
-0.337891 0.103528
-0.333984 0.106366
-0.333984 0.106366
-0.330078 0.108912
-0.330078 0.108912
-0.326172 0.110951
-0.322266 0.112633
-0.322266 0.112633
-0.318359 0.114017
-0.318359 0.114017
-0.314453 0.115053
-0.310547 0.000149956
-0.306641 0.00247787
-0.302734 0.00420242
-0.302734 0.00420242
-0.298828 0.00544085
-0.294922 0.0061844
-0.291016 0.00647063
-0.287109 0.00632932
-0.283203 0.00577512
-0.279297 0.00481235
-0.275391 0.00343379
-0.275391 0.00343379
-0.271484 0.00154972
-0.267578 -0.000941597
-0.310547 0.115738
-0.306641 0.116081
-0.302734 0.116048
-0.298828 0.115708
-0.294922 0.115126
-0.291016 0.114332
-0.287109 0.113325
-0.287109 0.113325
-0.283203 0.11217
-0.275391 0.109546
-0.271484 0.108083
-0.267578 0.106631
-0.267578 0.106631
-0.279297 0.110916
-0.275391 0.109546
-0.263672 0.105119
-0.263672 0.105119
-0.259766 0.103616
-0.255859 0.102094
-0.251953 0.100416
-0.255859 0.102094
-0.498047 0.455245
-0.494141 0.455244
-0.490234 0.455236
-0.486328 0.455221
-0.482422 0.455198
-0.478516 0.455171
-0.474609 0.45514
-0.470703 0.455104
-0.466797 0.455062
-0.462891 0.455014
-0.458984 0.454962
-0.455078 0.454904
-0.451172 0.454841
-0.447266 0.454772
-0.443359 0.454696
-0.439453 0.454614
-0.435547 0.454525
-0.431641 0.454428
-0.427734 0.454324
-0.423828 0.454213
-0.419922 0.454093
-0.416016 0.453966
-0.412109 0.45383
-0.408203 0.453684
-0.394531 0.453093
-0.404297 0.453528
-0.400391 0.453363
-0.396484 0.453186
-0.388672 0.4528
-0.384766 0.452589
-0.380859 0.452364
-0.376953 0.452124
-0.373047 0.451867
-0.369141 0.451594
-0.365234 0.451302
-0.361328 0.450993
-0.357422 0.450661
-0.353516 0.450306
-0.349609 0.449926
-0.345703 0.449517
-0.341797 0.44908
-0.341797 0.44908
-0.337891 0.44862
-0.333984 0.448131
-0.330078 0.44761
-0.326172 0.447057
-0.322266 0.446467
-0.314453 0.445133
-0.318359 0.445826
-0.314453 0.445133
-0.283203 0.437944
-0.279297 0.436713
-0.275391 0.435443
-0.271484 0.434133
-0.271484 0.434133
-0.267578 0.432671
-0.259766 0.429537
-0.263672 0.431169
-0.259766 0.429537
-0.255859 0.427806
-0.251953 0.425988
-0.251953 0.425988
-0.310547 0.444415
-0.306641 0.443662
-0.302734 0.442867
-0.298828 0.442005
-0.294922 0.441042
-0.294922 0.441042
-0.291016 0.440044
-0.287109 0.439028
-0.283203 0.437944
-0.201084 0.00195312
-0.199687 0.00585938
-0.199687 0.00585938
-0.19861 0.00976562
-0.197794 0.0136719
-0.197278 0.0175781
-0.197025 0.0214844
-0.197028 0.0253906
-0.197271 0.0292969
-0.203116 0.0527344
-0.206637 0.0605469
-0.204789 0.0566406
-0.206637 0.0605469
-0.19843 0.0371094
-0.197743 0.0332031
-0.19843 0.0371094
-0.199308 0.0410156
-0.200382 0.0449219
-0.199308 0.0410156
-0.201657 0.0488281
-0.203116 0.0527344
-0.240234 0.0948497
-0.236328 0.0926068
-0.228516 0.0872883
-0.232422 0.0901113
-0.232422 0.0901113
-0.228516 0.0872883
-0.222656 0.0820312
-0.224609 0.0840715
-0.22042 0.0800781
-0.220703 0.0803683
-0.248047 0.0987215
-0.244141 0.0968197
-0.244141 0.0968197
-0.240234 0.0948497
-0.236328 0.0926068
-0.211054 0.0683594
-0.21377 0.0722656
-0.216872 0.0761719
-0.21377 0.0722656
-0.208715 0.0644531
-0.211054 0.0683594
-0.22042 0.0800781
-0.124974 0.212891
-0.125926 0.216797
-0.126902 0.220703
-0.127876 0.224609
-0.128814 0.228516
-0.129834 0.232422
-0.128814 0.228516
-0.132935 0.244141
-0.134049 0.248047
-0.130886 0.236328
-0.131938 0.240234
-0.132935 0.244141
-0.100539 0.00195312
-0.100417 0.00585938
-0.100322 0.00976562
-0.100254 0.0136719
-0.10021 0.0175781
-0.100193 0.0214844
-0.100202 0.0253906
-0.100237 0.0292969
-0.100298 0.0332031
-0.100385 0.0371094
-0.100496 0.0410156
-0.100631 0.0449219
-0.10079 0.0488281
-0.100969 0.0527344
-0.101171 0.0566406
-0.101387 0.0605469
-0.101629 0.0644531
-0.101899 0.0683594
-0.10219 0.0722656
-0.102502 0.0761719
-0.101629 0.0644531
-0.102837 0.0800781
-0.103196 0.0839844
-0.103576 0.0878906
-0.103977 0.0917969
-0.104394 0.0957031
-0.104826 0.0996094
-0.105261 0.103516
-0.105728 0.107422
-0.105261 0.103516
-0.106232 0.111328
-0.106754 0.115234
-0.107289 0.119141
-0.10784 0.123047
-0.109547 0.134766
-0.110182 0.138672
-0.110832 0.142578
-0.111496 0.146484
-0.112172 0.150391
-0.112844 0.154297
-0.108402 0.126953
-0.10897 0.130859
-0.109547 0.134766
-0.113515 0.158203
-0.114249 0.162109
-0.113515 0.158203
-0.114993 0.166016
-0.115753 0.169922
-0.117249 0.177734
-0.118068 0.181641
-0.118895 0.185547
-0.116519 0.173828
-0.117249 0.177734
-0.119727 0.189453
-0.120557 0.193359
-0.121374 0.197266
-0.122275 0.201172
-0.121374 0.197266
-0.123185 0.205078
-0.124099 0.208984
-0.124974 0.212891
-0.186214 0.369141
-0.189059 0.373047
-0.140984 0.271484
-0.142266 0.275391
-0.143566 0.279297
-0.136281 0.255859
-0.135179 0.251953
-0.136281 0.255859
-0.137406 0.259766
-0.138611 0.263672
-0.139818 0.267578
-0.140984 0.271484
-0.148935 0.294922
-0.144813 0.283203
-0.146196 0.287109
-0.144813 0.283203
-0.147583 0.291016
-0.148935 0.294922
-0.151899 0.302734
-0.150432 0.298828
-0.151899 0.302734
-0.153406 0.306641
-0.155018 0.310547
-0.15656 0.314453
-0.158274 0.318359
-0.159957 0.322266
-0.161744 0.326172
-0.159957 0.322266
-0.163568 0.330078
-0.165449 0.333984
-0.167415 0.337891
-0.16945 0.341797
-0.167415 0.337891
-0.163568 0.330078
-0.171549 0.345703
-0.173782 0.349609
-0.176017 0.353516
-0.178442 0.357422
-0.176017 0.353516
-0.183478 0.365234
-0.180906 0.361328
-0.183478 0.365234
-0.186214 0.369141
-0.180906 0.361328
-0.171549 0.345703
-0.15656 0.314453
-0.220703 0.406257
-0.244141 0.421952
-0.240234 0.419741
-0.236328 0.417358
-0.236328 0.417358
-0.248047 0.424027
-0.244141 0.421952
-0.232422 0.414858
-0.228516 0.412169
-0.232422 0.414858
-0.224609 0.409296
-0.224609 0.409296
-0.220703 0.406257
-0.201962 0.388672
-0.212891 0.399571
-0.216797 0.403027
-0.216797 0.403027
-0.212891 0.399571
-0.208984 0.395894
-0.208984 0.395894
-0.20566 0.392578
-0.195162 0.380859
-0.198469 0.384766
-0.201962 0.388672
-0.198469 0.384766
-0.192026 0.376953
-0.195162 0.380859
-0.192026 0.376953
0.00195312 -0.460923
0.00585938 -0.460918
0.00976562 -0.460909
0.0136719 -0.460897
0.0175781 -0.460882
0.0214844 -0.460865
0.0253906 -0.460845
0.0292969 -0.460821
0.0332031 -0.460793
0.0371094 -0.46076
0.0410156 -0.460723
0.0449219 -0.460682
0.0488281 -0.460636
0.0527344 -0.460586
0.0566406 -0.46053
0.0605469 -0.460468
0.0644531 -0.460402
0.0683594 -0.460333
0.0722656 -0.46026
0.0761719 -0.460182
0.0800781 -0.460099
0.0839844 -0.460011
0.0878906 -0.459917
0.0917969 -0.459818
0.0957031 -0.459712
0.0996094 -0.459601
0.103516 -0.459482
0.107422 -0.459356
0.111328 -0.459223
0.115234 -0.459082
0.119141 -0.458934
0.123047 -0.458777
0.126953 -0.458611
0.130859 -0.458435
0.134766 -0.458248
0.138672 -0.458051
0.142578 -0.457842
0.146484 -0.457619
0.150391 -0.457383
0.154297 -0.457132
0.154297 -0.457132
0.158203 -0.456867
0.162109 -0.456588
0.166016 -0.45629
0.169922 -0.455974
0.173828 -0.455636
0.177734 -0.455278
0.181641 -0.454898
0.185547 -0.454498
0.189453 -0.454067
0.193359 -0.453609
0.197266 -0.453118
0.193359 -0.453609
0.197266 -0.453118
0.201172 -0.452609
0.205078 -0.452071
0.208984 -0.451493
0.212891 -0.450874
0.216797 -0.450212
0.220703 -0.449483
0.220703 -0.449483
0.224609 -0.448701
0.228516 -0.447904
0.232422 -0.447065
0.236328 -0.446179
0.240234 -0.445171
0.240234 -0.445171
0.244141 -0.444097
0.248047 -0.442984
0.124634 -0.111328
0.11745 -0.0957031
0.120767 -0.103516
0.122709 -0.107422
0.120767 -0.103516
0.119089 -0.0996094
0.11745 -0.0957031
0.10914 -0.0683594
0.108245 -0.0644531
0.115994 -0.0917969
0.114684 -0.0878906
0.113369 -0.0839844
0.112187 -0.0800781
0.113369 -0.0839844
0.111153 -0.0761719
0.110169 -0.0722656
0.10914 -0.0683594
0.107408 -0.0605469
0.106642 -0.0566406
0.105248 -0.0488281
0.105946 -0.0527344
0.105248 -0.0488281
0.104676 -0.0449219
0.104143 -0.0410156
0.103651 -0.0371094
0.103187 -0.0332031
0.102765 -0.0292969
0.102384 -0.0253906
0.102041 -0.0214844
0.101729 -0.0175781
0.101425 -0.0136719
0.101164 -0.00976562
0.100944 -0.00585938
0.100758 -0.00195312
0.101425 -0.0136719
0.140583 -0.134766
0.137286 -0.130859
0.134316 -0.126953
0.137286 -0.130859
0.146484 -0.140955
0.154297 -0.147902
0.150391 -0.144584
0.150391 -0.144584
0.154297 -0.147902
0.144203 -0.138672
0.140583 -0.134766
0.144203 -0.138672
0.166016 -0.15583
0.169922 -0.157847
0.173828 -0.159817
0.173828 -0.159817
0.177734 -0.161459
0.185547 -0.164416
0.181641 -0.163189
0.185547 -0.164416
0.158203 -0.150867
0.158203 -0.150867
0.162109 -0.153429
0.162109 -0.153429
0.166016 -0.15583
0.189453 -0.165557
0.193359 -0.166598
0.197266 -0.167388
0.201172 -0.167936
0.201172 -0.167936
0.205078 -0.168338
0.208984 -0.168578
0.212891 -0.168658
0.216797 -0.168584
0.220703 -0.168328
0.224609 -0.167888
0.224609 -0.167888
0.228516 -0.167268
0.232422 -0.166494
0.236328 -0.165614
0.240234 -0.164643
0.240234 -0.164643
0.244141 -0.163276
0.244141 -0.163276
0.248047 -0.161789
0.129076 -0.119141
0.131545 -0.123047
0.129076 -0.119141
0.12682 -0.115234
0.124634 -0.111328
0.131545 -0.123047
0.187306 -0.0957031
0.185132 -0.0917969
0.184581 -0.0878906
0.185089 -0.0839844
0.186384 -0.0800781
0.188003 -0.0761719
0.189453 -0.0974636
0.189453 -0.0974636
0.193359 -0.0983669
0.197266 -0.0979289
0.197266 -0.0979289
0.201172 -0.0966502
0.205078 -0.0945428
0.188003 -0.0761719
0.189997 -0.0722656
0.191997 -0.0683594
0.191997 -0.0683594
0.194031 -0.0644531
0.205078 -0.0945428
0.208984 -0.0917641
0.208984 -0.0917641
0.212891 -0.0883092
0.212891 -0.0883092
0.213325 -0.0878906
0.217087 -0.0839844
0.220593 -0.0800781
0.217087 -0.0839844
0.220593 -0.0800781
0.223817 -0.0761719
0.223817 -0.0761719
0.22678 -0.0722656
0.22678 -0.0722656
0.229627 -0.0683594
0.229627 -0.0683594
0.232408 -0.0644531
0.195936 -0.0605469
0.195936 -0.0605469
0.197761 -0.0566406
0.199453 -0.0527344
0.199453 -0.0527344
0.201066 -0.0488281
0.202568 -0.0449219
0.202568 -0.0449219
0.203971 -0.0410156
0.205275 -0.0371094
0.206402 -0.0332031
0.216797 -0.0332031
0.20224 -0.00195312
0.207419 -0.0292969
0.207419 -0.0292969
0.208117 -0.0253906
0.208452 -0.0214844
0.208243 -0.0175781
0.207465 -0.0136719
0.206115 -0.00976562
0.207465 -0.0136719
0.206115 -0.00976562
0.204187 -0.00585938
0.20224 -0.00195312
0.235015 -0.0605469
0.235015 -0.0605469
0.237466 -0.0566406
0.237466 -0.0566406
0.239702 -0.0527344
0.241803 -0.0488281
0.241803 -0.0488281
0.243792 -0.0449219
0.245743 -0.0410156
0.245743 -0.0410156
0.247625 -0.0371094
0.249515 -0.0332031
0.228516 -0.0253906
0.251953 -0.441816
0.251953 -0.441816
0.255859 -0.440525
0.259766 -0.439173
0.263672 -0.437715
0.263672 -0.437715
0.267578 -0.436121
0.271484 -0.434479
0.271484 -0.434479
0.275391 -0.432635
0.275391 -0.432635
0.279297 -0.430763
0.279297 -0.430763
0.283203 -0.428639
0.283203 -0.428639
0.287109 -0.426445
0.287109 -0.426445
0.291016 -0.424058
0.294922 -0.421522
0.294922 -0.421522
0.298828 -0.418801
0.298828 -0.418801
0.302734 -0.415891
0.306641 -0.41275
0.306641 -0.41275
0.310547 -0.40937
0.310547 -0.40937
0.314453 -0.405755
0.314453 -0.405755
0.315945 -0.404297
0.319742 -0.400391
0.320312 -0.398437
0.319742 -0.400391
0.323281 -0.396484
0.323281 -0.396484
0.326565 -0.392578
0.326565 -0.392578
0.329662 -0.388672
0.332581 -0.384766
0.332581 -0.384766
0.335309 -0.380859
0.335309 -0.380859
0.337854 -0.376953
0.340349 -0.373047
0.340349 -0.373047
0.342636 -0.369141
0.344845 -0.365234
0.342636 -0.369141
0.344845 -0.365234
0.346968 -0.361328
0.346968 -0.361328
0.348943 -0.357422
0.350893 -0.353516
0.350893 -0.353516
0.352706 -0.349609
0.354476 -0.345703
0.35618 -0.341797
0.35618 -0.341797
0.357775 -0.337891
0.359385 -0.333984
0.359385 -0.333984
0.360857 -0.330078
0.362333 -0.326172
0.363771 -0.322266
0.363771 -0.322266
0.365096 -0.318359
0.366433 -0.314453
0.367735 -0.310547
0.368944 -0.306641
0.367735 -0.310547
0.368944 -0.306641
0.370158 -0.302734
0.371363 -0.298828
0.371363 -0.298828
0.37247 -0.294922
0.373579 -0.291016
0.374689 -0.287109
0.374689 -0.287109
0.375732 -0.283203
0.376744 -0.279297
0.37774 -0.275391
0.37875 -0.271484
0.37875 -0.271484
0.379682 -0.267578
0.380606 -0.263672
0.38151 -0.259766
0.38242 -0.255859
0.383296 -0.251953
0.38242 -0.255859
0.383296 -0.251953
0.251953 -0.160207
0.251953 -0.160207
0.255859 -0.158348
0.259766 -0.156426
0.259766 -0.156426
0.263672 -0.15412
0.267578 -0.151499
0.267578 -0.151499
0.271484 -0.148678
0.271484 -0.148678
0.275391 -0.145616
0.275391 -0.145616
0.279297 -0.14215
0.279297 -0.14215
0.282841 -0.138672
0.286567 -0.134766
0.286567 -0.134766
0.290027 -0.130859
0.290027 -0.130859
0.293122 -0.126953
0.293122 -0.126953
0.295925 -0.123047
0.295925 -0.123047
0.298522 -0.119141
0.300899 -0.115234
0.300899 -0.115234
0.303327 -0.111328
0.30563 -0.107422
0.30563 -0.107422
0.307803 -0.103516
0.307803 -0.103516
0.30994 -0.0996094
0.311933 -0.0957031
0.249515 -0.0332031
0.251309 -0.0292969
0.253136 -0.0253906
0.253136 -0.0253906
0.254882 -0.0214844
0.256647 -0.0175781
0.258589 -0.0136719
0.258589 -0.0136719
0.260816 -0.00976562
0.260816 -0.00976562
0.264028 -0.00585938
0.267578 -0.00265209
0.267578 -0.00265209
0.271484 8.50678e-06
0.310547 -0.000778103
0.311933 -0.0957031
0.313944 -0.0917969
0.315862 -0.0878906
0.315862 -0.0878906
0.317717 -0.0839844
0.319568 -0.0800781
0.319568 -0.0800781
0.321218 -0.0761719
0.323064 -0.0722656
0.324396 -0.0683594
0.324396 -0.0683594
0.325376 -0.0644531
0.326154 -0.0605469
0.326513 -0.0566406
0.326515 -0.0527344
0.326327 -0.0488281
0.326121 -0.0449219
0.325978 -0.0410156
0.325891 -0.0371094
0.325818 -0.0332031
0.325695 -0.0292969
0.325439 -0.0253906
0.323992 -0.0175781
0.324963 -0.0214844
0.323992 -0.0175781
0.320224 -0.00976562
0.314453 -0.00356369
0.314453 -0.00356369
0.317007 -0.00585938
0.322484 -0.0136719
0.320224 -0.00976562
0.384126 -0.248047
0.384944 -0.244141
0.38575 -0.240234
0.386565 -0.236328
0.386565 -0.236328
0.387326 -0.232422
0.388067 -0.228516
0.388797 -0.224609
0.389515 -0.220703
0.390229 -0.216797
0.390923 -0.212891
0.390923 -0.212891
0.391575 -0.208984
0.392222 -0.205078
0.392849 -0.201172
0.393461 -0.197266
0.394069 -0.193359
0.394668 -0.189453
0.394668 -0.189453
0.39521 -0.185547
0.395752 -0.181641
0.396273 -0.177734
0.396782 -0.173828
0.397276 -0.169922
0.397757 -0.166016
0.398225 -0.162109
0.398672 -0.158203
0.398225 -0.162109
0.398672 -0.158203
0.399086 -0.154297
0.399492 -0.150391
0.399876 -0.146484
0.400242 -0.142578
0.40059 -0.138672
0.400918 -0.134766
0.401228 -0.130859
0.401519 -0.126953
0.401793 -0.123047
0.402049 -0.119141
0.402285 -0.115234
0.402285 -0.115234
0.402499 -0.111328
0.402677 -0.107422
0.402677 -0.107422
0.402846 -0.103516
0.402989 -0.0996094
0.403105 -0.0957031
0.403198 -0.0917969
0.403265 -0.0878906
0.403305 -0.0839844
0.403319 -0.0800781
0.403307 -0.0761719
0.403269 -0.0722656
0.403203 -0.0683594
0.403107 -0.0644531
0.40298 -0.0605469
0.402822 -0.0566406
0.402631 -0.0527344
0.402398 -0.0488281
0.402631 -0.0527344
0.402398 -0.0488281
0.402139 -0.0449219
0.401853 -0.0410156
0.401532 -0.0371094
0.401173 -0.0332031
0.399331 -0.0175781
0.400769 -0.0292969
0.400332 -0.0253906
0.399857 -0.0214844
0.399331 -0.0175781
0.398769 -0.0136719
0.39805 -0.00976562
0.397351 -0.00585938
0.396618 -0.00195312
0.398769 -0.0136719
0.39805 -0.00976562
0.100604 0.00195312
0.10048 0.00585938
0.100385 0.00976562
0.100317 0.0136719
0.100275 0.0175781
0.100259 0.0214844
0.100269 0.0253906
0.100304 0.0292969
0.100365 0.0332031
0.100451 0.0371094
0.100558 0.0410156
0.10069 0.0449219
0.100844 0.0488281
0.101018 0.0527344
0.101218 0.0566406
0.101429 0.0605469
0.101673 0.0644531
0.101673 0.0644531
0.101943 0.0683594
0.102235 0.0722656
0.102549 0.0761719
0.102884 0.0800781
0.103239 0.0839844
0.103616 0.0878906
0.104013 0.0917969
0.104426 0.0957031
0.104857 0.0996094
0.105289 0.103516
0.105289 0.103516
0.105758 0.107422
0.106264 0.111328
0.106788 0.115234
0.107327 0.119141
0.107883 0.123047
0.108447 0.126953
0.109014 0.130859
0.109599 0.134766
0.109599 0.134766
0.110236 0.138672
0.110888 0.142578
0.111552 0.146484
0.112221 0.150391
0.112883 0.154297
0.113555 0.158203
0.113555 0.158203
0.114291 0.162109
0.115037 0.166016
0.115795 0.169922
0.116559 0.173828
0.117288 0.177734
0.117288 0.177734
0.118104 0.181641
0.11893 0.185547
0.119763 0.189453
0.120591 0.193359
0.121413 0.197266
0.121413 0.197266
0.122314 0.201172
0.123221 0.205078
0.124131 0.208984
0.125001 0.212891
0.199012 0.00585938
0.200421 0.00195312
0.199012 0.00585938
0.197956 0.00976562
0.197254 0.0136719
0.196843 0.0175781
0.196682 0.0214844
0.196759 0.0253906
0.19707 0.0292969
0.197593 0.0332031
0.198312 0.0371094
0.199209 0.0410156
0.199209 0.0410156
0.200292 0.0449219
0.20157 0.0488281
0.20303 0.0527344
0.20303 0.0527344
0.204696 0.0566406
0.20654 0.0605469
0.20654 0.0605469
0.20861 0.0644531
0.210953 0.0683594
0.210953 0.0683594
0.213684 0.0722656
0.213684 0.0722656
0.21682 0.0761719
0.220439 0.0800781
0.220439 0.0800781
0.220703 0.0803428
0.224609 0.0839437
0.224609 0.0839437
0.228516 0.0870609
0.228516 0.0870609
0.232422 0.0897946
0.232422 0.0897946
0.236328 0.0922347
0.240234 0.0944214
0.240234 0.0944214
0.244141 0.0963395
0.248047 0.098208
0.248047 0.098208
0.125001 0.212891
0.125957 0.216797
0.126932 0.220703
0.127903 0.224609
0.128838 0.228516
0.128838 0.228516
0.129858 0.232422
0.13091 0.236328
0.131963 0.240234
0.132962 0.244141
0.132962 0.244141
0.134082 0.248047
0.135213 0.251953
0.136313 0.255859
0.136313 0.255859
0.137447 0.259766
0.138659 0.263672
0.139864 0.267578
0.141031 0.271484
0.141031 0.271484
0.142315 0.275391
0.143613 0.279297
0.144861 0.283203
0.144861 0.283203
0.146244 0.287109
0.147625 0.291016
0.148978 0.294922
0.148978 0.294922
0.150474 0.298828
0.151939 0.302734
0.151939 0.302734
0.153455 0.306641
0.155072 0.310547
0.156615 0.314453
0.156615 0.314453
0.15834 0.318359
0.160025 0.322266
0.160025 0.322266
0.161826 0.326172
0.163648 0.330078
0.163648 0.330078
0.165546 0.333984
0.167507 0.337891
0.167507 0.337891
0.169554 0.341797
0.171635 0.345703
0.171635 0.345703
0.173879 0.349609
0.176122 0.353516
0.176122 0.353516
0.17854 0.357422
0.17854 0.357422
0.181005 0.361328
0.183568 0.365234
0.183568 0.365234
0.186301 0.369141
0.186301 0.369141
0.189146 0.373047
0.192103 0.376953
0.192103 0.376953
0.195232 0.380859
0.195232 0.380859
0.198536 0.384766
0.198536 0.384766
0.202034 0.388672
0.202034 0.388672
0.20574 0.392578
0.208984 0.395814
0.208984 0.395814
0.212891 0.399489
0.212891 0.399489
0.216797 0.402939
0.216797 0.402939
0.220703 0.40617
0.220703 0.40617
0.224609 0.409204
0.224609 0.409204
0.228516 0.412069
0.232422 0.414741
0.232422 0.414741
0.236328 0.41724
0.236328 0.41724
0.240234 0.419629
0.244141 0.421834
0.244141 0.421834
0.248047 0.423917
0.255859 0.00976562
0.271484 8.50678e-06
0.271484 0.0136719
0.275391 0.00201862
0.279297 0.00353501
0.279297 0.00353501
0.283203 0.0045636
0.287109 0.00515376
0.283203 0.0136719
0.291016 0.00532011
0.294922 0.00504978
0.298828 0.0043075
0.298828 0.0043075
0.302734 0.00308143
0.302734 0.0136719
0.306641 0.00137251
0.310547 -0.000778103
0.251953 0.0999146
0.255859 0.101565
0.255859 0.101565
0.259766 0.103147
0.263672 0.104666
0.263672 0.104666
0.267578 0.106235
0.267578 0.106235
0.271484 0.107711
0.275391 0.109184
0.275391 0.109184
0.279297 0.110581
0.283203 0.111814
0.287109 0.112941
0.287109 0.112941
0.291016 0.113948
0.294922 0.114708
0.298828 0.115212
0.302734 0.115444
0.306641 0.115391
0.310547 0.115023
0.374269 0.0605469
0.326172 0.109966
0.314453 0.114297
0.318359 0.1132
0.318359 0.1132
0.322266 0.111721
0.326172 0.109966
0.330078 0.107858
0.333984 0.105431
0.333984 0.105431
0.337891 0.102536
0.341797 0.0993632
0.341797 0.0993632
0.337891 0.102536
0.330078 0.107858
0.349609 0.0922133
0.35737 0.0839844
0.360672 0.0800781
0.35737 0.0839844
0.353835 0.0878906
0.35003 0.0917969
0.353835 0.0878906
0.363724 0.0761719
0.366614 0.0722656
0.363724 0.0761719
0.371899 0.0644531
0.369296 0.0683594
0.371899 0.0644531
0.366614 0.0722656
0.360672 0.0800781
0.345703 0.0959204
0.345703 0.0959204
0.349609 0.0922133
0.390951 0.0214844
0.389663 0.0253906
0.38838 0.0292969
0.395025 0.00585938
0.395843 0.00195312
0.395025 0.00585938
0.394063 0.00976562
0.393104 0.0136719
0.394063 0.00976562
0.392074 0.0175781
0.390951 0.0214844
0.382266 0.0449219
0.387003 0.0332031
0.38546 0.0371094
0.387003 0.0332031
0.383938 0.0410156
0.382266 0.0449219
0.378567 0.0527344
0.380492 0.0488281
0.378567 0.0527344
0.376511 0.0566406
0.374269 0.0605469
0.251953 0.425878
0.251953 0.425878
0.255859 0.4277
0.259766 0.429427
0.259766 0.429427
0.263672 0.43107
0.267578 0.432567
0.271484 0.43403
0.271484 0.43403
0.275391 0.435347
0.279297 0.436619
0.283203 0.437852
0.283203 0.437852
0.287109 0.438946
0.291016 0.439961
0.294922 0.440956
0.294922 0.440956
0.298828 0.441924
0.298828 0.441924
0.302734 0.442795
0.306641 0.443591
0.310547 0.444349
0.314453 0.44507
0.314453 0.44507
0.318359 0.445765
0.322266 0.44641
0.326172 0.447002
0.330078 0.447557
0.333984 0.448079
0.337891 0.44857
0.341797 0.449029
0.341797 0.449029
0.345703 0.449465
0.349609 0.449874
0.353516 0.450254
0.357422 0.450609
0.361328 0.450942
0.365234 0.451253
0.369141 0.451547
0.373047 0.451824
0.376953 0.452083
0.380859 0.452327
0.384766 0.452556
0.388672 0.452771
0.392578 0.452972
0.396484 0.453161
0.396484 0.453161
0.400391 0.453338
0.404297 0.453505
0.408203 0.45366
0.412109 0.453807
0.416016 0.453944
0.419922 0.454074
0.423828 0.454195
0.427734 0.454308
0.431641 0.454414
0.435547 0.454511
0.439453 0.4546
0.443359 0.454682
0.447266 0.454756
0.451172 0.454825
0.455078 0.454887
0.458984 0.454945
0.462891 0.454997
0.466797 0.455045
0.470703 0.455089
0.474609 0.455125
0.478516 0.455157
0.482422 0.455184
0.486328 0.455207
0.490234 0.455223
0.494141 0.455233
0.498047 0.455241
