-0.468085 -0.439453
-0.443359 -0.468329
-0.439453 -0.470447
-0.455078 -0.459028
-0.458553 -0.455078
-0.45512 -0.458984
-0.458553 -0.455078
-0.464004 -0.447266
-0.461485 -0.451172
-0.464004 -0.447266
-0.466167 -0.443359
-0.468085 -0.439453
-0.461485 -0.451172
-0.451172 -0.462744
-0.447266 -0.465819
-0.447266 -0.465819
-0.443359 -0.468329
-0.469731 -0.435547
-0.471218 -0.431641
-0.472522 -0.427734
-0.473657 -0.423828
-0.472522 -0.427734
-0.476587 -0.412109
-0.477316 -0.408203
-0.474728 -0.419922
-0.475727 -0.416016
-0.476587 -0.412109
-0.477982 -0.404297
-0.478598 -0.400391
-0.479179 -0.396484
-0.479736 -0.392578
-0.480258 -0.388672
-0.4807 -0.384766
-0.480258 -0.388672
-0.481098 -0.380859
-0.481465 -0.376953
-0.435547 -0.472166
-0.435547 -0.472166
-0.431641 -0.473567
-0.427734 -0.474655
-0.423828 -0.475475
-0.416016 -0.476457
-0.419922 -0.47607
-0.416016 -0.476457
-0.412109 -0.476656
-0.408203 -0.476683
-0.404297 -0.476562
-0.404297 -0.476562
-0.400391 -0.476309
-0.396484 -0.475941
-0.392578 -0.475478
-0.388672 -0.474942
-0.384766 -0.474357
-0.380859 -0.473748
-0.376953 -0.473144
-0.481808 -0.373047
-0.482129 -0.369141
-0.482431 -0.365234
-0.482715 -0.361328
-0.482979 -0.357422
-0.483227 -0.353516
-0.483459 -0.349609
-0.483678 -0.345703
-0.484445 -0.330078
-0.484603 -0.326172
-0.484752 -0.322266
-0.484892 -0.318359
-0.485025 -0.314453
-0.483885 -0.341797
-0.484082 -0.337891
-0.484273 -0.333984
-0.484445 -0.330078
-0.485151 -0.310547
-0.485269 -0.306641
-0.48538 -0.302734
-0.485483 -0.298828
-0.48558 -0.294922
-0.485671 -0.291016
-0.485756 -0.287109
-0.485836 -0.283203
-0.485913 -0.279297
-0.485986 -0.275391
-0.486056 -0.271484
-0.486124 -0.267578
-0.48619 -0.263672
-0.486252 -0.259766
-0.486312 -0.255859
-0.48637 -0.251953
-0.373047 -0.472561
-0.373047 -0.472561
-0.369141 -0.472024
-0.365234 -0.471553
-0.361328 -0.471172
-0.357422 -0.470904
-0.353516 -0.470774
-0.349609 -0.470803
-0.345703 -0.47101
-0.341797 -0.471396
-0.337891 -0.471936
-0.333984 -0.472562
-0.333984 -0.472562
-0.330078 -0.473273
-0.326172 -0.474096
-0.322266 -0.475004
-0.314453 -0.476796
-0.318359 -0.475936
-0.314453 -0.476796
-0.310547 -0.477634
-0.306641 -0.478433
-0.302734 -0.479192
-0.298828 -0.479912
-0.294922 -0.480555
-0.294922 -0.480555
-0.291016 -0.481164
-0.287109 -0.48174
-0.283203 -0.482301
-0.267578 -0.484396
-0.279297 -0.482852
-0.275391 -0.483402
-0.271484 -0.483934
-0.267578 -0.484396
-0.263672 -0.484826
-0.259766 -0.485241
-0.255859 -0.48566
-0.251953 -0.486098
-0.258992 -0.298828
-0.253212 -0.306641
-0.250474 -0.310547
-0.253212 -0.306641
-0.256109 -0.302734
-0.258992 -0.298828
-0.261729 -0.294922
-0.263964 -0.291016
-0.261729 -0.294922
-0.264985 -0.287109
-0.264814 -0.283203
-0.265127 -0.251953
-0.263871 -0.279297
-0.2629 -0.275391
-0.262285 -0.271484
-0.262108 -0.267578
-0.262337 -0.263672
-0.262947 -0.259766
-0.263965 -0.255859
-0.265127 -0.251953
-0.486422 -0.248047
-0.486471 -0.244141
-0.486516 -0.240234
-0.486557 -0.236328
-0.486596 -0.232422
-0.486632 -0.228516
-0.486666 -0.224609
-0.4867 -0.220703
-0.486732 -0.216797
-0.486764 -0.212891
-0.486796 -0.208984
-0.486827 -0.205078
-0.486857 -0.201172
-0.486886 -0.197266
-0.486913 -0.193359
-0.486939 -0.189453
-0.486964 -0.185547
-0.486987 -0.181641
-0.487009 -0.177734
-0.487029 -0.173828
-0.487049 -0.169922
-0.487068 -0.166016
-0.487087 -0.162109
-0.487106 -0.158203
-0.487124 -0.154297
-0.487143 -0.150391
-0.487162 -0.146484
-0.487181 -0.142578
-0.4872 -0.138672
-0.487217 -0.134766
-0.487235 -0.130859
-0.487251 -0.126953
-0.487266 -0.123047
-0.48728 -0.119141
-0.487293 -0.115234
-0.487304 -0.111328
-0.487314 -0.107422
-0.487322 -0.103516
-0.487329 -0.0996094
-0.487334 -0.0957031
-0.487339 -0.0917969
-0.487342 -0.0878906
-0.487344 -0.0839844
-0.487345 -0.0800781
-0.487344 -0.0761719
-0.487341 -0.0722656
-0.487336 -0.0683594
-0.487328 -0.0644531
-0.487317 -0.0605469
-0.487303 -0.0566406
-0.487286 -0.0527344
-0.487266 -0.0488281
-0.487242 -0.0449219
-0.487216 -0.0410156
-0.487188 -0.0371094
-0.487158 -0.0332031
-0.487126 -0.0292969
-0.487092 -0.0253906
-0.487057 -0.0214844
-0.487021 -0.0175781
-0.486982 -0.0136719
-0.486942 -0.00976562
-0.486899 -0.00585938
-0.486853 -0.00195312
-0.40625 -0.0546875
-0.398438 -0.0546875
-0.390625 -0.0546875
-0.386719 -0.0546875
-0.266333 -0.248047
-0.267722 -0.244141
-0.270148 -0.236328
-0.268748 -0.240234
-0.270148 -0.236328
-0.268047 -0.232422
-0.268047 -0.232422
-0.264118 -0.228516
-0.264118 -0.228516
-0.261685 -0.224609
-0.261685 -0.224609
-0.261046 -0.220703
-0.265284 -0.205078
-0.27279 -0.189453
-0.26933 -0.197266
-0.267279 -0.201172
-0.26933 -0.197266
-0.271239 -0.193359
-0.27279 -0.189453
-0.262033 -0.212891
-0.261307 -0.216797
-0.262033 -0.212891
-0.263527 -0.208984
-0.265284 -0.205078
-0.279922 -0.146484
-0.283095 -0.142578
-0.288312 -0.134766
-0.289952 -0.130859
-0.290769 -0.126953
-0.285989 -0.138672
-0.288312 -0.134766
-0.285989 -0.138672
-0.274098 -0.185547
-0.275596 -0.181641
-0.27505 -0.177734
-0.273148 -0.173828
-0.273148 -0.173828
-0.270572 -0.169922
-0.270572 -0.169922
-0.268909 -0.166016
-0.269028 -0.162109
-0.270616 -0.158203
-0.269028 -0.162109
-0.270616 -0.158203
-0.276596 -0.150391
-0.273375 -0.154297
-0.276596 -0.150391
-0.279922 -0.146484
-0.273375 -0.154297
-0.339844 -0.0390625
-0.336214 -0.0285293
-0.33626 -0.0269462
-0.33437 -0.0283007
-0.334123 -0.0270253
-0.322266 -0.0163895
-0.319943 -0.0159661
-0.32274 -0.0136101
-0.319381 -0.0136719
-0.319905 -0.0114864
-0.311996 -0.00585938
-0.312716 -0.00195312
-0.290829 -0.123047
-0.290171 -0.119141
-0.289013 -0.115234
-0.289013 -0.115234
-0.287184 -0.111328
-0.285038 -0.107422
-0.285038 -0.107422
-0.282692 -0.103516
-0.280657 -0.0996094
-0.289445 -0.0644531
-0.284778 -0.0722656
-0.281955 -0.0761719
-0.284778 -0.0722656
-0.287247 -0.0683594
-0.289445 -0.0644531
-0.280657 -0.0996094
-0.278823 -0.0957031
-0.277549 -0.0917969
-0.277127 -0.0878906
-0.277549 -0.0917969
-0.277127 -0.0878906
-0.277723 -0.0839844
-0.279444 -0.0800781
-0.277723 -0.0839844
-0.281955 -0.0761719
-0.296404 -0.0527344
-0.299061 -0.0488281
-0.304217 -0.0410156
-0.30793 -0.0332031
-0.306296 -0.0371094
-0.30793 -0.0332031
-0.301725 -0.0449219
-0.304217 -0.0410156
-0.301725 -0.0449219
-0.293919 -0.0566406
-0.291576 -0.0605469
-0.293919 -0.0566406
-0.296404 -0.0527344
-0.309143 -0.0292969
-0.309989 -0.0253906
-0.310352 -0.0214844
-0.310356 -0.0175781
-0.310388 -0.0136719
-0.311052 -0.00976562
-0.311996 -0.00585938
-0.312716 -0.00195312
-0.251953 -0.0012594
-0.248047 -0.486548
-0.244141 -0.487006
-0.240234 -0.48745
-0.236328 -0.487846
-0.232422 -0.488164
-0.232422 -0.488164
-0.228516 -0.488418
-0.224609 -0.488681
-0.220703 -0.488972
-0.216797 -0.48929
-0.212891 -0.489624
-0.208984 -0.489969
-0.205078 -0.490316
-0.201172 -0.490679
-0.197266 -0.491056
-0.193359 -0.491438
-0.189453 -0.491808
-0.198772 -0.376953
-0.195111 -0.380859
-0.198772 -0.376953
-0.193359 -0.382516
-0.189453 -0.385786
-0.189453 -0.385786
-0.193359 -0.382516
-0.185547 -0.492126
-0.181641 -0.492415
-0.185547 -0.492126
-0.177734 -0.492745
-0.173828 -0.493111
-0.169922 -0.49348
-0.166016 -0.493824
-0.162109 -0.494125
-0.158203 -0.494381
-0.154297 -0.494612
-0.150391 -0.494825
-0.146484 -0.495021
-0.142578 -0.495196
-0.138672 -0.495344
-0.134766 -0.495462
-0.130859 -0.495554
-0.126953 -0.49563
-0.181641 -0.391219
-0.177734 -0.393475
-0.177734 -0.393475
-0.173828 -0.395632
-0.173828 -0.395632
-0.185547 -0.388684
-0.181641 -0.391219
-0.166016 -0.399273
-0.169922 -0.397438
-0.166016 -0.399273
-0.162109 -0.400876
-0.158203 -0.402578
-0.158203 -0.402578
-0.150391 -0.405793
-0.146484 -0.407429
-0.142578 -0.4089
-0.138672 -0.410513
-0.138672 -0.410513
-0.134766 -0.411929
-0.126953 -0.414664
-0.130859 -0.413258
-0.126953 -0.414664
-0.154297 -0.404179
-0.150391 -0.405793
-0.217813 -0.353516
-0.224331 -0.345703
-0.220968 -0.349609
-0.224331 -0.345703
-0.237651 -0.330078
-0.23444 -0.333984
-0.237651 -0.330078
-0.243169 -0.322266
-0.245561 -0.318359
-0.247955 -0.314453
-0.245561 -0.318359
-0.240583 -0.326172
-0.243169 -0.322266
-0.23109 -0.337891
-0.227721 -0.341797
-0.23109 -0.337891
-0.23444 -0.333984
-0.227721 -0.341797
-0.21193 -0.361328
-0.205393 -0.369141
-0.202098 -0.373047
-0.205393 -0.369141
-0.208763 -0.365234
-0.21193 -0.361328
-0.208763 -0.365234
-0.214867 -0.357422
-0.217813 -0.353516
-0.214867 -0.357422
-0.202098 -0.373047
-0.250474 -0.310547
-0.123047 -0.495698
-0.119141 -0.495766
-0.115234 -0.495837
-0.111328 -0.495906
-0.107422 -0.49597
-0.103516 -0.496027
-0.0996094 -0.49608
-0.095544 -0.496229
-0.0975244 -0.496089
-0.0917969 -0.496381
-0.0878906 -0.496374
-0.0839844 -0.496397
-0.0800781 -0.496477
-0.0761719 -0.49664
-0.0722656 -0.496794
-0.0683594 -0.496915
-0.0644531 -0.497051
-0.123047 -0.415803
-0.119141 -0.416801
-0.115234 -0.417752
-0.115234 -0.417752
-0.111328 -0.418672
-0.107422 -0.419409
-0.103516 -0.420033
-0.0996094 -0.420558
-0.0957031 -0.420964
-0.0917969 -0.421237
-0.0878906 -0.421369
-0.0839844 -0.421354
-0.0800781 -0.421173
-0.0761719 -0.420781
-0.0722656 -0.420133
-0.0683594 -0.419173
-0.0644531 -0.417941
-0.0644531 -0.417941
-0.0605469 -0.497223
-0.0566406 -0.497399
-0.0527344 -0.497517
-0.0488281 -0.497561
-0.0449219 -0.497569
-0.0410156 -0.497578
-0.0371094 -0.497597
-0.0332031 -0.497624
-0.0292969 -0.49765
-0.0253906 -0.497667
-0.0214844 -0.497673
-0.0175781 -0.497675
-0.0136719 -0.497676
-0.00976562 -0.497677
-0.00585938 -0.497676
-0.00195312 -0.497677
-0.0605469 -0.416178
-0.0566406 -0.413934
-0.0566406 -0.413934
-0.0527344 -0.410936
-0.0527344 -0.410936
-0.0498665 -0.408203
-0.0466206 -0.404297
-0.0466206 -0.404297
-0.0440583 -0.400391
-0.0440583 -0.400391
-0.0419538 -0.396484
-0.0404158 -0.392578
-0.0389758 -0.388672
-0.0389758 -0.388672
-0.0378752 -0.384766
-0.037059 -0.380859
-0.0363654 -0.376953
-0.0357856 -0.373047
-0.0352746 -0.369141
-0.0352746 -0.369141
-0.0348326 -0.365234
-0.0348326 -0.365234
-0.034529 -0.361328
-0.0342599 -0.357422
-0.0340335 -0.353516
-0.0338361 -0.349609
-0.0336584 -0.345703
-0.0334952 -0.341797
-0.0333431 -0.337891
-0.0332019 -0.333984
-0.0330599 -0.330078
-0.0329201 -0.326172
-0.0327836 -0.322266
-0.0326504 -0.318359
-0.0325195 -0.314453
-0.0323899 -0.310547
-0.0322613 -0.306641
-0.0321338 -0.302734
-0.0320066 -0.298828
-0.0318792 -0.294922
-0.0317508 -0.291016
-0.0316214 -0.287109
-0.0314921 -0.283203
-0.0313648 -0.279297
-0.0312299 -0.275391
-0.0312299 -0.275391
-0.031085 -0.271484
-0.0309393 -0.267578
-0.0307946 -0.263672
-0.0306501 -0.259766
-0.0305057 -0.255859
-0.0303621 -0.251953
-0.232819 -0.0761719
-0.235802 -0.0722656
-0.238373 -0.0683594
-0.24051 -0.0644531
-0.238373 -0.0683594
-0.229285 -0.0800781
-0.228516 -0.0808509
-0.229285 -0.0800781
-0.224609 -0.0844171
-0.220703 -0.0873716
-0.224609 -0.0844171
-0.232819 -0.0761719
-0.208984 -0.0933724
-0.205078 -0.0944198
-0.201172 -0.0950131
-0.197266 -0.0951229
-0.193359 -0.0947229
-0.189453 -0.0937682
-0.216797 -0.0898839
-0.216797 -0.0898839
-0.212891 -0.0918196
-0.208984 -0.0933724
-0.205078 -0.0944198
-0.193359 -0.0947229
-0.189453 -0.0937682
-0.242114 -0.0605469
-0.243296 -0.0566406
-0.244066 -0.0527344
-0.24433 -0.0488281
-0.242114 -0.0605469
-0.244073 -0.0449219
-0.243319 -0.0410156
-0.242146 -0.0371094
-0.242146 -0.0371094
-0.240549 -0.0332031
-0.238582 -0.0292969
-0.238582 -0.0292969
-0.236826 -0.0253906
-0.235178 -0.0214844
-0.234414 -0.0175781
-0.248047 -0.00388467
-0.248047 -0.00388467
-0.244141 -0.0049364
-0.237004 -0.00976562
-0.234867 -0.0136719
-0.237004 -0.00976562
-0.240234 -0.00575299
-0.240234 -0.00575299
-0.238248 -0.00776852
-0.236328 -0.000161464
-0.234414 -0.0175781
-0.234867 -0.0136719
-0.234009 -0.000154381
-0.205624 -0.0170325
-0.212891 -0.0078423
-0.212891 -0.00563755
-0.212891 -9.72383e-05
-0.20706 -0.0155962
-0.210911 -0.00511891
-0.210908 -0.000341615
-0.185547 -0.0921719
-0.181641 -0.0897329
-0.181641 -0.0897329
-0.179485 -0.0878906
-0.176243 -0.0839844
-0.176243 -0.0839844
-0.174112 -0.0800781
-0.172843 -0.0761719
-0.172158 -0.0722656
-0.17198 -0.0683594
-0.172219 -0.0644531
-0.172776 -0.0605469
-0.173504 -0.0566406
-0.174218 -0.0527344
-0.174783 -0.0488281
-0.175146 -0.0449219
-0.175358 -0.0410156
-0.175777 -0.0332031
-0.175531 -0.0371094
-0.175777 -0.0332031
-0.176149 -0.0292969
-0.176638 -0.0253906
-0.177201 -0.0214844
-0.177756 -0.0175781
-0.178177 -0.0136719
-0.178363 -0.00976562
-0.178276 -0.00585938
-0.177933 -0.00195312
-0.030219 -0.248047
-0.0300762 -0.244141
-0.0299345 -0.240234
-0.029794 -0.236328
-0.0296541 -0.232422
-0.0295143 -0.228516
-0.0293745 -0.224609
-0.029236 -0.220703
-0.0290933 -0.216797
-0.0289497 -0.212891
-0.0288078 -0.208984
-0.028669 -0.205078
-0.0285347 -0.201172
-0.0284053 -0.197266
-0.0282801 -0.193359
-0.0281592 -0.189453
-0.0280424 -0.185547
-0.0279292 -0.181641
-0.0278193 -0.177734
-0.0277123 -0.173828
-0.0276082 -0.169922
-0.0275071 -0.166016
-0.0274094 -0.162109
-0.0273059 -0.158203
-0.0273059 -0.158203
-0.0271988 -0.154297
-0.0270923 -0.150391
-0.0269864 -0.146484
-0.0268805 -0.142578
-0.0267737 -0.138672
-0.026665 -0.134766
-0.0265532 -0.130859
-0.0264379 -0.126953
-0.0263195 -0.123047
-0.0261984 -0.119141
-0.0260754 -0.115234
-0.0259512 -0.111328
-0.0258266 -0.107422
-0.025702 -0.103516
-0.0255775 -0.0996094
-0.0254528 -0.0957031
-0.025328 -0.0917969
-0.0251971 -0.0878906
-0.0250633 -0.0839844
-0.0249298 -0.0800781
-0.0247979 -0.0761719
-0.024668 -0.0722656
-0.0245401 -0.0683594
-0.0244142 -0.0644531
-0.0242906 -0.0605469
-0.0241696 -0.0566406
-0.0240514 -0.0527344
-0.023936 -0.0488281
-0.023823 -0.0449219
-0.0237136 -0.0410156
-0.02361 -0.0371094
-0.0235115 -0.0332031
-0.0234013 -0.0292969
-0.0234013 -0.0292969
-0.0232792 -0.0253906
-0.0231592 -0.0214844
-0.0230392 -0.0175781
-0.022918 -0.0136719
-0.0227951 -0.00976562
-0.0226703 -0.00585938
-0.0225435 -0.00195312
-0.486806 0.00195312
-0.486756 0.00585938
-0.486705 0.00976562
-0.486652 0.0136719
-0.486599 0.0175781
-0.486545 0.0214844
-0.486491 0.0253906
-0.486438 0.0292969
-0.486385 0.0332031
-0.486332 0.0371094
-0.486285 0.0410156
-0.486238 0.0449219
-0.486194 0.0488281
-0.486153 0.0527344
-0.486117 0.0566406
-0.486086 0.0605469
-0.466797 0.00976562
-0.449219 0.0117188
-0.455078 0.0566406
-0.486059 0.0644531
-0.486038 0.0683594
-0.486021 0.0722656
-0.486009 0.0761719
-0.486003 0.0800781
-0.486005 0.0839844
-0.486015 0.0878906
-0.486034 0.0917969
-0.486063 0.0957031
-0.486103 0.0996094
-0.486154 0.103516
-0.486216 0.107422
-0.486287 0.111328
-0.48637 0.115234
-0.486463 0.119141
-0.486565 0.123047
-0.425781 0.0117188
-0.435547 0.0605469
-0.412109 0.0605469
-0.404297 0.0136719
-0.423828 0.0917969
-0.418955 0.120601
-0.420997 0.122879
-0.416592 0.120503
-0.414722 0.122332
-0.392578 0.0790241
-0.393539 0.0800781
-0.395492 0.0839844
-0.393539 0.0800781
-0.396007 0.0878906
-0.395558 0.0917969
-0.388672 0.0773778
-0.384766 0.0771923
-0.380859 0.0773072
-0.376953 0.077793
-0.376953 0.077793
-0.394443 0.0957031
-0.394443 0.0957031
-0.392681 0.0996094
-0.390418 0.103516
-0.390418 0.103516
-0.388672 0.105567
-0.384766 0.108026
-0.380859 0.109054
-0.376953 0.109165
-0.486675 0.126953
-0.486792 0.130859
-0.486914 0.134766
-0.487042 0.138672
-0.487172 0.142578
-0.487305 0.146484
-0.487439 0.150391
-0.487573 0.154297
-0.487706 0.158203
-0.487839 0.162109
-0.487971 0.166016
-0.488103 0.169922
-0.488233 0.173828
-0.488344 0.177734
-0.488233 0.173828
-0.488453 0.181641
-0.488561 0.185547
-0.488669 0.189453
-0.488774 0.193359
-0.488879 0.197266
-0.488982 0.201172
-0.489085 0.205078
-0.489188 0.208984
-0.489289 0.212891
-0.489388 0.216797
-0.489483 0.220703
-0.489573 0.224609
-0.489654 0.228516
-0.489724 0.232422
-0.48978 0.236328
-0.489819 0.240234
-0.489837 0.244141
-0.489832 0.248047
-0.429688 0.152344
-0.425781 0.152344
-0.419922 0.126807
-0.416016 0.12684
-0.421875 0.152344
-0.400391 0.126953
-0.375293 0.201172
-0.375562 0.205078
-0.375829 0.208984
-0.375096 0.211065
-0.373047 0.0175781
-0.348085 0.0305301
-0.345703 0.0278777
-0.345703 0.0278777
-0.348402 0.0332031
-0.347847 0.0370863
-0.347648 0.0390023
-0.347699 0.0392237
-0.347752 0.043162
-0.3474 0.0427414
-0.345703 0.0449723
-0.343222 0.0305346
-0.312549 0.00195312
-0.341893 0.0332031
-0.341143 0.0371094
-0.342141 0.0410156
-0.343349 0.0434177
-0.373047 0.0796334
-0.372617 0.0800781
-0.3693 0.0839844
-0.367254 0.0878906
-0.367254 0.0878906
-0.365888 0.0917969
-0.373047 0.108449
-0.366802 0.103516
-0.369141 0.106305
-0.365218 0.0957031
-0.365421 0.0996094
-0.366802 0.103516
-0.322266 0.0944468
-0.318359 0.0908504
-0.318359 0.0908504
-0.314453 0.088138
-0.323322 0.0957031
-0.325766 0.0996094
-0.323322 0.0957031
-0.327037 0.103516
-0.327124 0.107422
-0.325863 0.111328
-0.323359 0.115234
-0.323359 0.115234
-0.319996 0.119141
-0.319996 0.119141
-0.316885 0.123047
-0.316885 0.123047
-0.312549 0.00195312
-0.310718 0.00585938
-0.306774 0.00976562
-0.306641 0.00985044
-0.302974 0.0136719
-0.304668 0.0116981
-0.302974 0.0136719
-0.302734 0.0139335
-0.298828 0.0176139
-0.294922 0.0194936
-0.294922 0.0194936
-0.291016 0.0199935
-0.287109 0.0194905
-0.287109 0.0194905
-0.283203 0.0181673
-0.279297 0.0162265
-0.275391 0.0136536
-0.267578 0.00785347
-0.271484 0.0107487
-0.271484 0.0107487
-0.267578 0.00785347
-0.279297 0.0162265
-0.263672 0.00548188
-0.259766 0.00351402
-0.259766 0.00351402
-0.255859 0.00165709
-0.251953 -0.0012594
-0.251953 0.0618679
-0.310547 0.0858477
-0.306641 0.0841317
-0.310547 0.0858477
-0.302734 0.0831443
-0.298828 0.082723
-0.283203 0.0775915
-0.294922 0.082268
-0.294922 0.082268
-0.291016 0.0812465
-0.287109 0.0795903
-0.283203 0.0775915
-0.279297 0.075595
-0.275391 0.0738253
-0.275391 0.0738253
-0.267578 0.0706775
-0.271484 0.0722883
-0.267578 0.0706775
-0.263672 0.0688097
-0.259766 0.0667897
-0.259766 0.0667897
-0.255859 0.0644319
-0.251953 0.0618679
-0.348383 0.151738
-0.349709 0.154297
-0.345703 0.15094
-0.34405 0.154962
-0.348964 0.157138
-0.345703 0.157047
-0.343401 0.151845
-0.343324 0.154297
-0.330505 0.154297
-0.330078 0.153745
-0.330505 0.154297
-0.315017 0.126953
-0.313982 0.130859
-0.316838 0.140074
-0.312294 0.134766
-0.310972 0.138672
-0.320869 0.143589
-0.322266 0.147045
-0.326172 0.150212
-0.318359 0.1429
-0.318359 0.1429
-0.314329 0.142578
-0.31379 0.146484
-0.319093 0.148895
-0.313142 0.155414
-0.343652 0.156364
-0.334829 0.169922
-0.333837 0.158203
-0.334749 0.162109
-0.334892 0.166016
-0.334829 0.169922
-0.33412 0.173828
-0.332254 0.177734
-0.332254 0.177734
-0.329358 0.181641
-0.328293 0.183779
-0.312813 0.159506
-0.313077 0.16288
-0.316473 0.167483
-0.316888 0.168858
-0.314713 0.166016
-0.314453 0.168626
-0.329358 0.181641
-0.326172 0.185158
-0.322266 0.186004
-0.316902 0.175121
-0.317111 0.178532
-0.314453 0.176656
-0.317436 0.181641
-0.318359 0.182242
-0.373047 0.194885
-0.369684 0.194488
-0.373047 0.194885
-0.368494 0.197058
-0.367675 0.201172
-0.367187 0.199219
-0.367675 0.201172
-0.367739 0.205078
-0.367902 0.208984
-0.373047 0.212683
-0.369723 0.211923
-0.367902 0.208984
-0.312294 0.134766
-0.310972 0.138672
-0.306641 0.133673
-0.306794 0.13816
-0.304535 0.132663
-0.304556 0.136233
-0.304337 0.138672
-0.314329 0.142578
-0.31379 0.146484
-0.306641 0.142901
-0.307066 0.147566
-0.310851 0.155892
-0.305231 0.148558
-0.304061 0.143656
-0.302491 0.146484
-0.303383 0.149001
-0.310547 0.158769
-0.309792 0.161384
-0.308553 0.160069
-0.308531 0.162768
-0.310547 0.165825
-0.308545 0.164163
-0.310547 0.177763
-0.306641 0.180881
-0.306641 0.180881
-0.302734 0.183643
-0.302734 0.183643
-0.298828 0.185627
-0.294922 0.187085
-0.279297 0.187799
-0.275391 0.186948
-0.271484 0.185872
-0.267578 0.18454
-0.263672 0.182937
-0.263672 0.182937
-0.259766 0.181013
-0.255859 0.179213
-0.251953 0.177648
-0.255859 0.179213
-0.294922 0.187085
-0.291016 0.188142
-0.287109 0.188585
-0.283203 0.188404
-0.279297 0.187799
-0.248359 0.248047
-0.489803 0.251953
-0.48975 0.255859
-0.489673 0.259766
-0.489577 0.263672
-0.489463 0.267578
-0.489336 0.271484
-0.4892 0.275391
-0.489058 0.279297
-0.488913 0.283203
-0.488765 0.287109
-0.48861 0.291016
-0.488448 0.294922
-0.488283 0.298828
-0.488283 0.298828
-0.488129 0.302734
-0.487968 0.306641
-0.487779 0.310547
-0.487557 0.314453
-0.487299 0.318359
-0.487002 0.322266
-0.486662 0.326172
-0.486285 0.330078
-0.485891 0.333984
-0.485464 0.337891
-0.48503 0.341797
-0.484612 0.345703
-0.484115 0.349609
-0.484612 0.345703
-0.484115 0.349609
-0.483697 0.353516
-0.483303 0.357422
-0.482969 0.361328
-0.482733 0.365234
-0.4826 0.369141
-0.482541 0.373047
-0.482515 0.376953
-0.482486 0.380859
-0.482437 0.384766
-0.482384 0.388672
-0.482319 0.392578
-0.48224 0.396484
-0.482131 0.400391
-0.481973 0.404297
-0.481748 0.408203
-0.481437 0.412109
-0.481021 0.416016
-0.480475 0.419922
-0.481021 0.416016
-0.480475 0.419922
-0.479854 0.423828
-0.47925 0.427734
-0.478637 0.431641
-0.477985 0.435547
-0.477287 0.439453
-0.476451 0.443359
-0.476451 0.443359
-0.475449 0.447266
-0.47421 0.451172
-0.472285 0.455078
-0.472285 0.455078
-0.469045 0.458984
-0.497365 0.499371
-0.494687 0.49923
-0.491868 0.499317
-0.478516 0.498936
-0.475967 0.498903
-0.466797 0.460832
-0.466797 0.460832
-0.462891 0.462893
-0.458984 0.464258
-0.458984 0.464258
-0.455078 0.465039
-0.455078 0.465039
-0.451172 0.465366
-0.447266 0.465381
-0.443359 0.465136
-0.443359 0.465136
-0.439453 0.46467
-0.439453 0.46467
-0.461039 0.4997
-0.458984 0.498242
-0.456385 0.498699
-0.43796 0.498974
-0.435547 0.464008
-0.431641 0.463156
-0.423828 0.460892
-0.427734 0.462139
-0.423828 0.460892
-0.408203 0.454715
-0.419922 0.45956
-0.416016 0.458186
-0.416016 0.458186
-0.412109 0.456381
-0.412109 0.456381
-0.408203 0.454715
-0.434188 0.495999
-0.435872 0.496831
-0.433455 0.49602
-0.432109 0.498047
-0.41155 0.498047
-0.408203 0.495695
-0.408203 0.496122
-0.404297 0.452932
-0.400391 0.451194
-0.396484 0.449755
-0.396484 0.449755
-0.392578 0.448366
-0.404297 0.452932
-0.384766 0.446474
-0.388672 0.447313
-0.384766 0.446474
-0.380859 0.44571
-0.376953 0.444913
-0.380859 0.44571
-0.405719 0.49572
-0.404866 0.498047
-0.393154 0.497986
-0.388701 0.495585
-0.387647 0.496715
-0.386585 0.49596
-0.386049 0.498547
-0.373739 0.498047
-0.311701 0.298828
-0.313421 0.302734
-0.314626 0.306641
-0.315489 0.310547
-0.315971 0.314453
-0.316034 0.318359
-0.315709 0.322266
-0.314899 0.326172
-0.31351 0.330078
-0.311905 0.333984
-0.294922 0.280354
-0.291016 0.277874
-0.291016 0.277874
-0.283203 0.273349
-0.287109 0.275536
-0.283203 0.273349
-0.303309 0.287109
-0.309593 0.294922
-0.306837 0.291016
-0.309593 0.294922
-0.302734 0.286558
-0.302734 0.286558
-0.298828 0.283171
-0.311701 0.298828
-0.294922 0.280354
-0.271484 0.266577
-0.267578 0.264201
-0.279297 0.271159
-0.275391 0.268956
-0.275391 0.268956
-0.271484 0.266577
-0.259766 0.258656
-0.263672 0.26162
-0.263672 0.26162
-0.259766 0.258656
-0.255859 0.255419
-0.25206 0.251953
-0.311905 0.333984
-0.309317 0.337891
-0.309317 0.337891
-0.305909 0.341797
-0.302734 0.344591
-0.302734 0.344591
-0.298828 0.347911
-0.297321 0.349609
-0.29761 0.373047
-0.297321 0.349609
-0.293848 0.353516
-0.293848 0.353516
-0.290739 0.357422
-0.293007 0.365234
-0.290623 0.361328
-0.293007 0.365234
-0.29559 0.369141
-0.29761 0.373047
-0.353516 0.427734
-0.349609 0.437032
-0.345703 0.434549
-0.345703 0.434549
-0.334745 0.404297
-0.330078 0.399373
-0.331152 0.400391
-0.334745 0.404297
-0.330078 0.399373
-0.318359 0.390378
-0.314453 0.387767
-0.314453 0.387767
-0.326172 0.396088
-0.326172 0.396088
-0.322266 0.393112
-0.322266 0.393112
-0.318359 0.390378
-0.339887 0.412109
-0.337594 0.408203
-0.339887 0.412109
-0.341518 0.416016
-0.342049 0.419922
-0.341292 0.423828
-0.34094 0.427734
-0.34273 0.431641
-0.373047 0.444204
-0.369141 0.443478
-0.365234 0.442703
-0.361328 0.441677
-0.361328 0.441677
-0.357422 0.440339
-0.353516 0.438885
-0.349609 0.437032
-0.373739 0.498047
-0.369141 0.495702
-0.365234 0.494871
-0.362661 0.49553
-0.36174 0.498047
-0.336488 0.498047
-0.332856 0.495527
-0.336488 0.498047
-0.330078 0.493985
-0.326172 0.493032
-0.322266 0.494363
-0.320839 0.496621
-0.319868 0.495905
-0.318359 0.497534
-0.314453 0.497527
-0.306641 0.382521
-0.310547 0.385197
-0.306641 0.382521
-0.302734 0.379402
-0.302734 0.379402
-0.300243 0.376953
-0.310547 0.496822
-0.306641 0.497501
-0.302734 0.498779
-0.299006 0.497397
-0.295949 0.496371
-0.292241 0.496131
-0.287109 0.495958
-0.283203 0.495662
-0.279297 0.495338
-0.275391 0.494991
-0.271484 0.494606
-0.267578 0.494177
-0.263672 0.493703
-0.259766 0.493207
-0.251953 0.492225
-0.255859 0.49271
-0.251953 0.492225
-0.237348 0.00180945
-0.236328 0.00512559
-0.231903 0.00195312
-0.232681 0.00506887
-0.21885 0.0154797
-0.218851 0.0175781
-0.221563 0.0214844
-0.22333 0.0253906
-0.225108 0.0292969
-0.22333 0.0253906
-0.234507 0.0449219
-0.244141 0.0556388
-0.248047 0.0589495
-0.248047 0.0589495
-0.244141 0.0556388
-0.237525 0.0488281
-0.241099 0.0527344
-0.237525 0.0488281
-0.229426 0.0371094
-0.22719 0.0332031
-0.229426 0.0371094
-0.23185 0.0410156
-0.234507 0.0449219
-0.22719 0.0332031
-0.215027 0.00355568
-0.215106 0.00585938
-0.212891 0.00179945
-0.214607 0.00459816
-0.216797 0.014044
-0.21185 0.00976562
-0.209864 0.0136719
-0.210918 0.00389727
-0.208984 0.00709246
-0.205078 0.00508127
-0.21185 0.00976562
-0.209864 0.0136719
-0.20564 0.0136719
-0.218851 0.0175781
-0.212891 0.0159411
-0.210722 0.0156992
-0.206481 0.0158232
-0.201172 0.00333551
-0.201172 0.00333551
-0.199163 0.00383704
-0.197266 0.009116
-0.199381 0.00798996
-0.197042 0.00976562
-0.193359 0.0124241
-0.193359 0.0124241
-0.189453 0.0134745
-0.187471 0.0996094
-0.188548 0.103516
-0.18984 0.107422
-0.194733 0.119141
-0.196788 0.123047
-0.191274 0.111328
-0.192879 0.115234
-0.191274 0.111328
-0.194733 0.119141
-0.187191 0.0152735
-0.177419 0.00195312
-0.176797 0.00585938
-0.176097 0.00976562
-0.176097 0.00976562
-0.175276 0.0136719
-0.18584 0.0175781
-0.184505 0.0214844
-0.183864 0.0253906
-0.183499 0.0292969
-0.183499 0.0292969
-0.174266 0.0175781
-0.173292 0.0214844
-0.17243 0.0253906
-0.171698 0.0292969
-0.171698 0.0292969
-0.183256 0.0332031
-0.183043 0.0371094
-0.182707 0.0410156
-0.182172 0.0449219
-0.181465 0.0488281
-0.180769 0.0527344
-0.18026 0.0566406
-0.180042 0.0605469
-0.170972 0.0332031
-0.170246 0.0371094
-0.169396 0.0410156
-0.16834 0.0449219
-0.16834 0.0449219
-0.167123 0.0488281
-0.165613 0.0527344
-0.164243 0.0566406
-0.164243 0.0566406
-0.163132 0.0605469
-0.180175 0.0644531
-0.180672 0.0683594
-0.181454 0.0722656
-0.182345 0.0761719
-0.183925 0.0839844
-0.183188 0.0800781
-0.183925 0.0839844
-0.184717 0.0878906
-0.185594 0.0917969
-0.162292 0.0644531
-0.161803 0.0683594
-0.161598 0.0722656
-0.161627 0.0761719
-0.161846 0.0800781
-0.162235 0.0839844
-0.162785 0.0878906
-0.163502 0.0917969
-0.186519 0.0957031
-0.187471 0.0996094
-0.171001 0.115234
-0.17272 0.119141
-0.17449 0.123047
-0.164391 0.0957031
-0.165397 0.0996094
-0.167952 0.107422
-0.166585 0.103516
-0.167952 0.107422
-0.164391 0.0957031
-0.169407 0.111328
-0.171001 0.115234
-0.17272 0.119141
-0.224609 0.155353
-0.220703 0.151631
-0.220703 0.151631
-0.239102 0.169922
-0.236328 0.16736
-0.236328 0.16736
-0.248047 0.176006
-0.248047 0.176006
-0.244141 0.173764
-0.240234 0.17106
-0.232422 0.163176
-0.228516 0.159232
-0.2313 0.162109
-0.234952 0.166016
-0.224609 0.155353
-0.207755 0.138672
-0.204554 0.134766
-0.207755 0.138672
-0.216797 0.14797
-0.211328 0.142578
-0.212891 0.144176
-0.216797 0.14797
-0.211328 0.142578
-0.199076 0.126953
-0.201657 0.130859
-0.199076 0.126953
-0.204554 0.134766
-0.186618 0.146484
-0.191211 0.154297
-0.188878 0.150391
-0.191211 0.154297
-0.211604 0.185547
-0.206357 0.177734
-0.203742 0.173828
-0.206357 0.177734
-0.208982 0.181641
-0.211604 0.185547
-0.196076 0.162109
-0.198609 0.166016
-0.201172 0.169922
-0.198609 0.166016
-0.193639 0.158203
-0.196076 0.162109
-0.203742 0.173828
-0.218943 0.197266
-0.221042 0.201172
-0.226755 0.212891
-0.228576 0.216797
-0.223062 0.205078
-0.224914 0.208984
-0.223062 0.205078
-0.226755 0.212891
-0.23691 0.232422
-0.234607 0.228516
-0.23691 0.232422
-0.242111 0.240234
-0.245074 0.244141
-0.248359 0.248047
-0.245074 0.244141
-0.2394 0.236328
-0.242111 0.240234
-0.2394 0.236328
-0.230465 0.220703
-0.232466 0.224609
-0.230465 0.220703
-0.234607 0.228516
-0.214148 0.189453
-0.21659 0.193359
-0.214148 0.189453
-0.218943 0.197266
-0.18027 0.134766
-0.182318 0.138672
-0.176359 0.126953
-0.178282 0.130859
-0.176359 0.126953
-0.18027 0.134766
-0.184425 0.142578
-0.186618 0.146484
-0.184425 0.142578
-0.0224146 0.00195312
-0.022283 0.00585938
-0.0221483 0.00976562
-0.0220094 0.0136719
-0.0218639 0.0175781
-0.0217058 0.0214844
-0.0215295 0.0253906
-0.0213208 0.0292969
-0.0210942 0.0332031
-0.020873 0.0371094
-0.0206756 0.0410156
-0.0205 0.0449219
-0.0203125 0.0488281
-0.0200577 0.0527344
-0.0196936 0.0566406
-0.0196936 0.0566406
-0.019241 0.0605469
-0.0188635 0.0644531
-0.0185436 0.0683594
-0.0182493 0.0722656
-0.0179716 0.0761719
-0.0177108 0.0800781
-0.0174401 0.0839844
-0.0171481 0.0878906
-0.0168164 0.0917969
-0.0164222 0.0957031
-0.0159702 0.0996094
-0.0154771 0.103516
-0.0154771 0.103516
-0.0150878 0.107422
-0.014773 0.111328
-0.0144386 0.115234
-0.0140425 0.119141
-0.0135651 0.123047
-0.0129963 0.126953
-0.01238 0.130859
-0.011741 0.134766
-0.011741 0.134766
-0.0111562 0.138672
-0.0106955 0.142578
-0.010246 0.146484
-0.00979867 0.150391
-0.00936737 0.154297
-0.00898591 0.158203
-0.00865664 0.162109
-0.00835037 0.166016
-0.0080363 0.169922
-0.00768934 0.173828
-0.00768934 0.173828
-0.00739726 0.177734
-0.00716491 0.181641
-0.00696064 0.185547
-0.00677454 0.189453
-0.00660555 0.193359
-0.00645365 0.197266
-0.0063194 0.201172
-0.00620213 0.205078
-0.00610091 0.208984
-0.00601516 0.212891
-0.00594449 0.216797
-0.00588819 0.220703
-0.00584919 0.224609
-0.00582042 0.228516
-0.00580704 0.232422
-0.00580812 0.236328
-0.00582036 0.240234
-0.00584868 0.244141
-0.00588841 0.248047
-0.248047 0.491767
-0.244141 0.491343
-0.240234 0.490942
-0.236328 0.490555
-0.232422 0.490171
-0.228516 0.489779
-0.224609 0.489381
-0.220703 0.48898
-0.216797 0.488574
-0.212891 0.48814
-0.212891 0.48814
-0.208984 0.487675
-0.205078 0.487145
-0.189453 0.483951
-0.201172 0.48651
-0.197266 0.485752
-0.193359 0.484881
-0.189453 0.483951
-0.185547 0.48305
-0.181641 0.482232
-0.177734 0.481538
-0.173828 0.480972
-0.169922 0.480499
-0.169922 0.480499
-0.166016 0.480072
-0.162109 0.479656
-0.158203 0.479211
-0.154297 0.478708
-0.150391 0.478137
-0.142578 0.476774
-0.146484 0.477492
-0.142578 0.476774
-0.138672 0.475974
-0.134766 0.475127
-0.130859 0.4742
-0.126953 0.473176
-0.126953 0.473176
-0.00593988 0.251953
-0.00600292 0.255859
-0.00607694 0.259766
-0.0061612 0.263672
-0.00625483 0.267578
-0.00635697 0.271484
-0.00646679 0.275391
-0.00658345 0.279297
-0.006706 0.283203
-0.00683327 0.287109
-0.00696393 0.291016
-0.00709684 0.294922
-0.00723147 0.298828
-0.00736785 0.302734
-0.00750588 0.306641
-0.00764229 0.310547
-0.00776777 0.314453
-0.00787734 0.318359
-0.00799814 0.322266
-0.00813159 0.326172
-0.00776777 0.314453
-0.00787734 0.318359
-0.00828009 0.330078
-0.00843986 0.333984
-0.00860361 0.337891
-0.00876617 0.341797
-0.00892595 0.345703
-0.00908364 0.349609
-0.00924063 0.353516
-0.00939825 0.357422
-0.0095581 0.361328
-0.0097218 0.365234
-0.00989969 0.369141
-0.0100915 0.373047
-0.111328 0.467939
-0.107422 0.466267
-0.103516 0.464374
-0.103516 0.464374
-0.0957031 0.459927
-0.0996094 0.462263
-0.0957031 0.459927
-0.123047 0.472039
-0.119141 0.470823
-0.115234 0.469473
-0.111328 0.467939
-0.0839844 0.452357
-0.0800781 0.450193
-0.0917969 0.457416
-0.0917969 0.457416
-0.0878906 0.454817
-0.0839844 0.452357
-0.0761719 0.448593
-0.0761719 0.448593
-0.0722656 0.447512
-0.0683594 0.446984
-0.0644531 0.446999
-0.0102969 0.376953
-0.0105151 0.380859
-0.0107468 0.384766
-0.0109988 0.388672
-0.0116065 0.396484
-0.0112827 0.392578
-0.0116065 0.396484
-0.0119777 0.400391
-0.0124287 0.404297
-0.0157745 0.423828
-0.0166947 0.427734
-0.0189286 0.435547
-0.0177301 0.431641
-0.0189286 0.435547
-0.0129607 0.408203
-0.0135617 0.412109
-0.0142278 0.416016
-0.0149677 0.419922
-0.0157745 0.423828
-0.0605469 0.447485
-0.0566406 0.448339
-0.0527344 0.449435
-0.0527344 0.449435
-0.0488281 0.450682
-0.0449219 0.451934
-0.0410156 0.452817
-0.0371094 0.453129
-0.0332031 0.452741
-0.0410156 0.452817
-0.0371094 0.453129
-0.0332031 0.452741
-0.0292969 0.45146
-0.0243873 0.447266
-0.0253906 0.44854
-0.0203816 0.439453
-0.0221169 0.443359
-0.0243873 0.447266
0.00195312 -0.497678
0.00585938 -0.497678
0.00976562 -0.497677
0.0136719 -0.497677
0.0175781 -0.497675
0.0214844 -0.497675
0.0253906 -0.497672
0.0292969 -0.497672
0.0332031 -0.49766
0.0371094 -0.497629
0.0410156 -0.497596
0.0449219 -0.497575
0.0488281 -0.497552
0.0527344 -0.497501
0.0566406 -0.497414
0.0605469 -0.497292
0.0509806 -0.408203
0.0527344 -0.409835
0.0527344 -0.409835
0.0566406 -0.412871
0.0605469 -0.415144
0.0566406 -0.412871
0.047446 -0.404297
0.044718 -0.400391
0.0424795 -0.396484
0.0407989 -0.392578
0.0424795 -0.396484
0.0392472 -0.388672
0.0379431 -0.384766
0.0369883 -0.380859
0.0361862 -0.376953
0.0392472 -0.388672
0.047446 -0.404297
0.0644531 -0.497142
0.0683594 -0.496981
0.0722656 -0.496817
0.0761719 -0.496652
0.0800781 -0.496524
0.0839844 -0.496447
0.0878906 -0.496402
0.0917969 -0.496426
0.0957031 -0.496268
0.0976562 -0.496094
0.0996094 -0.496086
0.103516 -0.496026
0.107422 -0.495959
0.111328 -0.495894
0.115234 -0.49583
0.119141 -0.495765
0.123047 -0.495699
0.0644531 -0.416992
0.0683594 -0.418321
0.0683594 -0.418321
0.0722656 -0.419302
0.0761719 -0.420032
0.0800781 -0.42049
0.0839844 -0.420732
0.0878906 -0.420803
0.0917969 -0.420729
0.0957031 -0.420524
0.0996094 -0.420194
0.103516 -0.419745
0.107422 -0.419176
0.111328 -0.418447
0.115234 -0.41756
0.115234 -0.41756
0.119141 -0.416643
0.123047 -0.41567
0.0355107 -0.373047
0.0348487 -0.369141
0.0355107 -0.373047
0.0348487 -0.369141
0.0343842 -0.365234
0.0339778 -0.361328
0.0336384 -0.357422
0.0333496 -0.353516
0.0330762 -0.349609
0.0328287 -0.345703
0.0326089 -0.341797
0.032411 -0.337891
0.0322297 -0.333984
0.0320621 -0.330078
0.0319056 -0.326172
0.0317583 -0.322266
0.0316188 -0.318359
0.0314864 -0.314453
0.0312341 -0.306641
0.0311054 -0.302734
0.0309819 -0.298828
0.0308658 -0.294922
0.030756 -0.291016
0.030652 -0.287109
0.0305531 -0.283203
0.0304589 -0.279297
0.0303689 -0.275391
0.0302821 -0.271484
0.0301976 -0.267578
0.0301147 -0.263672
0.0300327 -0.259766
0.0299512 -0.255859
0.02987 -0.251953
0.0313608 -0.310547
0.0312341 -0.306641
0.126953 -0.495631
0.130859 -0.495556
0.134766 -0.495466
0.138672 -0.495351
0.142578 -0.495205
0.146484 -0.495029
0.150391 -0.494831
0.154297 -0.494614
0.158203 -0.494381
0.162109 -0.494125
0.166016 -0.493825
0.169922 -0.493483
0.173828 -0.493113
0.177734 -0.492747
0.181641 -0.492417
0.185547 -0.492128
0.185547 -0.492128
0.126953 -0.414536
0.126953 -0.414536
0.130859 -0.413157
0.134766 -0.411841
0.138672 -0.410411
0.138672 -0.410411
0.142578 -0.408815
0.146484 -0.407372
0.150391 -0.405758
0.150391 -0.405758
0.154297 -0.404167
0.158203 -0.402567
0.158203 -0.402567
0.162109 -0.400849
0.166016 -0.399213
0.166016 -0.399213
0.169922 -0.397371
0.173828 -0.395587
0.173828 -0.395587
0.177734 -0.393473
0.177734 -0.393473
0.181641 -0.391251
0.181641 -0.391251
0.185547 -0.388692
0.189453 -0.491812
0.193359 -0.491444
0.197266 -0.491062
0.201172 -0.490685
0.205078 -0.490324
0.208984 -0.48998
0.212891 -0.48964
0.216797 -0.489313
0.220703 -0.489003
0.224609 -0.488716
0.228516 -0.488454
0.232422 -0.488203
0.232422 -0.488203
0.236328 -0.487901
0.240234 -0.487519
0.244141 -0.487083
0.248047 -0.48663
0.189453 -0.385723
0.189453 -0.385723
0.193359 -0.382359
0.193359 -0.382359
0.194911 -0.380859
0.198584 -0.376953
0.198584 -0.376953
0.201996 -0.373047
0.201996 -0.373047
0.205365 -0.369141
0.205365 -0.369141
0.208647 -0.365234
0.208647 -0.365234
0.211546 -0.361328
0.211546 -0.361328
0.214266 -0.357422
0.214266 -0.357422
0.217061 -0.353516
0.220141 -0.349609
0.220141 -0.349609
0.223419 -0.345703
0.223419 -0.345703
0.226727 -0.341797
0.226727 -0.341797
0.230024 -0.337891
0.230024 -0.337891
0.23336 -0.333984
0.23336 -0.333984
0.236705 -0.330078
0.236705 -0.330078
0.239855 -0.326172
0.239855 -0.326172
0.242566 -0.322266
0.242566 -0.322266
0.244959 -0.318359
0.247192 -0.314453
0.244959 -0.318359
0.247192 -0.314453
0.249373 -0.310547
0.0297891 -0.248047
0.0297082 -0.244141
0.0296274 -0.240234
0.0295462 -0.236328
0.0294645 -0.232422
0.0293814 -0.228516
0.0292984 -0.224609
0.0292104 -0.220703
0.0291206 -0.216797
0.0290274 -0.212891
0.0289327 -0.208984
0.0288376 -0.205078
0.0287424 -0.201172
0.028647 -0.197266
0.028551 -0.193359
0.0284541 -0.189453
0.0283561 -0.185547
0.0282573 -0.181641
0.028158 -0.177734
0.0280578 -0.173828
0.0279563 -0.169922
0.0278527 -0.166016
0.0277464 -0.162109
0.0276376 -0.158203
0.0275288 -0.154297
0.0274206 -0.150391
0.027297 -0.146484
0.0271586 -0.142578
0.027297 -0.146484
0.0270169 -0.138672
0.02687 -0.134766
0.0267198 -0.130859
0.0265676 -0.126953
0.0264135 -0.123047
0.0262579 -0.119141
0.026101 -0.115234
0.0259429 -0.111328
0.0257838 -0.107422
0.025624 -0.103516
0.0254666 -0.0996094
0.0253018 -0.0957031
0.0251328 -0.0917969
0.024963 -0.0878906
0.0247931 -0.0839844
0.0246235 -0.0800781
0.0244557 -0.0761719
0.0242911 -0.0722656
0.0241304 -0.0683594
0.0239738 -0.0644531
0.0233877 -0.0488281
0.023822 -0.0605469
0.0236767 -0.0566406
0.0235375 -0.0527344
0.0233877 -0.0488281
0.0232315 -0.0449219
0.023085 -0.0410156
0.0229448 -0.0371094
0.0228111 -0.0332031
0.0226837 -0.0292969
0.0225615 -0.0253906
0.0224431 -0.0214844
0.0223271 -0.0175781
0.0222122 -0.0136719
0.0220974 -0.00976562
0.0219823 -0.00585938
0.021867 -0.00195312
0.181641 -0.0949285
0.185547 -0.097723
0.185547 -0.097723
0.17611 -0.0878906
0.178538 -0.0917969
0.17611 -0.0878906
0.174531 -0.0839844
0.173834 -0.0800781
0.178538 -0.0917969
0.173881 -0.0761719
0.174514 -0.0722656
0.175594 -0.0683594
0.175594 -0.0683594
0.177159 -0.0644531
0.179095 -0.0605469
0.179095 -0.0605469
0.180987 -0.0566406
0.182267 -0.0527344
0.182429 -0.0488281
0.180086 -0.0410156
0.178571 -0.0371094
0.176969 -0.0332031
0.18153 -0.0449219
0.180086 -0.0410156
0.171705 -0.00585938
0.171356 -0.00195312
0.175643 -0.0292969
0.174591 -0.0253906
0.175643 -0.0292969
0.173799 -0.0214844
0.173158 -0.0175781
0.172601 -0.0136719
0.172109 -0.00976562
0.171705 -0.00585938
0.187264 -0.00452919
0.188099 -0.00195312
0.189453 -0.099608
0.193359 -0.100773
0.197266 -0.10136
0.201172 -0.101422
0.205078 -0.100957
0.208984 -0.0999125
0.212891 -0.0982693
0.212891 -0.0982693
0.216797 -0.095813
0.212891 -0.0800781
0.220703 -0.0924562
0.221341 -0.0917969
0.221341 -0.0917969
0.224545 -0.0878906
0.226988 -0.0839844
0.226988 -0.0839844
0.228903 -0.0800781
0.230254 -0.0761719
0.230254 -0.0761719
0.231127 -0.0722656
0.231619 -0.0683594
0.231677 -0.0644531
0.210937 -0.0507812
0.212891 -0.0546875
0.212891 -0.0507823
0.212891 -0.0507812
0.219281 -0.0332031
0.191279 -0.0159064
0.193359 -0.01704
0.19588 -0.0161418
0.189453 -0.00696996
0.193359 -0.0117746
0.193359 -0.0117746
0.189453 -0.00696996
0.188099 -0.00195312
0.193479 -0.00740548
0.19698 -0.0136719
0.197266 -0.00860627
0.197266 -0.00860627
0.199681 -0.00195312
0.199681 -0.00195312
0.218163 -0.0292969
0.217789 -0.0253906
0.218455 -0.0214844
0.227494 -0.0488281
0.230454 -0.0566406
0.231287 -0.0605469
0.230454 -0.0566406
0.229194 -0.0527344
0.227494 -0.0488281
0.223146 -0.0410156
0.225442 -0.0449219
0.223146 -0.0410156
0.221174 -0.0371094
0.219281 -0.0332031
0.218455 -0.0214844
0.220595 -0.0175781
0.220703 -0.0174309
0.224609 -0.014204
0.228516 -0.0128759
0.232422 -0.0114136
0.232422 -0.0114136
0.236328 -0.00932131
0.240234 -0.00664507
0.240234 -0.00664507
0.244141 -0.00346903
0.244141 -0.00346903
0.248047 -0.000125028
0.251953 -0.486181
0.255859 -0.485742
0.259766 -0.485319
0.263672 -0.484901
0.267578 -0.48447
0.267578 -0.48447
0.271484 -0.484019
0.275391 -0.483491
0.279297 -0.482939
0.283203 -0.482385
0.287109 -0.48182
0.291016 -0.481237
0.294922 -0.480621
0.294922 -0.480621
0.298828 -0.479977
0.302734 -0.479249
0.306641 -0.478481
0.310547 -0.477672
0.314453 -0.476824
0.314453 -0.476824
0.318359 -0.475954
0.322266 -0.47501
0.326172 -0.47409
0.330078 -0.473255
0.333984 -0.472529
0.333984 -0.472529
0.337891 -0.471882
0.341797 -0.471325
0.345703 -0.470924
0.349609 -0.470708
0.353516 -0.470671
0.357422 -0.470795
0.361328 -0.471061
0.365234 -0.47144
0.369141 -0.471909
0.373047 -0.472445
0.373047 -0.472445
0.249373 -0.310547
0.251601 -0.306641
0.253963 -0.302734
0.253963 -0.302734
0.25658 -0.298828
0.25658 -0.298828
0.259139 -0.294922
0.261592 -0.291016
0.261592 -0.291016
0.263597 -0.287109
0.26443 -0.283203
0.264036 -0.279297
0.262951 -0.275391
0.26193 -0.271484
0.26143 -0.267578
0.26193 -0.271484
0.261589 -0.263672
0.261589 -0.263672
0.262227 -0.259766
0.263349 -0.255859
0.265117 -0.251953
0.265117 -0.251953
0.376953 -0.473026
0.380859 -0.473629
0.384766 -0.474237
0.388672 -0.474823
0.392578 -0.475361
0.396484 -0.475827
0.400391 -0.476199
0.404297 -0.476456
0.408203 -0.47658
0.412109 -0.476553
0.408203 -0.47658
0.412109 -0.476553
0.416016 -0.476358
0.419922 -0.475974
0.423828 -0.475379
0.427734 -0.474559
0.431641 -0.473475
0.435547 -0.472073
0.435547 -0.472073
0.439453 -0.470355
0.443359 -0.468235
0.443359 -0.468235
0.447266 -0.465722
0.447266 -0.465722
0.451172 -0.462646
0.451172 -0.462646
0.455022 -0.458984
0.458468 -0.455078
0.458468 -0.455078
0.461411 -0.451172
0.461411 -0.451172
0.463937 -0.447266
0.463937 -0.447266
0.466105 -0.443359
0.468029 -0.439453
0.468029 -0.439453
0.46968 -0.435547
0.47117 -0.431641
0.472479 -0.427734
0.472479 -0.427734
0.473619 -0.423828
0.474695 -0.419922
0.475698 -0.416016
0.476563 -0.412109
0.476563 -0.412109
0.477294 -0.408203
0.477962 -0.404297
0.478582 -0.400391
0.479168 -0.396484
0.479732 -0.392578
0.480258 -0.388672
0.480258 -0.388672
0.480703 -0.384766
0.481103 -0.380859
0.481474 -0.376953
0.48182 -0.373047
0.482145 -0.369141
0.482451 -0.365234
0.482737 -0.361328
0.483006 -0.357422
0.483258 -0.353516
0.483496 -0.349609
0.483719 -0.345703
0.483932 -0.341797
0.484136 -0.337891
0.484332 -0.333984
0.484332 -0.333984
0.484505 -0.330078
0.484667 -0.326172
0.484821 -0.322266
0.484965 -0.318359
0.485102 -0.314453
0.485233 -0.310547
0.485356 -0.306641
0.485473 -0.302734
0.485583 -0.298828
0.485687 -0.294922
0.485786 -0.291016
0.485879 -0.287109
0.485968 -0.283203
0.486052 -0.279297
0.486134 -0.275391
0.486213 -0.271484
0.48629 -0.267578
0.486366 -0.263672
0.486438 -0.259766
0.486508 -0.255859
0.486574 -0.251953
0.267416 -0.248047
0.269908 -0.244141
0.269908 -0.244141
0.27279 -0.240234
0.27279 -0.240234
0.275312 -0.236328
0.277238 -0.232422
0.277238 -0.232422
0.278591 -0.228516
0.275391 -0.21844
0.279817 -0.224609
0.278222 -0.220703
0.269592 -0.212891
0.271484 -0.21527
0.269592 -0.212891
0.268245 -0.208984
0.267979 -0.205078
0.275391 -0.21844
0.268253 -0.201172
0.268921 -0.197266
0.270007 -0.193359
0.270007 -0.193359
0.271416 -0.189453
0.272731 -0.185547
0.273937 -0.181641
0.273937 -0.181641
0.275089 -0.177734
0.276061 -0.173828
0.273868 -0.162109
0.271741 -0.158203
0.276498 -0.169922
0.275638 -0.166016
0.273868 -0.162109
0.270179 -0.154297
0.269974 -0.150391
0.271349 -0.146484
0.273343 -0.142578
0.273343 -0.142578
0.275505 -0.138672
0.27769 -0.134766
0.27769 -0.134766
0.279891 -0.130859
0.282498 -0.126953
0.279891 -0.130859
0.282498 -0.126953
0.281586 -0.0839844
0.281215 -0.0800781
0.284993 -0.123047
0.284993 -0.123047
0.287329 -0.119141
0.28907 -0.115234
0.28907 -0.115234
0.290061 -0.111328
0.288732 -0.0996094
0.286895 -0.0957031
0.290331 -0.107422
0.289884 -0.103516
0.288732 -0.0996094
0.284904 -0.0917969
0.282957 -0.0878906
0.284904 -0.0917969
0.281586 -0.0839844
0.281215 -0.0800781
0.282072 -0.0761719
0.284299 -0.0722656
0.284299 -0.0722656
0.287109 -0.068964
0.291016 -0.0653194
0.291016 -0.0653194
0.291986 -0.0644531
0.295291 -0.0605469
0.297448 -0.0566406
0.297448 -0.0566406
0.29878 -0.0527344
0.299772 -0.0488281
0.300484 -0.0449219
0.300931 -0.0410156
0.300484 -0.0449219
0.300931 -0.0410156
0.301102 -0.0371094
0.301028 -0.0332031
0.296222 -0.0136719
0.294478 -0.00976562
0.292976 -0.00585938
0.291726 -0.00195312
0.292976 -0.00585938
0.300701 -0.0292969
0.300096 -0.0253906
0.300701 -0.0292969
0.299209 -0.0214844
0.297941 -0.0175781
0.312353 -0.019682
0.31163 -0.0171006
0.296222 -0.0136719
0.304633 -9.372e-05
0.31116 -0.0136719
0.310466 -0.00976562
0.308398 -0.00417935
0.306641 -0.00209866
0.311458 -0.00585938
0.310951 -0.00246216
0.314453 -0.0202352
0.314453 -0.0179407
0.31643 -0.01571
0.315407 -0.0136719
0.315183 -0.00944729
0.313458 -0.00650397
0.486637 -0.248047
0.486697 -0.244141
0.486753 -0.240234
0.486807 -0.236328
0.486857 -0.232422
0.486904 -0.228516
0.48695 -0.224609
0.486995 -0.220703
0.487039 -0.216797
0.487082 -0.212891
0.487125 -0.208984
0.487166 -0.205078
0.487207 -0.201172
0.487247 -0.197266
0.487285 -0.193359
0.487321 -0.189453
0.487356 -0.185547
0.487389 -0.181641
0.48742 -0.177734
0.48745 -0.173828
0.487479 -0.169922
0.487507 -0.166016
0.487534 -0.162109
0.487561 -0.158203
0.487587 -0.154297
0.487614 -0.150391
0.487641 -0.146484
0.487668 -0.142578
0.487694 -0.138672
0.487721 -0.134766
0.487747 -0.130859
0.487772 -0.126953
0.487798 -0.123047
0.487823 -0.119141
0.487847 -0.115234
0.487871 -0.111328
0.487895 -0.107422
0.487919 -0.103516
0.487944 -0.0996094
0.487969 -0.0957031
0.487996 -0.0917969
0.488024 -0.0878906
0.488053 -0.0839844
0.488084 -0.0800781
0.488117 -0.0761719
0.488151 -0.0722656
0.488187 -0.0683594
0.488224 -0.0644531
0.488262 -0.0605469
0.4883 -0.0566406
0.4883 -0.0566406
0.488338 -0.0527344
0.488377 -0.0488281
0.488416 -0.0449219
0.488457 -0.0410156
0.488498 -0.0371094
0.48854 -0.0332031
0.488584 -0.0292969
0.488629 -0.0253906
0.488675 -0.0214844
0.488722 -0.0175781
0.48877 -0.0136719
0.488818 -0.00976562
0.488865 -0.00585938
0.488911 -0.00195312
0.0217518 0.00195312
0.021636 0.00585938
0.0215225 0.00976562
0.0214031 0.0136719
0.021279 0.0175781
0.0211429 0.0214844
0.0209922 0.0253906
0.0208225 0.0292969
0.020633 0.0332031
0.0204315 0.0371094
0.0202355 0.0410156
0.0200636 0.0449219
0.0199133 0.0488281
0.0197432 0.0527344
0.0194814 0.0566406
0.0191332 0.0605469
0.0194814 0.0566406
0.0187873 0.0644531
0.0184599 0.0683594
0.018156 0.0722656
0.0178757 0.0761719
0.017621 0.0800781
0.0173735 0.0839844
0.0171308 0.0878906
0.0168822 0.0917969
0.0158148 0.103516
0.0153304 0.107422
0.0149525 0.111328
0.0146374 0.115234
0.0143167 0.119141
0.013946 0.123047
0.0165991 0.0957031
0.0162476 0.0996094
0.0158148 0.103516
0.0135011 0.126953
0.0129695 0.130859
0.0117636 0.138672
0.0123834 0.134766
0.0117636 0.138672
0.0111936 0.142578
0.0107658 0.146484
0.0103825 0.150391
0.0100119 0.154297
0.00965796 0.158203
0.00932206 0.162109
0.00902338 0.166016
0.00876151 0.169922
0.00852891 0.173828
0.00831998 0.177734
0.00812958 0.181641
0.00794554 0.185547
0.00774344 0.189453
0.00755849 0.193359
0.00740791 0.197266
0.00727937 0.201172
0.00774344 0.189453
0.00716691 0.205078
0.00706923 0.208984
0.00698557 0.212891
0.00691516 0.216797
0.00685779 0.220703
0.0068132 0.224609
0.00678085 0.228516
0.00676015 0.232422
0.00675064 0.236328
0.00675196 0.240234
0.00676373 0.244141
0.00678555 0.248047
0.17108 0.00195312
0.170912 0.00585938
0.170847 0.00976562
0.170868 0.0136719
0.170939 0.0175781
0.17102 0.0214844
0.17107 0.0253906
0.171058 0.0292969
0.187006 0.00195312
0.186313 0.00585938
0.185742 0.00976562
0.185195 0.0136719
0.184659 0.0175781
0.184113 0.0214844
0.183552 0.0253906
0.183105 0.0292969
0.183552 0.0253906
0.170977 0.0332031
0.170845 0.0371094
0.170686 0.0410156
0.170474 0.0449219
0.170107 0.0488281
0.169502 0.0527344
0.167779 0.0605469
0.168674 0.0566406
0.167779 0.0605469
0.182946 0.0332031
0.183109 0.0371094
0.183502 0.0410156
0.183502 0.0410156
0.183976 0.0449219
0.184349 0.0488281
0.184543 0.0527344
0.184618 0.0566406
0.184734 0.0605469
0.166887 0.0644531
0.16611 0.0683594
0.165644 0.0722656
0.165514 0.0761719
0.165695 0.0800781
0.166154 0.0839844
0.16686 0.0878906
0.167791 0.0917969
0.167791 0.0917969
0.185113 0.0644531
0.185922 0.0683594
0.187133 0.0722656
0.188598 0.0761719
0.168908 0.0957031
0.170213 0.0996094
0.171729 0.103516
0.171729 0.103516
0.173379 0.107422
0.175174 0.111328
0.175174 0.111328
0.177064 0.115234
0.179002 0.119141
0.179002 0.119141
0.180949 0.123047
0.187006 0.00195312
0.201572 0.00195312
0.203854 0.00585938
0.203854 0.00585938
0.207468 0.00976562
0.207468 0.00976562
0.210956 0.0136719
0.210956 0.0136719
0.213819 0.0175781
0.213819 0.0175781
0.216325 0.0214844
0.218727 0.0253906
0.218727 0.0253906
0.221239 0.0292969
0.248047 -0.000125028
0.224181 0.0332031
0.224181 0.0332031
0.227696 0.0371094
0.227696 0.0371094
0.228516 0.0379371
0.232422 0.0414554
0.232422 0.0414554
0.236328 0.0444585
0.236328 0.0444585
0.240234 0.0472157
0.240234 0.0472157
0.244141 0.0496432
0.248047 0.0518098
0.187133 0.0722656
0.188598 0.0761719
0.190389 0.0800781
0.192076 0.0839844
0.192076 0.0839844
0.193951 0.0878906
0.195662 0.0917969
0.195662 0.0917969
0.19744 0.0957031
0.199093 0.0996094
0.199093 0.0996094
0.200686 0.103516
0.202241 0.107422
0.203664 0.111328
0.203664 0.111328
0.205088 0.115234
0.206501 0.119141
0.206501 0.119141
0.207858 0.123047
0.182848 0.126953
0.182848 0.126953
0.18469 0.130859
0.186412 0.134766
0.188076 0.138672
0.188076 0.138672
0.189582 0.142578
0.191034 0.146484
0.191034 0.146484
0.192398 0.150391
0.193654 0.154297
0.209358 0.126953
0.211004 0.130859
0.211004 0.130859
0.212843 0.134766
0.21496 0.138672
0.21496 0.138672
0.217344 0.142578
0.219969 0.146484
0.194863 0.158203
0.194863 0.158203
0.196036 0.162109
0.197144 0.166016
0.198234 0.169922
0.199371 0.173828
0.199371 0.173828
0.200564 0.177734
0.201889 0.181641
0.203401 0.185547
0.203401 0.185547
0.219969 0.146484
0.222828 0.150391
0.222828 0.150391
0.225937 0.154297
0.225937 0.154297
0.229202 0.158203
0.229202 0.158203
0.232825 0.162109
0.236328 0.165235
0.236328 0.165235
0.240234 0.167899
0.240234 0.167899
0.244141 0.169557
0.248047 0.170668
0.205119 0.189453
0.207076 0.193359
0.207076 0.193359
0.209214 0.197266
0.211548 0.201172
0.211548 0.201172
0.213941 0.205078
0.213941 0.205078
0.216347 0.208984
0.21875 0.212891
0.21875 0.212891
0.221173 0.216797
0.223726 0.220703
0.223726 0.220703
0.226462 0.224609
0.226462 0.224609
0.229505 0.228516
0.229505 0.228516
0.232938 0.232422
0.236328 0.235793
0.236328 0.235793
0.240234 0.23911
0.240234 0.23911
0.244141 0.242013
0.244141 0.242013
0.248047 0.2447
0.00681691 0.251953
0.00685725 0.255859
0.00690586 0.259766
0.00696197 0.263672
0.00702472 0.267578
0.00709329 0.271484
0.00716696 0.275391
0.00724518 0.279297
0.0073276 0.283203
0.00741397 0.287109
0.00750405 0.291016
0.00759753 0.294922
0.00769273 0.298828
0.00778491 0.302734
0.00787473 0.306641
0.00778491 0.302734
0.00787473 0.306641
0.00798272 0.310547
0.00810874 0.314453
0.00824928 0.318359
0.00839887 0.322266
0.00855123 0.326172
0.00870253 0.330078
0.00885127 0.333984
0.00899764 0.337891
0.00914252 0.341797
0.00928688 0.345703
0.00943155 0.349609
0.00957682 0.353516
0.00972203 0.357422
0.00987518 0.361328
0.0100371 0.365234
0.0102107 0.369141
0.0103979 0.373047
0.0106012 0.376953
0.0108244 0.380859
0.0110737 0.384766
0.0113543 0.388672
0.0116569 0.392578
0.0116569 0.392578
0.0119822 0.396484
0.0123526 0.400391
0.0127801 0.404297
0.0132626 0.408203
0.0138031 0.412109
0.0144094 0.416016
0.0150964 0.419922
0.015849 0.423828
0.015849 0.423828
0.0167178 0.427734
0.0177084 0.431641
0.0188616 0.435547
0.0202628 0.439453
0.0202628 0.439453
0.0219365 0.443359
0.024505 0.447266
0.024505 0.447266
0.0253906 0.4482
0.0292969 0.451094
0.0332031 0.45239
0.0371094 0.452821
0.0410156 0.452561
0.0449219 0.451692
0.0488281 0.450423
0.0527344 0.449209
0.0527344 0.449209
0.0566406 0.448092
0.0605469 0.44722
0.0644531 0.446718
0.0683594 0.446692
0.0722656 0.447216
0.0761719 0.448302
0.0800781 0.449889
0.0800781 0.449889
0.0839844 0.452033
0.0839844 0.452033
0.0878906 0.454475
0.0917969 0.45707
0.0917969 0.45707
0.0957031 0.459583
0.0996094 0.461937
0.0957031 0.459583
0.0996094 0.461937
0.103516 0.464052
0.103516 0.464052
0.107422 0.465971
0.111328 0.46766
0.115234 0.469217
0.115234 0.469217
0.119141 0.470586
0.123047 0.471811
0.126953 0.472962
0.126953 0.472962
0.130859 0.473998
0.134766 0.474932
0.138672 0.475782
0.142578 0.476574
0.142578 0.476574
0.146484 0.477293
0.150391 0.477939
0.154297 0.47851
0.158203 0.479007
0.162109 0.479445
0.166016 0.479847
0.169922 0.480253
0.169922 0.480253
0.173828 0.480717
0.173828 0.480717
0.177734 0.481264
0.181641 0.481943
0.185547 0.482749
0.189453 0.483644
0.193359 0.484584
0.193359 0.484584
0.197266 0.485462
0.201172 0.486241
0.205078 0.486895
0.208984 0.487444
0.212891 0.48792
0.216797 0.488362
0.216797 0.488362
0.220703 0.488772
0.224609 0.489175
0.228516 0.489577
0.232422 0.489985
0.236328 0.490401
0.240234 0.490837
0.244141 0.491293
0.248047 0.491772
0.251953 0.00317264
0.251953 0.00317264
0.255859 0.00614268
0.259766 0.00896233
0.259766 0.00896233
0.263672 0.0115788
0.263672 0.0115788
0.267578 0.0136284
0.271484 0.0150584
0.275391 0.0157117
0.279297 0.0154776
0.275391 0.0157117
0.279297 0.0154776
0.251953 0.0537758
0.251953 0.0537758
0.255859 0.0555838
0.259766 0.0572145
0.263672 0.0586847
0.263672 0.0586847
0.267578 0.0599289
0.271484 0.0609348
0.275391 0.0617272
0.279297 0.0623818
0.28921 0.00585938
0.283203 0.0140573
0.287612 0.00976562
0.287109 0.010334
0.290524 0.00195312
0.28921 0.00585938
0.30424 0.00195312
0.304526 0.00415309
0.304764 0.00355019
0.306641 0.00562389
0.312012 0.00203659
0.310547 0.00534516
0.279297 0.0623818
0.283203 0.0629719
0.287109 0.0635388
0.291016 0.0640967
0.294922 0.0647112
0.298828 0.0656437
0.302734 0.0671504
0.302734 0.0671504
0.306641 0.0696311
0.306641 0.0696311
0.309286 0.0722656
0.31216 0.0761719
0.323485 0.00585938
0.327052 0.00341003
0.325269 0.00585938
0.323589 0.00839725
0.326399 0.0084664
0.330078 0.00296634
0.331532 0.00585938
0.332613 0.00328392
0.332799 0.00585938
0.329781 0.00837293
0.33225 0.00800515
0.351556 0.00779862
0.351322 0.00976562
0.351202 0.0136719
0.353516 0.00404378
0.353516 0.00404378
0.355816 0.00365768
0.356678 0.00592565
0.356961 0.00976562
0.356556 0.0136719
0.351401 0.0159207
0.353516 0.0188615
0.355982 0.0164278
0.359247 0.0386609
0.359054 0.0396982
0.353516 0.0498654
0.352397 0.0527344
0.356565 0.0500769
0.357747 0.0527344
0.354214 0.0551492
0.35676 0.0553077
0.36248 0.0371094
0.366839 0.0351114
0.364302 0.0360382
0.36231 0.0399542
0.365234 0.039786
0.367627 0.0349379
0.368944 0.0371094
0.368297 0.0398423
0.375 0.0507812
0.373533 0.0527344
0.373835 0.0554024
0.31216 0.0761719
0.314917 0.0800781
0.317693 0.0839844
0.314917 0.0800781
0.317693 0.0839844
0.319791 0.0878906
0.319791 0.0878906
0.321614 0.0917969
0.322829 0.0957031
0.323555 0.0996094
0.324086 0.103516
0.324086 0.103516
0.324506 0.107422
0.324647 0.111328
0.32448 0.115234
0.323926 0.119141
0.322741 0.123047
0.323926 0.119141
0.37239 0.0761719
0.373047 0.0755213
0.373047 0.0755213
0.370052 0.0800781
0.369489 0.0839844
0.370218 0.0878906
0.370218 0.0878906
0.373047 0.0913322
0.251953 0.17133
0.255859 0.171651
0.259766 0.171761
0.263672 0.171963
0.259766 0.171761
0.263672 0.171963
0.275391 0.171421
0.279297 0.170102
0.267578 0.172325
0.271484 0.172336
0.275391 0.171421
0.283203 0.169905
0.287109 0.172465
0.288333 0.173828
0.288333 0.173828
0.291251 0.177734
0.293913 0.181641
0.293913 0.181641
0.297 0.185547
0.297 0.185547
0.251953 0.247136
0.251953 0.247136
0.255859 0.249284
0.298828 0.187473
0.302734 0.190268
0.306641 0.191657
0.306641 0.191657
0.310547 0.192454
0.321043 0.126953
0.319329 0.130859
0.317934 0.134766
0.31728 0.138672
0.321043 0.126953
0.317268 0.142578
0.317774 0.146484
0.31876 0.150391
0.320347 0.154297
0.320347 0.154297
0.33866 0.151874
0.337497 0.154297
0.340712 0.152007
0.341881 0.153722
0.322857 0.158203
0.325693 0.162109
0.322857 0.158203
0.325693 0.162109
0.328104 0.166016
0.328104 0.166016
0.330195 0.169922
0.338349 0.158203
0.337993 0.162109
0.343517 0.156905
0.343318 0.163815
0.339121 0.16453
0.341797 0.164582
0.332062 0.173828
0.332062 0.173828
0.334225 0.177734
0.336373 0.181641
0.336373 0.181641
0.33801 0.185547
0.33801 0.185547
0.343939 0.159238
0.344289 0.161396
0.314453 0.19309
0.318359 0.193941
0.322266 0.195214
0.322266 0.195214
0.326172 0.196356
0.330078 0.197221
0.333984 0.196954
0.338649 0.189453
0.338016 0.193359
0.338649 0.189453
0.338016 0.193359
0.33663 0.19593
0.375 0.0507812
0.376162 0.0527344
0.376469 0.0555861
0.376953 0.073903
0.380859 0.0743774
0.380859 0.0743774
0.383842 0.0761719
0.376953 0.0922552
0.380859 0.0914467
0.386352 0.0800781
0.386633 0.0839844
0.386352 0.0800781
0.386633 0.0839844
0.385371 0.0878906
0.383452 0.0903477
0.398437 0.0859375
0.39431 0.0893968
0.393995 0.0915101
0.396449 0.0872864
0.395669 0.092706
0.400605 0.0876616
0.400957 0.0919337
0.397535 0.0940059
0.398933 0.0939666
0.417969 0.0703125
0.488955 0.00195312
0.488997 0.00585938
0.489036 0.00976562
0.489072 0.0136719
0.489106 0.0175781
0.489136 0.0214844
0.489163 0.0253906
0.489187 0.0292969
0.489207 0.0332031
0.489223 0.0371094
0.489235 0.0410156
0.489242 0.0449219
0.489245 0.0488281
0.489242 0.0527344
0.489235 0.0566406
0.489223 0.0605469
0.489206 0.0644531
0.489184 0.0683594
0.489157 0.0722656
0.489126 0.0761719
0.489091 0.0800781
0.489052 0.0839844
0.489011 0.0878906
0.488968 0.0917969
0.488923 0.0957031
0.488878 0.0996094
0.488833 0.103516
0.488788 0.107422
0.488745 0.111328
0.488702 0.115234
0.488661 0.119141
0.48862 0.123047
0.425696 0.148377
0.427734 0.147802
0.424075 0.150391
0.424351 0.154005
0.427734 0.154644
0.429688 0.148437
0.43056 0.150391
0.430364 0.153362
0.48858 0.126953
0.488541 0.130859
0.488502 0.134766
0.488463 0.138672
0.488423 0.142578
0.488384 0.146484
0.488304 0.154297
0.488345 0.150391
0.488304 0.154297
0.488254 0.158203
0.488213 0.162109
0.488254 0.158203
0.488176 0.166016
0.48814 0.169922
0.488104 0.173828
0.488068 0.177734
0.48803 0.181641
0.487991 0.185547
0.487952 0.189453
0.487911 0.193359
0.487868 0.197266
0.487825 0.201172
0.487779 0.205078
0.487731 0.208984
0.487681 0.212891
0.487628 0.216797
0.487572 0.220703
0.487512 0.224609
0.487448 0.228516
0.487379 0.232422
0.487303 0.236328
0.487222 0.240234
0.487135 0.244141
0.487042 0.248047
0.255859 0.249284
0.259766 0.251459
0.263672 0.253701
0.263672 0.253701
0.267578 0.255889
0.271484 0.257994
0.271484 0.257994
0.275391 0.260089
0.279297 0.262195
0.279297 0.262195
0.283203 0.264336
0.287109 0.266492
0.287109 0.266492
0.291016 0.268691
0.291016 0.268691
0.294922 0.270968
0.294922 0.270968
0.298828 0.273477
0.298828 0.273477
0.302734 0.276344
0.302734 0.276344
0.306048 0.279297
0.309515 0.283203
0.309515 0.283203
0.312179 0.287109
0.288676 0.33952
0.288077 0.341797
0.291016 0.339342
0.291016 0.339342
0.294922 0.337687
0.298828 0.336282
0.302734 0.334968
0.298828 0.336282
0.306641 0.333644
0.310547 0.331204
0.310547 0.331204
0.286499 0.345703
0.2877 0.349609
0.290001 0.353516
0.290001 0.353516
0.292747 0.357422
0.292747 0.357422
0.295678 0.361328
0.295678 0.361328
0.299084 0.365234
0.302734 0.368737
0.302734 0.368737
0.306641 0.372146
0.306641 0.372146
0.310547 0.37557
0.312179 0.287109
0.314308 0.291016
0.315908 0.294922
0.315908 0.294922
0.31717 0.298828
0.318009 0.302734
0.318535 0.306641
0.318735 0.310547
0.318526 0.314453
0.317847 0.318359
0.316664 0.322266
0.314779 0.326172
0.316664 0.322266
0.311816 0.330078
0.310547 0.37557
0.251953 0.492275
0.255859 0.492796
0.251953 0.492275
0.255859 0.492796
0.259766 0.493314
0.263672 0.493816
0.267578 0.494279
0.271484 0.494696
0.275391 0.495067
0.279297 0.495406
0.283203 0.495726
0.287109 0.496004
0.292074 0.496134
0.296138 0.496443
0.298913 0.498047
0.303319 0.499113
0.307553 0.495713
0.305826 0.497026
0.309688 0.495897
0.310903 0.496747
0.314453 0.379268
0.316013 0.380859
0.316013 0.380859
0.319473 0.384766
0.319473 0.384766
0.32247 0.388672
0.325024 0.392578
0.325024 0.392578
0.327196 0.396484
0.327196 0.396484
0.329077 0.400391
0.330583 0.404297
0.331748 0.408203
0.331904 0.412109
0.331748 0.408203
0.331904 0.412109
0.331074 0.416016
0.329197 0.419922
0.329644 0.423828
0.331727 0.426048
0.333984 0.427641
0.337891 0.429728
0.337891 0.429728
0.341797 0.431558
0.345703 0.433206
0.345703 0.433206
0.349609 0.434646
0.353516 0.435687
0.357422 0.436561
0.361328 0.437309
0.365234 0.438057
0.318914 0.491373
0.315427 0.495353
0.314453 0.498207
0.317395 0.493091
0.316599 0.496934
0.322266 0.491171
0.322266 0.491171
0.326172 0.494245
0.329053 0.498047
0.361328 0.437309
0.365234 0.438057
0.369141 0.43868
0.373047 0.439214
0.359029 0.495345
0.361328 0.49473
0.360937 0.498047
0.364101 0.49575
0.366636 0.496494
0.374553 0.491857
0.367932 0.498326
0.374189 0.494141
0.486946 0.251953
0.486847 0.255859
0.486748 0.259766
0.486651 0.263672
0.486554 0.267578
0.486457 0.271484
0.48637 0.275391
0.486309 0.279297
0.486253 0.283203
0.486201 0.287109
0.486145 0.291016
0.48608 0.294922
0.485996 0.298828
0.485888 0.302734
0.485746 0.306641
0.485561 0.310547
0.484703 0.322266
0.484257 0.326172
0.483788 0.330078
0.483316 0.333984
0.482857 0.337891
0.482453 0.341797
0.485322 0.314453
0.485029 0.318359
0.484703 0.322266
0.484257 0.326172
0.48213 0.345703
0.481869 0.349609
0.481648 0.353516
0.481455 0.357422
0.481293 0.361328
0.481173 0.365234
0.481111 0.369141
0.481116 0.373047
0.394531 0.398438
0.400391 0.400391
0.402344 0.398438
0.40625 0.398438
0.414062 0.398438
0.376953 0.439768
0.380859 0.440488
0.384766 0.441477
0.384766 0.441477
0.388672 0.442615
0.392578 0.4438
0.396484 0.445285
0.396484 0.445285
0.400391 0.446863
0.404297 0.448415
0.404297 0.448415
0.376953 0.491986
0.376644 0.493192
0.378386 0.498047
0.37989 0.49546
0.381164 0.496448
0.382831 0.49608
0.384022 0.498047
0.397832 0.49583
0.396335 0.498047
0.398764 0.496008
0.400927 0.497094
0.402723 0.499314
0.408203 0.450248
0.408203 0.450248
0.412109 0.452024
0.416016 0.454184
0.412109 0.452024
0.416016 0.454184
0.419922 0.456395
0.419922 0.456395
0.423828 0.458741
0.423828 0.458741
0.427734 0.460771
0.427734 0.460771
0.431641 0.462604
0.431641 0.462604
0.435547 0.464007
0.409311 0.498393
0.410794 0.496074
0.412109 0.497019
0.414903 0.498908
0.420508 0.498714
0.423828 0.498278
0.436791 0.498478
0.48119 0.376953
0.481334 0.380859
0.481544 0.384766
0.481818 0.388672
0.482147 0.392578
0.482525 0.396484
0.482954 0.400391
0.483395 0.404297
0.48383 0.408203
0.484247 0.412109
0.484247 0.412109
0.484605 0.416016
0.485 0.419922
0.485425 0.423828
0.485864 0.427734
0.486295 0.431641
0.48673 0.435547
0.439453 0.465166
0.439453 0.465166
0.443359 0.466091
0.447266 0.466775
0.451172 0.467259
0.455078 0.467572
0.458984 0.467733
0.462891 0.467715
0.466797 0.467493
0.439453 0.497216
0.441932 0.498733
0.452258 0.49852
0.455078 0.498263
0.470703 0.467
0.474609 0.46607
0.474609 0.46607
0.48486 0.458984
0.478516 0.464529
0.478516 0.464529
0.482422 0.461797
0.487118 0.439453
0.487415 0.443359
0.487534 0.447266
0.487336 0.451172
0.486626 0.455078
0.48486 0.458984
0.470703 0.498956
0.473298 0.498873
0.487027 0.499032
0.489099 0.498972
0.49934 0.499167
