-0.498047 -0.474609
-0.482422 -0.482422
-0.5 -0.460938
-0.494141 -0.4375
-0.466797 -0.490234
-0.442787 -0.499104
-0.440714 -0.499013
-0.439453 -0.470703
-0.455078 -0.458984
-0.441406 -0.449219
-0.443359 -0.439453
-0.494141 -0.4375
-0.474609 -0.431641
-0.470703 -0.427734
-0.451172 -0.423828
-0.447266 -0.416016
-0.412109 -0.490234
-0.427734 -0.462891
-0.4375 -0.449219
-0.433594 -0.449219
-0.4375 -0.445312
-0.433594 -0.445312
-0.431641 -0.439453
-0.429688 -0.453125
-0.429688 -0.449219
-0.412109 -0.462891
-0.408203 -0.458984
-0.412109 -0.451172
-0.412109 -0.443359
-0.398733 -0.49911
-0.402344 -0.488281
-0.398438 -0.492187
-0.396484 -0.497326
-0.396186 -0.495837
-0.393367 -0.498047
-0.394466 -0.496053
-0.396484 -0.462891
-0.388672 -0.439453
-0.383192 -0.437699
-0.380859 -0.437705
-0.378758 -0.437578
-0.4375 -0.4375
-0.433594 -0.4375
-0.431641 -0.421952
-0.431641 -0.421866
-0.412109 -0.427734
-0.404297 -0.427734
-0.385103 -0.435547
-0.384196 -0.43185
-0.382741 -0.437492
-0.380859 -0.430011
-0.376708 -0.435547
-0.376686 -0.431641
-0.376953 -0.419922
-0.450384 -0.329943
-0.447266 -0.330857
-0.445312 -0.332031
-0.443359 -0.330299
-0.4375 -0.332031
-0.439453 -0.330287
-0.450754 -0.326264
-0.447266 -0.32652
-0.444313 -0.32459
-0.442272 -0.323998
-0.438792 -0.324805
-0.440771 -0.323983
-0.480527 -0.296972
-0.478516 -0.298108
-0.474722 -0.298029
-0.480564 -0.295872
-0.479936 -0.294743
-0.478078 -0.292329
-0.473576 -0.294922
-0.475373 -0.292372
-0.472656 -0.296875
-0.486328 -0.267578
-0.476562 -0.277344
-0.46875 -0.277344
-0.464844 -0.277344
-0.460938 -0.277344
-0.457031 -0.28125
-0.457031 -0.277344
-0.458984 -0.255859
-0.453125 -0.28125
-0.451172 -0.271484
-0.431641 -0.344259
-0.428933 -0.344395
-0.434652 -0.341302
-0.435882 -0.337891
-0.431641 -0.344259
-0.436367 -0.333984
-0.434362 -0.329222
-0.431641 -0.332755
-0.431641 -0.332755
-0.428741 -0.341797
-0.429207 -0.337891
-0.436121 -0.326834
-0.406428 -0.340167
-0.40633 -0.339426
-0.403713 -0.340793
-0.403915 -0.337891
-0.400622 -0.340822
-0.400574 -0.337891
-0.390665 -0.335981
-0.389078 -0.333984
-0.386944 -0.340145
-0.385377 -0.337891
-0.384766 -0.338942
-0.385377 -0.337891
-0.389078 -0.333984
-0.386894 -0.331745
-0.384766 -0.327389
-0.380859 -0.342516
-0.376953 -0.342206
-0.380859 -0.329025
-0.376953 -0.332093
-0.376953 -0.332093
-0.386957 -0.327682
-0.384766 -0.327389
-0.380859 -0.329025
-0.387703 -0.278041
-0.388918 -0.275391
-0.384766 -0.278423
-0.383436 -0.275391
-0.387666 -0.272829
-0.384766 -0.272613
-0.382649 -0.277615
-0.382805 -0.277138
-0.38274 -0.273329
-0.345703 -0.478516
-0.349609 -0.470703
-0.349609 -0.462891
-0.353516 -0.447266
-0.349609 -0.443359
-0.314453 -0.474609
-0.333984 -0.455078
-0.337891 -0.439453
-0.318001 -0.453628
-0.315402 -0.453679
-0.31947 -0.451172
-0.318322 -0.448478
-0.314416 -0.451172
-0.315084 -0.44837
-0.375 -0.433594
-0.349609 -0.435547
-0.349048 -0.411485
-0.349021 -0.408203
-0.345703 -0.411416
-0.345718 -0.408203
-0.347656 -0.40625
-0.336252 -0.375328
-0.333984 -0.375656
-0.331732 -0.375283
-0.306641 -0.498047
-0.306641 -0.490234
-0.287109 -0.498047
-0.287109 -0.482422
-0.302734 -0.466797
-0.283203 -0.451172
-0.273438 -0.5
-0.271484 -0.470703
-0.263672 -0.490234
-0.267578 -0.466797
-0.267578 -0.447266
-0.263672 -0.443359
-0.306641 -0.427734
-0.283203 -0.435547
-0.287109 -0.427734
-0.298828 -0.392578
-0.298828 -0.384766
-0.279297 -0.431641
-0.266206 -0.426297
-0.266781 -0.423828
-0.275391 -0.419922
-0.275391 -0.408203
-0.266622 -0.420825
-0.263672 -0.426586
-0.261719 -0.425781
-0.26156 -0.425945
-0.261006 -0.423828
-0.263672 -0.420554
-0.261631 -0.421767
-0.271484 -0.396484
-0.271484 -0.388672
-0.267578 -0.380859
-0.263672 -0.400391
-0.251953 -0.404297
-0.374091 -0.341291
-0.374243 -0.337891
-0.374965 -0.333984
-0.336487 -0.373047
-0.336235 -0.370762
-0.335804 -0.374835
-0.333984 -0.37025
-0.33123 -0.373047
-0.331503 -0.370557
-0.317005 -0.302
-0.316643 -0.300039
-0.314453 -0.303227
-0.315934 -0.297529
-0.313717 -0.296351
-0.294922 -0.337891
-0.291016 -0.314453
-0.267578 -0.373047
-0.267578 -0.369141
-0.267578 -0.365234
-0.267578 -0.357422
-0.263672 -0.353516
-0.277749 -0.312823
-0.275391 -0.313162
-0.267894 -0.322266
-0.266022 -0.324454
-0.267894 -0.322266
-0.269534 -0.320302
-0.272882 -0.312943
-0.26791 -0.318319
-0.263672 -0.333984
-0.254267 -0.332363
-0.255069 -0.330078
-0.251953 -0.332945
-0.263672 -0.324763
-0.260833 -0.324678
-0.259738 -0.322266
-0.263672 -0.317296
-0.260755 -0.319095
-0.254661 -0.327665
-0.251953 -0.327583
-0.311231 -0.302008
-0.309903 -0.298828
-0.310709 -0.295941
-0.290157 -0.298463
-0.287082 -0.299876
-0.285156 -0.300781
-0.284891 -0.297672
-0.290741 -0.294922
-0.289434 -0.292808
-0.287109 -0.294306
-0.285012 -0.296514
-0.278672 -0.310547
-0.277788 -0.308304
-0.275391 -0.308407
-0.272408 -0.310547
-0.277714 -0.269842
-0.277835 -0.267578
-0.275416 -0.26977
-0.27513 -0.267578
-0.277503 -0.265515
-0.277329 -0.265624
-0.269531 -0.265625
-0.486328 -0.224609
-0.494141 -0.193359
-0.478516 -0.208984
-0.458984 -0.248047
-0.466797 -0.228516
-0.458984 -0.205078
-0.458984 -0.193359
-0.451172 -0.212891
-0.451172 -0.193359
-0.474609 -0.177734
-0.488442 -0.148524
-0.486921 -0.148657
-0.489989 -0.146484
-0.490006 -0.142578
-0.485995 -0.147695
-0.485902 -0.141336
-0.487252 -0.140445
-0.483741 -0.145924
-0.483801 -0.143302
-0.443359 -0.166016
-0.439453 -0.158203
-0.439453 -0.154297
-0.435547 -0.240234
-0.419922 -0.205078
-0.412109 -0.201172
-0.398521 -0.242436
-0.396484 -0.244551
-0.392578 -0.243566
-0.396913 -0.240234
-0.394854 -0.238082
-0.392578 -0.237553
-0.3947 -0.218929
-0.392578 -0.219761
-0.383359 -0.242443
-0.389657 -0.240234
-0.388672 -0.237441
-0.38646 -0.240572
-0.382926 -0.238234
-0.380859 -0.242904
-0.378806 -0.242256
-0.380859 -0.237169
-0.376969 -0.240234
-0.377106 -0.236863
-0.390354 -0.219042
-0.395371 -0.216797
-0.395167 -0.21384
-0.392578 -0.212389
-0.393254 -0.187726
-0.389825 -0.216797
-0.390082 -0.213975
-0.431641 -0.166016
-0.435547 -0.158203
-0.412109 -0.173828
-0.419922 -0.158203
-0.412109 -0.166016
-0.396538 -0.185547
-0.396149 -0.181641
-0.391683 -0.187116
-0.391963 -0.180066
-0.394622 -0.179637
-0.393121 -0.17956
-0.389794 -0.185064
-0.389641 -0.181776
-0.491629 -0.0957031
-0.490234 -0.0970759
-0.490234 -0.0970759
-0.486328 -0.099948
-0.482422 -0.101639
-0.478516 -0.102285
-0.482422 -0.101639
-0.474609 -0.102171
-0.470703 -0.101703
-0.470703 -0.101703
-0.495114 -0.0917969
-0.498032 -0.0878906
-0.495114 -0.0917969
-0.500612 -0.0839844
-0.466797 -0.101196
-0.466797 -0.101196
-0.462891 -0.100689
-0.458984 -0.100431
-0.455078 -0.100635
-0.451172 -0.101282
-0.447266 -0.101934
-0.451172 -0.101282
-0.443359 -0.101932
-0.439453 -0.100591
-0.439453 -0.100591
-0.461219 -0.0633538
-0.458584 -0.0669972
-0.460018 -0.065354
-0.455885 -0.0669756
-0.455078 -0.0608465
-0.493283 -0.0121721
-0.494088 -0.00976562
-0.493731 -0.00699014
-0.491385 -0.0120197
-0.489924 -0.00976562
-0.49081 -0.00712675
-0.461212 -0.061763
-0.459577 -0.059974
-0.457652 -0.0566406
-0.455078 -0.0608465
-0.455078 -0.0570159
-0.458864 -0.0527344
-0.457938 -0.0501489
-0.455078 -0.0500941
-0.452356 -0.0560769
-0.45214 -0.0527344
-0.452949 -0.0506228
-0.445545 -0.0355821
-0.445553 -0.0336031
-0.443359 -0.0370126
-0.444824 -0.0324134
-0.439643 -0.0364641
-0.438283 -0.0332031
-0.449273 -0.0235464
-0.447266 -0.0249638
-0.449309 -0.0229386
-0.448055 -0.0211406
-0.446416 -0.0192363
-0.443359 -0.0305529
-0.444059 -0.0248071
-0.44028 -0.0305015
-0.443326 -0.0214844
-0.444757 -0.0192681
-0.43813 -0.0996094
-0.434788 -0.0957031
-0.433681 -0.0917969
-0.433681 -0.0917969
-0.432729 -0.0878906
-0.432123 -0.0839844
-0.43138 -0.0800781
-0.430348 -0.0761719
-0.429046 -0.0722656
-0.429046 -0.0722656
-0.427386 -0.0683594
-0.425649 -0.0644531
-0.425649 -0.0644531
-0.37818 -0.0957031
-0.376953 -0.0970329
-0.37818 -0.0957031
-0.380677 -0.0917969
-0.381668 -0.0878906
-0.381433 -0.0839844
-0.380144 -0.0800781
-0.377873 -0.0761719
-0.377873 -0.0761719
-0.374453 -0.0722656
-0.433653 -0.0508115
-0.435093 -0.0488281
-0.431641 -0.04998
-0.423737 -0.0605469
-0.42169 -0.0566406
-0.429196 -0.0475596
-0.435392 -0.0449219
-0.433968 -0.042672
-0.429688 -0.0429688
-0.431641 -0.0418255
-0.428012 -0.0449219
-0.428834 -0.04224
-0.423737 -0.0605469
-0.42169 -0.0566406
-0.419368 -0.0527344
-0.416827 -0.0488281
-0.419368 -0.0527344
-0.416827 -0.0488281
-0.414062 -0.046875
-0.414094 -0.0449219
-0.414094 -0.0449219
-0.411169 -0.0410156
-0.411169 -0.0410156
-0.408107 -0.0371094
-0.404512 -0.0332031
-0.404297 -0.0329925
-0.400391 -0.0304176
-0.392578 -0.0301233
-0.388672 -0.031193
-0.384766 -0.0319152
-0.380859 -0.0311245
-0.404297 -0.0329925
-0.400391 -0.0304176
-0.396484 -0.0296318
-0.392578 -0.0301233
-0.388672 -0.031193
-0.380859 -0.0311245
-0.378254 -0.0292969
-0.375246 -0.0253906
-0.363281 -0.246094
-0.359375 -0.246094
-0.359111 -0.150391
-0.359995 -0.146645
-0.357235 -0.153501
-0.359111 -0.150391
-0.353516 -0.153592
-0.359257 -0.144652
-0.357422 -0.143593
-0.353516 -0.145045
-0.353516 -0.145045
-0.351477 -0.152453
-0.351024 -0.150391
-0.351176 -0.147718
-0.291016 -0.244141
-0.283203 -0.244141
-0.30534 -0.164103
-0.305247 -0.163464
-0.3046 -0.164149
-0.304646 -0.163368
-0.300781 -0.152344
-0.300781 -0.148438
-0.296875 -0.152344
-0.289062 -0.15625
-0.289062 -0.152344
-0.290081 -0.133838
-0.290914 -0.130859
-0.289752 -0.128491
-0.287109 -0.134692
-0.284766 -0.13338
-0.285534 -0.129214
-0.287109 -0.128556
-0.284468 -0.130859
-0.285118 -0.128873
-0.273438 -0.175781
-0.277344 -0.164062
-0.269531 -0.167969
-0.259766 -0.154297
-0.373047 -0.0999271
-0.369141 -0.102397
-0.373047 -0.0999271
-0.369141 -0.102397
-0.365234 -0.10476
-0.365234 -0.10476
-0.361328 -0.107136
-0.357422 -0.109516
-0.353516 -0.111774
-0.353516 -0.111774
-0.349609 -0.113794
-0.349609 -0.113794
-0.345703 -0.115583
-0.357422 -0.109516
-0.373047 -0.070985
-0.373047 -0.070985
-0.369141 -0.0681641
-0.365234 -0.0660705
-0.365234 -0.0660705
-0.361328 -0.0643358
-0.357422 -0.0628769
-0.341797 -0.116711
-0.337891 -0.11738
-0.341797 -0.116711
-0.337891 -0.11738
-0.333984 -0.117566
-0.330078 -0.117175
-0.330078 -0.117175
-0.326172 -0.115966
-0.324219 -0.117188
-0.326172 -0.115966
-0.322266 -0.113432
-0.322266 -0.113432
-0.320108 -0.111328
-0.316951 -0.107422
-0.316951 -0.107422
-0.314215 -0.103516
-0.311282 -0.0996094
-0.357422 -0.0628769
-0.353516 -0.0616476
-0.349609 -0.0604257
-0.345703 -0.0570354
-0.345703 -0.0570354
-0.345464 -0.0527344
-0.345254 -0.0496321
-0.375246 -0.0253906
-0.373194 -0.0214844
-0.371356 -0.0175781
-0.371356 -0.0175781
-0.369231 -0.0136719
-0.366451 -0.00976562
-0.366451 -0.00976562
-0.362724 -0.00585938
-0.361328 -0.00455231
-0.361328 -0.00455231
-0.357422 -0.00122631
-0.341797 -0.0611011
-0.341797 -0.0562195
-0.337891 -0.0596801
-0.341797 -0.0499311
-0.338305 -0.0527344
-0.339181 -0.0502495
-0.333984 -0.0582574
-0.330078 -0.0588039
-0.326172 -0.0586555
-0.326172 -0.0586555
-0.322266 -0.058428
-0.322266 -0.058428
-0.318359 -0.0580065
-0.314453 -0.0573895
-0.337618 -0.0208315
-0.33925 -0.0175781
-0.333984 -0.0216518
-0.331539 -0.0201544
-0.330765 -0.0175781
-0.337577 -0.0144592
-0.333984 -0.0139763
-0.331506 -0.0150376
-0.311282 -0.0996094
-0.307624 -0.0957031
-0.306641 -0.0948179
-0.281147 -0.0996094
-0.281638 -0.0957031
-0.306641 -0.0948179
-0.302734 -0.091794
-0.298828 -0.0893469
-0.298828 -0.0893469
-0.294922 -0.0869135
-0.292969 -0.0859375
-0.294922 -0.0869135
-0.291346 -0.0839844
-0.291016 -0.0835985
-0.281961 -0.0917969
-0.282262 -0.0878906
-0.288514 -0.0795
-0.282106 -0.0839844
-0.28144 -0.081521
-0.287339 -0.0761719
-0.286233 -0.0722656
-0.285395 -0.0683594
-0.285395 -0.0683594
-0.284959 -0.0644531
-0.275391 -0.115679
-0.277878 -0.111328
-0.275732 -0.115234
-0.277878 -0.111328
-0.271484 -0.119317
-0.271484 -0.119317
-0.267578 -0.11985
-0.279368 -0.107422
-0.280419 -0.103516
-0.281147 -0.0996094
-0.263672 -0.119141
-0.259766 -0.118122
-0.255859 -0.116932
-0.251953 -0.116056
-0.255859 -0.116932
-0.251953 -0.116056
-0.249749 -0.0996094
-0.251632 -0.0957031
-0.279297 -0.0781018
-0.277915 -0.0761719
-0.277915 -0.0761719
-0.274401 -0.0722656
-0.274401 -0.0722656
-0.270636 -0.0683594
-0.270636 -0.0683594
-0.266885 -0.0644531
-0.254324 -0.0878906
-0.25328 -0.0917969
-0.254817 -0.0839844
-0.254758 -0.0800781
-0.266885 -0.0644531
-0.254127 -0.0761719
-0.254127 -0.0761719
-0.253015 -0.0722656
-0.251528 -0.0683594
-0.249731 -0.0644531
-0.310547 -0.0566544
-0.306641 -0.0558596
-0.302734 -0.0549805
-0.302734 -0.0549805
-0.298828 -0.0542291
-0.291016 -0.0545062
-0.294922 -0.0539367
-0.291016 -0.0545062
-0.285253 -0.0605469
-0.287344 -0.0566406
-0.285253 -0.0605469
-0.263098 -0.0605469
-0.263098 -0.0605469
-0.259465 -0.0566406
-0.259465 -0.0566406
-0.256287 -0.0527344
-0.253641 -0.0488281
-0.253641 -0.0488281
-0.251805 -0.0449219
-0.250545 -0.0410156
-0.249807 -0.0371094
-0.249937 -0.0253906
-0.250271 -0.0214844
-0.250191 -0.0175781
-0.236328 -0.482422
-0.236328 -0.474609
-0.235768 -0.454807
-0.236394 -0.451172
-0.236394 -0.451172
-0.23497 -0.448856
-0.232422 -0.45597
-0.229277 -0.454926
-0.232422 -0.44875
-0.229246 -0.451172
-0.19229 -0.498946
-0.190186 -0.498994
-0.216797 -0.466797
-0.201172 -0.451172
-0.230469 -0.4375
-0.230469 -0.425781
-0.226562 -0.4375
-0.226562 -0.433594
-0.222656 -0.433594
-0.226562 -0.429688
-0.222656 -0.429688
-0.230469 -0.421875
-0.226562 -0.421875
-0.226562 -0.417969
-0.222656 -0.417969
-0.222656 -0.414062
-0.244141 -0.396484
-0.236328 -0.388672
-0.228516 -0.392578
-0.21875 -0.433594
-0.214844 -0.433594
-0.216797 -0.427734
-0.205078 -0.423828
-0.210937 -0.417969
-0.210937 -0.414062
-0.193359 -0.427734
-0.203125 -0.414062
-0.195312 -0.410156
-0.191418 -0.416016
-0.190827 -0.416016
-0.191406 -0.414062
-0.214844 -0.402344
-0.208984 -0.396484
-0.207031 -0.398438
-0.203125 -0.402344
-0.197266 -0.404297
-0.197266 -0.396484
-0.197266 -0.388672
-0.1875 -0.5
-0.177734 -0.451172
-0.156604 -0.462891
-0.156613 -0.460343
-0.15625 -0.5
-0.148438 -0.5
-0.142578 -0.470703
-0.140625 -0.5
-0.132812 -0.5
-0.136719 -0.472656
-0.154297 -0.465512
-0.151489 -0.465513
-0.150952 -0.462891
-0.154297 -0.459118
-0.152344 -0.457031
-0.15134 -0.459806
-0.152344 -0.457031
-0.154297 -0.439453
-0.134766 -0.462891
-0.173828 -0.423828
-0.187499 -0.416016
-0.183594 -0.416016
-0.1875 -0.414062
-0.177734 -0.412109
-0.175949 -0.406561
-0.172746 -0.406766
-0.16806 -0.40632
-0.166016 -0.40788
-0.162109 -0.419922
-0.162109 -0.409063
-0.160131 -0.410175
-0.159073 -0.407135
-0.172414 -0.404297
-0.171875 -0.402344
-0.177734 -0.392578
-0.177734 -0.380859
-0.169266 -0.404297
-0.169898 -0.400714
-0.169266 -0.404297
-0.166016 -0.400658
-0.162109 -0.400597
-0.156249 -0.404297
-0.158203 -0.40019
-0.160156 -0.398438
-0.158203 -0.388672
-0.150391 -0.435547
-0.150391 -0.427734
-0.156219 -0.410187
-0.156206 -0.406297
-0.146484 -0.419922
-0.156249 -0.404297
-0.155757 -0.401429
-0.248047 -0.333559
-0.246723 -0.330078
-0.245954 -0.332301
-0.246723 -0.330078
-0.249572 -0.327881
-0.201172 -0.365234
-0.187221 -0.361328
-0.189453 -0.345703
-0.205078 -0.330078
-0.216797 -0.322266
-0.189453 -0.337891
-0.228516 -0.306641
-0.220703 -0.306641
-0.220703 -0.251953
-0.197266 -0.298828
-0.193359 -0.306641
-0.189453 -0.302734
-0.201172 -0.275391
-0.185547 -0.365078
-0.187221 -0.361328
-0.181641 -0.365755
-0.177734 -0.365736
-0.173828 -0.364385
-0.185117 -0.358043
-0.181641 -0.356447
-0.181641 -0.356447
-0.177734 -0.355941
-0.177734 -0.355941
-0.173828 -0.356333
-0.171401 -0.363655
-0.169947 -0.361328
-0.167969 -0.359375
-0.158203 -0.373047
-0.170628 -0.35777
-0.142578 -0.361328
-0.126953 -0.361328
-0.181641 -0.298828
-0.173828 -0.306641
-0.166016 -0.291016
-0.185547 -0.263672
-0.158203 -0.271484
-0.154297 -0.306641
-0.154297 -0.298828
-0.142578 -0.298828
-0.154297 -0.283203
-0.146484 -0.291016
-0.117188 -0.5
-0.113281 -0.5
-0.113281 -0.484375
-0.105469 -0.492188
-0.0976562 -0.480469
-0.0957031 -0.474609
-0.125 -0.46875
-0.125 -0.464844
-0.121094 -0.460938
-0.101562 -0.464844
-0.0976562 -0.46875
-0.0976562 -0.46875
-0.0898437 -0.5
-0.0898437 -0.496094
-0.0898438 -0.492188
-0.09375 -0.488281
-0.0664062 -0.476562
-0.0878906 -0.462891
-0.0859375 -0.464844
-0.0820312 -0.460938
-0.0839844 -0.451172
-0.0800781 -0.443359
-0.0683594 -0.466797
-0.0664062 -0.46875
-0.0683594 -0.458984
-0.121104 -0.375054
-0.11753 -0.379017
-0.119968 -0.3771
-0.116896 -0.379014
-0.114678 -0.376953
-0.0983922 -0.391051
-0.0957031 -0.391252
-0.100424 -0.388672
-0.0995822 -0.385025
-0.0938745 -0.390476
-0.0957031 -0.384518
-0.09375 -0.390625
-0.0931012 -0.388672
-0.0932321 -0.385891
-0.0722656 -0.376953
-0.0546875 -0.488281
-0.0507812 -0.488281
-0.0546875 -0.476562
-0.0546875 -0.484375
-0.0507812 -0.484375
-0.0546875 -0.476562
-0.0546875 -0.472656
-0.046875 -0.488281
-0.0429688 -0.488281
-0.046875 -0.476562
-0.046875 -0.472656
-0.0625 -0.46875
-0.0566406 -0.458984
-0.0546875 -0.464844
-0.0488281 -0.458984
-0.0605469 -0.451172
-0.0429687 -0.464844
-0.046875 -0.457031
-0.0429688 -0.460938
-0.0390625 -0.464844
-0.0390625 -0.460938
-0.046875 -0.453125
-0.0390625 -0.453125
-0.0390625 -0.449219
-0.03125 -0.453125
-0.0253906 -0.494141
-0.0195312 -0.5
-0.0117187 -0.5
-0.00195312 -0.5
-0.015625 -0.472656
-0.0117188 -0.472656
-0.00390625 -0.476562
-0.00390625 -0.472656
-0.03125 -0.460938
-0.0292969 -0.455078
-0.03125 -0.453125
-0.0273438 -0.453125
-0.0273438 -0.449219
-0.0273438 -0.4375
-0.0234375 -0.441406
-0.0234375 -0.441406
-0.0136719 -0.462891
-0.0117188 -0.46875
-0.0117188 -0.464844
-0.015625 -0.457031
-0.0117188 -0.457031
-0.0078125 -0.464844
-0.0078125 -0.441406
-0.0488281 -0.419922
-0.0390625 -0.425781
-0.0351562 -0.425781
-0.0390625 -0.421875
-0.0390625 -0.417969
-0.0390625 -0.414062
-0.0351562 -0.410156
-0.046875 -0.394531
-0.046875 -0.394531
-0.0507812 -0.386719
-0.0507812 -0.382812
-0.0546875 -0.378906
-0.0429688 -0.398438
-0.046875 -0.398437
-0.046875 -0.394531
-0.0429688 -0.398438
-0.0429688 -0.394531
-0.0390625 -0.40625
-0.0390625 -0.402344
-0.0332031 -0.404297
-0.0390625 -0.398438
-0.0332031 -0.396484
-0.046875 -0.386719
-0.0429688 -0.390625
-0.0410156 -0.384766
-0.046875 -0.382812
-0.046875 -0.378906
-0.0429688 -0.378906
-0.0390625 -0.390625
-0.0390625 -0.386719
-0.03125 -0.390625
-0.0390625 -0.382812
-0.0390625 -0.378906
-0.0351562 -0.382812
-0.0273438 -0.4375
-0.03125 -0.433594
-0.0273438 -0.433594
-0.03125 -0.425781
-0.0273438 -0.429688
-0.0273438 -0.425781
-0.0234375 -0.4375
-0.0234375 -0.433594
-0.0234375 -0.429688
-0.0234375 -0.425781
-0.03125 -0.421875
-0.03125 -0.417969
-0.0273438 -0.421875
-0.03125 -0.410156
-0.0234375 -0.417969
-0.0195312 -0.414062
-0.0195312 -0.410156
-0.015625 -0.429688
-0.00195312 -0.435547
-0.015625 -0.421875
-0.015625 -0.410156
-0.0273438 -0.40625
-0.0234375 -0.398438
-0.0234375 -0.394531
-0.0234375 -0.398438
-0.0234375 -0.398438
-0.0234375 -0.394531
-0.0195312 -0.398438
-0.0195312 -0.394531
-0.03125 -0.390625
-0.03125 -0.386719
-0.0273438 -0.386719
-0.03125 -0.378906
-0.0273438 -0.382812
-0.0234375 -0.390625
-0.0234375 -0.386719
-0.0195312 -0.390625
-0.0195312 -0.386719
-0.0234375 -0.378906
-0.0195312 -0.382812
-0.0195312 -0.378906
-0.0136719 -0.404297
-0.015625 -0.402344
-0.0117188 -0.402344
-0.015625 -0.394531
-0.0117188 -0.398438
-0.015625 -0.390625
-0.015625 -0.386719
-0.0117188 -0.390625
-0.0117188 -0.386719
-0.015625 -0.378906
-0.0117188 -0.382812
-0.0117188 -0.378906
-7.80626e-18 -0.386719
-0.0078125 -0.378906
-0.00390625 -0.382812
-0.00390625 -0.378906
-0.121141 -0.374908
-0.119141 -0.373642
-0.115326 -0.373684
-0.113224 -0.374886
-0.121634 -0.337855
-0.11867 -0.340556
-0.120838 -0.339454
-0.121583 -0.335067
-0.119141 -0.333412
-0.115779 -0.340447
-0.113551 -0.33944
-0.112231 -0.337891
-0.115234 -0.333785
-0.112717 -0.335164
-0.090649 -0.360268
-0.0878906 -0.361401
-0.0853889 -0.360162
-0.0914772 -0.357422
-0.0905287 -0.354998
-0.0878906 -0.354956
-0.0851166 -0.357422
-0.0857714 -0.355321
-0.078125 -0.375
-0.0703125 -0.367188
-0.0722656 -0.357422
-0.0703125 -0.359375
-0.0878906 -0.333984
-0.117264 -0.28528
-0.115234 -0.285777
-0.115234 -0.283164
-0.112998 -0.285582
-0.113122 -0.284173
-0.0947764 -0.298308
-0.0951733 -0.294922
-0.0942526 -0.292608
-0.111328 -0.271484
-0.119141 -0.263672
-0.0917969 -0.299637
-0.0887293 -0.298392
-0.0937212 -0.29297
-0.0917969 -0.292496
-0.0883322 -0.294922
-0.0901366 -0.250206
-0.0878906 -0.250449
-0.0800781 -0.259766
-0.0839844 -0.251285
-0.0800781 -0.25179
-0.0761719 -0.252064
-0.0722656 -0.252421
-0.0688312 -0.251676
-0.0664062 -0.25
-0.0605469 -0.373047
-0.0546875 -0.367188
-0.0507812 -0.367188
-0.0507813 -0.355469
-0.0515503 -0.353333
-0.0485479 -0.355817
-0.0505481 -0.355339
-0.0515501 -0.350253
-0.0488345 -0.348389
-0.046875 -0.367188
-0.0429688 -0.367188
-0.0390625 -0.371094
-0.0464989 -0.35567
-0.0445914 -0.353516
-0.0429688 -0.351562
-0.0451282 -0.349609
-0.0390625 -0.355469
-0.0449219 -0.322266
-0.03125 -0.371094
-0.0273438 -0.375
-0.0273438 -0.371094
-0.0234375 -0.375
-0.0234375 -0.371094
-0.015625 -0.371094
-0.0117188 -0.371094
-0.015625 -0.367188
-0.0117188 -0.367188
-0.0117188 -0.363281
-0.0078125 -0.375
-0.0078125 -0.371094
-0.0078125 -0.367188
-0.0078125 -0.363281
-0.00390625 -0.363281
-0.015625 -0.359375
-0.0136719 -0.353516
-0.0117188 -0.359375
-0.00976562 -0.353516
-0.0078125 -0.355469
-0.00390625 -0.359375
-0.00390625 -0.355469
-0.0175781 -0.326172
-0.0160561 -0.318359
-0.0161654 -0.315428
-0.0136719 -0.341797
-0.0132 -0.321117
-0.00976562 -0.321146
-0.0160561 -0.318359
-0.0140047 -0.313676
-0.00976562 -0.313872
-0.00729358 -0.320704
-0.00606991 -0.318359
-0.00746455 -0.315984
-0.0318271 -0.301679
-0.0323658 -0.298828
-0.0323807 -0.294922
-0.0318058 -0.292138
-0.0292969 -0.303668
-0.0268198 -0.298828
-0.0292969 -0.290314
-0.0269194 -0.294922
-0.0271628 -0.292642
-0.0120993 -0.31239
-0.0136719 -0.298828
-0.18885 -0.227028
-0.189643 -0.224609
-0.188333 -0.222199
-0.228516 -0.158203
-0.248047 -0.146484
-0.238588 -0.125492
-0.236369 -0.12554
-0.228516 -0.142578
-0.234375 -0.125
-0.186866 -0.226853
-0.185531 -0.224609
-0.185646 -0.221884
-0.183995 -0.212036
-0.181641 -0.212462
-0.183604 -0.207201
-0.181641 -0.208786
-0.181916 -0.205078
-0.177734 -0.207261
-0.173828 -0.208477
-0.182959 -0.201172
-0.18038 -0.197266
-0.18038 -0.197266
-0.177734 -0.194468
-0.176555 -0.193359
-0.172742 -0.189453
-0.169922 -0.209726
-0.166016 -0.210022
-0.162109 -0.208988
-0.158203 -0.207264
-0.158203 -0.207264
-0.172742 -0.189453
-0.154297 -0.205677
-0.150391 -0.204622
-0.146484 -0.204041
-0.142578 -0.203715
-0.138672 -0.203596
-0.134766 -0.203776
-0.130859 -0.204407
-0.126953 -0.205898
-0.126953 -0.205898
-0.177734 -0.169922
-0.169613 -0.185547
-0.166931 -0.181641
-0.166931 -0.181641
-0.164203 -0.177734
-0.164203 -0.177734
-0.161371 -0.173828
-0.158497 -0.169922
-0.155458 -0.166016
-0.1839 -0.145127
-0.183873 -0.143345
-0.181641 -0.146883
-0.183283 -0.141038
-0.177734 -0.146316
-0.176929 -0.142578
-0.175781 -0.144531
-0.183594 -0.140625
-0.181531 -0.139986
-0.179051 -0.140263
-0.155458 -0.166016
-0.152085 -0.162109
-0.152085 -0.162109
-0.148358 -0.158203
-0.146484 -0.156355
-0.146484 -0.156355
-0.142578 -0.152749
-0.142578 -0.152749
-0.138672 -0.149508
-0.138672 -0.149508
-0.134766 -0.14683
-0.130859 -0.144837
-0.130859 -0.144837
-0.126953 -0.143504
-0.250218 -0.115234
-0.245577 -0.111328
-0.246025 -0.113368
-0.245577 -0.111328
-0.238708 -0.123972
-0.236748 -0.124288
-0.245963 -0.107422
-0.247582 -0.103516
-0.245963 -0.107422
-0.249749 -0.0996094
-0.234375 -0.125
-0.249731 -0.0644531
-0.211093 -0.0626404
-0.208984 -0.0640929
-0.205078 -0.0655132
-0.201172 -0.0660763
-0.201172 -0.0660763
-0.197266 -0.0662313
-0.197266 -0.0662313
-0.193359 -0.065506
-0.193359 -0.065506
-0.189453 -0.0611042
-0.247953 -0.0605469
-0.246239 -0.0566406
-0.246239 -0.0566406
-0.244487 -0.0527344
-0.242675 -0.0488281
-0.242675 -0.0488281
-0.249807 -0.0371094
-0.249501 -0.0332031
-0.240661 -0.0449219
-0.238666 -0.0410156
-0.238666 -0.0410156
-0.236747 -0.0371094
-0.235024 -0.0332031
-0.235024 -0.0332031
-0.24958 -0.0292969
-0.249937 -0.0253906
-0.250191 -0.0175781
-0.24942 -0.0136719
-0.247903 -0.00976562
-0.24599 -0.00585938
-0.24599 -0.00585938
-0.243444 -0.00195312
-0.243444 -0.00195312
-0.233452 -0.0292969
-0.23214 -0.0253906
-0.231181 -0.0214844
-0.230645 -0.0175781
-0.218103 -0.0214844
-0.219569 -0.0175781
-0.230505 -0.0136719
-0.230698 -0.00976562
-0.230505 -0.0136719
-0.23117 -0.00585938
-0.231795 -0.00195312
-0.220687 -0.0136719
-0.221317 -0.00976562
-0.221581 -0.00585938
-0.221612 -0.00195312
-0.212914 -0.0605469
-0.21397 -0.0566406
-0.214463 -0.0488281
-0.214215 -0.0527344
-0.214463 -0.0488281
-0.214693 -0.0449219
-0.214985 -0.0410156
-0.214693 -0.0449219
-0.214985 -0.0410156
-0.21528 -0.0371094
-0.215619 -0.0332031
-0.189118 -0.0605469
-0.187705 -0.0566406
-0.216131 -0.0292969
-0.21695 -0.0253906
-0.218103 -0.0214844
-0.219569 -0.0175781
-0.185547 -0.115234
-0.185547 -0.111328
-0.181641 -0.107422
-0.177734 -0.103516
-0.173828 -0.0996094
-0.169922 -0.0957031
-0.185547 -0.0800781
-0.173828 -0.0722656
-0.172639 -0.0627858
-0.125187 -0.113641
-0.125201 -0.112345
-0.142578 -0.0622884
-0.138672 -0.0633346
-0.134766 -0.0637825
-0.131408 -0.0633735
-0.187705 -0.0566406
-0.186695 -0.0527344
-0.185675 -0.0488281
-0.175816 -0.0587155
-0.174176 -0.0605615
-0.173941 -0.0566406
-0.17342 -0.0527344
-0.172662 -0.0488281
-0.184462 -0.0449219
-0.183052 -0.0410156
-0.183052 -0.0410156
-0.18158 -0.0371094
-0.179787 -0.0332031
-0.171875 -0.046875
-0.179787 -0.0332031
-0.169922 -0.0613619
-0.166016 -0.0595074
-0.172662 -0.0488281
-0.162109 -0.0589501
-0.158203 -0.0586247
-0.169922 -0.0449719
-0.166016 -0.0423595
-0.166016 -0.0423595
-0.162109 -0.0413855
-0.158203 -0.0408693
-0.177226 -0.0292969
-0.173828 -0.0259422
-0.173828 -0.0259422
-0.169922 -0.023195
-0.169922 -0.023195
-0.167768 -0.0214844
-0.164421 -0.0175781
-0.164421 -0.0175781
-0.162753 -0.0136719
-0.161837 -0.00976562
-0.161268 -0.00585938
-0.160821 -0.00195312
-0.160821 -0.00195312
-0.154297 -0.0589377
-0.150391 -0.0597627
-0.146484 -0.0609643
-0.142578 -0.0622884
-0.154297 -0.040596
-0.150391 -0.0407859
-0.146484 -0.0415307
-0.142578 -0.0427199
-0.142578 -0.0427199
-0.129816 -0.0618577
-0.12907 -0.0556551
-0.126264 -0.0605469
-0.125745 -0.0575352
-0.129976 -0.052674
-0.129164 -0.0488281
-0.12477 -0.0527344
-0.129164 -0.0488281
-0.138672 -0.0440346
-0.138672 -0.0440346
-0.134766 -0.0453772
-0.132053 -0.0463362
-0.150391 -0.00976562
-0.125181 -0.00791844
-0.129309 -0.000475729
-0.126953 -0.00249523
-0.126953 -0.00249523
-0.109051 -0.236328
-0.11643 -0.224609
-0.117892 -0.220703
-0.111938 -0.232422
-0.114606 -0.228516
-0.111938 -0.232422
-0.114606 -0.228516
-0.11643 -0.224609
-0.117892 -0.220703
-0.103516 -0.24105
-0.107422 -0.237982
-0.109051 -0.236328
-0.103516 -0.24105
-0.0996094 -0.242326
-0.0957031 -0.241398
-0.0996094 -0.242326
-0.0957031 -0.241398
-0.120385 -0.212891
-0.118958 -0.216797
-0.120385 -0.212891
-0.123032 -0.208984
-0.124899 -0.206952
-0.091302 -0.248047
-0.0917969 -0.240365
-0.0878906 -0.244166
-0.0917969 -0.240365
-0.0890278 -0.236328
-0.0878906 -0.235309
-0.0839844 -0.244892
-0.0800781 -0.245747
-0.0878906 -0.235309
-0.0839844 -0.231885
-0.0839844 -0.231885
-0.0800781 -0.228674
-0.0761719 -0.245925
-0.0686319 -0.248047
-0.0740935 -0.246059
-0.0686319 -0.248047
-0.0664062 -0.25
-0.0761719 -0.225748
-0.0761719 -0.225748
-0.0722656 -0.223202
-0.0722656 -0.223202
-0.0683594 -0.220828
-0.0644531 -0.218293
-0.085959 -0.195334
-0.0644531 -0.218293
-0.123047 -0.142689
-0.119141 -0.142347
-0.115234 -0.142468
-0.111328 -0.142907
-0.107422 -0.143335
-0.103516 -0.143505
-0.0996094 -0.143661
-0.0957031 -0.144271
-0.0957031 -0.144271
-0.0974886 -0.140523
-0.0937796 -0.136577
-0.0937649 -0.132797
-0.0790866 -0.160611
-0.0776545 -0.158203
-0.0761719 -0.160224
-0.0761719 -0.157601
-0.0722656 -0.158523
-0.0644531 -0.163049
-0.0683594 -0.159655
-0.0683594 -0.159655
-0.0644531 -0.163049
-0.0878906 -0.147861
-0.0917969 -0.145631
-0.0917969 -0.145631
-0.0878906 -0.147861
-0.0839844 -0.148685
-0.0773948 -0.154297
-0.0800781 -0.152273
-0.0839844 -0.148685
-0.0808048 -0.147765
-0.0937171 -0.140578
-0.0935802 -0.136306
-0.0933688 -0.1328
-0.0773948 -0.154297
-0.0772779 -0.151022
-0.0739226 -0.155941
-0.0740911 -0.152139
-0.0605469 -0.215482
-0.0605469 -0.215482
-0.0566406 -0.212104
-0.0537216 -0.208984
-0.0537216 -0.208984
-0.0507501 -0.205078
-0.0507501 -0.205078
-0.0480367 -0.201172
-0.0480367 -0.201172
-0.0455707 -0.197266
-0.0442833 -0.193359
-0.0445149 -0.189453
-0.0235939 -0.211379
-0.0214844 -0.21305
-0.0178036 -0.212583
-0.0217109 -0.208827
-0.0195313 -0.207031
-0.0172731 -0.208984
-0.0193872 -0.206982
-0.0155147 -0.211189
-0.0155885 -0.21079
-4.78658e-05 -0.214965
-0.0545349 -0.173828
-0.0460431 -0.185547
-0.0483217 -0.181641
-0.0513201 -0.177734
-0.0545349 -0.173828
-0.0513201 -0.177734
-0.0577841 -0.169922
-0.0613337 -0.166016
-0.0577841 -0.169922
-0.0483059 -0.157616
-0.0460431 -0.185547
-0.0483217 -0.181641
-0.0430722 -0.16436
-0.0400518 -0.168547
-0.0417911 -0.1664
-0.043071 -0.16073
-0.0449219 -0.157949
-0.0417876 -0.161696
-0.042744 -0.160129
-0.0371094 -0.168649
-0.0352188 -0.167924
-0.0342305 -0.166001
-0.0356349 -0.160454
-0.0375697 -0.159697
-0.0343528 -0.162659
-0.0487345 -0.154297
-0.0469391 -0.152321
-0.0448165 -0.154297
-0.121094 -0.117188
-0.123047 -0.1149
-0.123816 -0.110668
-0.119501 -0.114722
-0.11914 -0.111328
-0.117187 -0.113281
-0.0820312 -0.09375
-0.0799716 -0.0946951
-0.0767199 -0.0945422
-0.0816362 -0.0917969
-0.0792033 -0.0892329
-0.078125 -0.0664063
-0.0788158 -0.0644531
-0.0746963 -0.0917969
-0.0761719 -0.0888465
-0.074201 -0.0898156
-0.0777781 -0.0644531
-0.123047 -0.0607053
-0.120184 -0.0596684
-0.119607 -0.0566406
-0.123047 -0.0514087
-0.123047 -0.0514087
-0.119631 -0.0527344
-0.11952 -0.0499293
-0.123047 -0.0327379
-0.11922 -0.0324682
-0.124644 -0.029071
-0.122667 -0.0264547
-0.117501 -0.0292969
-0.119388 -0.0264034
-0.113742 -0.0175781
-0.111328 -0.0175781
-0.123047 -0.00663134
-0.121094 -0.0078125
-0.123047 -0.00663134
-0.122358 -0.00335292
-0.120675 -0.00464745
-0.120225 -0.00195312
-0.0789569 -0.0622773
-0.0800781 -0.0462146
-0.0853447 -0.0332031
-0.0813497 -0.0449219
-0.0835778 -0.0410156
-0.0813497 -0.0449219
-0.0848344 -0.0371094
-0.0853447 -0.0332031
-0.0777033 -0.0622318
-0.0761719 -0.0487215
-0.0722656 -0.0497757
-0.0683594 -0.0500626
-0.0644531 -0.0497637
-0.0844788 -0.0292969
-0.0844788 -0.0292969
-0.0824872 -0.0269986
-0.0800781 -0.0259653
-0.0761719 -0.0254109
-0.0722656 -0.0255558
-0.0683594 -0.0260578
-0.0644531 -0.0266713
-0.0605469 -0.0490013
-0.0566406 -0.0475119
-0.0546875 -0.046875
-0.0566406 -0.0475119
-0.0527344 -0.0446103
-0.049312 -0.0410156
-0.0507518 -0.0429997
-0.049312 -0.0410156
-0.0466022 -0.0371094
-0.0458843 -0.0332031
-0.0466022 -0.0371094
-0.0458843 -0.0332031
-0.0313474 -0.0391036
-0.0330419 -0.0371094
-0.0331737 -0.0332031
-0.0605469 -0.027331
-0.0605469 -0.027331
-0.0566406 -0.0280968
-0.0527344 -0.0290712
-0.0526744 -0.0292969
-0.0323698 -0.0297646
-0.040274 -0.00195312
-0.0332031 -0.00727074
-0.0371094 -0.00503191
-0.0371094 -0.00503191
-0.0332031 -0.00727074
-0.0292969 -0.0377694
-0.0275771 -0.0322167
-0.0136719 -0.0302928
-0.00976562 -0.0329861
-0.00195312 -0.0387868
-0.00585938 -0.0361737
-0.00585938 -0.0361737
-0.00195312 -0.0387868
-0.0292969 -0.0289501
-0.0283677 -0.0259161
-0.0273437 -0.0273438
-0.0250262 -0.0253906
-0.0259387 -0.0214844
-0.0259387 -0.0214844
-0.0258508 -0.0175781
-0.0214844 -0.0271221
-0.0214844 -0.0271221
-0.0175781 -0.0284165
-0.0292969 -0.00961526
-0.0263271 -0.0136719
-0.0266387 -0.00976562
-0.0253906 -0.00686119
-0.0234251 -0.0100558
-0.0233474 -0.00765935
-0.0136719 -0.0302928
-0.49658 0.0104913
-0.496676 0.0130528
-0.494141 0.00869126
-0.494141 0.0143763
-0.491619 0.0104565
-0.49144 0.0133755
-0.449571 0.0775643
-0.447266 0.0740465
-0.447266 0.0740465
-0.444894 0.0774608
-0.450472 0.0800781
-0.449953 0.0831427
-0.447266 0.0853518
-0.444049 0.0800781
-0.444573 0.0831491
-0.37586 0.00637214
-0.375972 0.00932344
-0.418435 0.112737
-0.419387 0.115234
-0.416016 0.1113
-0.418654 0.117936
-0.416016 0.118916
-0.413027 0.112269
-0.411994 0.115234
-0.413006 0.118154
-0.384367 0.0652946
-0.386545 0.0683594
-0.38471 0.0715525
-0.380859 0.0647256
-0.378699 0.0662193
-0.376829 0.0683594
-0.380859 0.0715119
-0.377885 0.0711112
-0.388093 0.0811225
-0.387865 0.0828593
-0.386111 0.0812314
-0.385951 0.0831187
-0.386719 0.109375
-0.384766 0.109285
-0.386745 0.109425
-0.384766 0.109415
-0.469161 0.222144
-0.469545 0.224609
-0.469022 0.226906
-0.466797 0.22118
-0.46875 0.222656
-0.463595 0.221758
-0.462032 0.224609
-0.466797 0.228082
-0.463386 0.227625
-0.430803 0.131152
-0.431985 0.134766
-0.430738 0.13719
-0.427161 0.128123
-0.429227 0.129239
-0.423828 0.126651
-0.422725 0.130859
-0.427734 0.136315
-0.424544 0.133521
-0.420897 0.127936
-0.419589 0.130859
-0.420169 0.133697
-0.373047 0.00605696
-0.371047 0.00765822
-0.373047 0.0092845
-0.370991 0.00808594
-0.357422 -0.00122631
-0.353516 0.0018316
-0.349609 0.00451961
-0.349609 0.00451961
-0.345703 0.00672948
-0.341797 0.00877878
-0.337891 0.0108288
-0.337891 0.0108288
-0.333984 0.0124954
-0.333984 0.0124954
-0.330078 0.0134244
-0.326172 0.013656
-0.322266 0.0136409
-0.318359 0.0143003
-0.314453 0.0155865
-0.314453 0.0155865
-0.339974 0.0455654
-0.337891 0.0442259
-0.33581 0.0456372
-0.340017 0.047104
-0.337891 0.0474174
-0.335732 0.0471487
-0.334589 0.0913949
-0.331044 0.0917969
-0.333984 0.0945786
-0.331056 0.0946608
-0.310547 0.0171771
-0.306641 0.0189052
-0.306641 0.0189052
-0.302734 0.020427
-0.302734 0.020427
-0.298828 0.0217708
-0.294922 0.0229095
-0.291016 0.023839
-0.291016 0.023839
-0.287109 0.0245531
-0.283203 0.0250354
-0.279297 0.0252049
-0.275391 0.0249598
-0.271484 0.024496
-0.267578 0.024488
-0.263672 0.0253195
-0.259766 0.0256817
-0.259766 0.0256817
-0.254966 0.0195195
-0.255859 0.0249795
-0.25 0.0195312
-0.250914 0.0233197
-0.255859 0.0249795
-0.255859 0.0300969
-0.251953 0.026605
-0.251953 0.026605
-0.254728 0.0318711
-0.251953 0.0333307
-0.258221 0.0687302
-0.258191 0.0710123
-0.255692 0.065736
-0.257683 0.0665759
-0.252844 0.0657931
-0.251016 0.0682852
-0.255859 0.072806
-0.251841 0.0725459
-0.253826 0.0742464
-0.250438 0.167015
-0.250451 0.168868
-0.293776 0.224609
-0.291016 0.224651
-0.293802 0.227535
-0.291016 0.227664
-0.288984 0.226732
-0.42325 0.272117
-0.42451 0.275391
-0.422892 0.278231
-0.419922 0.270983
-0.416918 0.272335
-0.419922 0.279394
-0.415725 0.275391
-0.416831 0.278429
-0.394914 0.281225
-0.394453 0.281193
-0.398721 0.284172
-0.39881 0.285946
-0.396484 0.282278
-0.396484 0.287067
-0.393936 0.283337
-0.393938 0.286154
-0.465094 0.499294
-0.461304 0.495968
-0.463125 0.497872
-0.460914 0.496087
-0.458687 0.497605
-0.456878 0.499551
-0.343899 0.343674
-0.345269 0.345703
-0.345017 0.349609
-0.336099 0.324141
-0.337709 0.326172
-0.335143 0.324058
-0.333396 0.325477
-0.331734 0.326829
-0.337799 0.330025
-0.343452 0.343731
-0.333984 0.329965
-0.331903 0.328377
-0.341797 0.344519
-0.341636 0.351266
-0.33878 0.345773
-0.338941 0.34935
-0.328867 0.499088
-0.326172 0.499519
-0.322701 0.499512
-0.319575 0.499167
-0.261817 0.499768
-0.258124 0.495973
-0.260605 0.497142
-0.256833 0.495704
-0.25531 0.497572
-0.253506 0.498912
-0.241118 0.00195312
-0.238831 0.00585938
-0.238527 0.00824395
-0.236328 0.0108779
-0.246094 0.0195312
-0.248047 0.0248311
-0.246094 0.0195312
-0.245021 0.0226444
-0.248047 0.0248311
-0.249266 0.028338
-0.244141 0.0261093
-0.244141 0.0261093
-0.242188 0.0234375
-0.240234 0.0258914
-0.236328 0.0249774
-0.232767 0.00195312
-0.233261 0.00585938
-0.233875 0.00859014
-0.221706 0.00195312
-0.222046 0.00585938
-0.222992 0.00976562
-0.224521 0.0136719
-0.222992 0.00976562
-0.232422 0.0232658
-0.226077 0.0175781
-0.228516 0.0207219
-0.232422 0.0232658
-0.226077 0.0175781
-0.248047 0.0315907
-0.244502 0.0324444
-0.249905 0.0705579
-0.246998 0.0959715
-0.24704 0.0993632
-0.244141 0.0941045
-0.244141 0.10102
-0.240962 0.0957126
-0.240627 0.0996094
-0.241962 0.10168
-0.212891 0.101562
-0.214844 0.103516
-0.213463 0.101999
-0.216797 0.125422
-0.212891 0.125095
-0.160329 0.00195312
-0.160329 0.00195312
-0.159589 0.00585938
-0.15831 0.00976562
-0.155791 0.0136719
-0.155791 0.0136719
-0.142578 0.0158558
-0.154297 0.0152703
-0.150391 0.0159454
-0.146484 0.01578
-0.142578 0.0158558
-0.130794 0.00195312
-0.131028 0.00585938
-0.130302 0.00976562
-0.129719 0.0136719
-0.138672 0.0172383
-0.134766 0.0191278
-0.134766 0.0191278
-0.130336 0.0176041
-0.130859 0.0204189
-0.125386 0.0214844
-0.127254 0.0253906
-0.126252 0.0292969
-0.140677 0.0390107
-0.12523 0.0332031
-0.172051 0.124849
-0.169667 0.124162
-0.166016 0.123863
-0.162166 0.124015
-0.160156 0.125
-0.152283 0.0702934
-0.153822 0.0722656
-0.153855 0.0752495
-0.150737 0.0722656
-0.150846 0.0752001
-0.142578 0.112449
-0.143574 0.115604
-0.141725 0.117382
-0.139785 0.112562
-0.139389 0.115234
-0.140239 0.117418
-0.222358 0.130859
-0.220703 0.128018
-0.222358 0.130859
-0.222897 0.134766
-0.221745 0.138672
-0.221745 0.138672
-0.220703 0.139943
-0.248047 0.166974
-0.248047 0.168888
-0.246071 0.167897
-0.246022 0.168174
-0.216797 0.125422
-0.212891 0.125095
-0.208984 0.126446
-0.206604 0.128364
-0.205508 0.130859
-0.208984 0.141426
-0.20491 0.134766
-0.206181 0.138672
-0.216797 0.142281
-0.212891 0.142613
-0.208984 0.141426
-0.173024 0.126953
-0.172697 0.12979
-0.173024 0.126953
-0.169922 0.130316
-0.166016 0.130002
-0.159174 0.126953
-0.162109 0.130006
-0.159174 0.126953
-0.159718 0.129361
-0.168069 0.175652
-0.168027 0.177734
-0.165663 0.174786
-0.168027 0.177734
-0.168038 0.179766
-0.165344 0.180438
-0.162109 0.174603
-0.158203 0.175418
-0.157039 0.178227
-0.162109 0.180577
-0.15871 0.179859
-0.154297 0.175139
-0.15582 0.177772
-0.150391 0.174373
-0.154134 0.180109
-0.150391 0.181064
-0.147886 0.175274
-0.146739 0.177734
-0.147664 0.180392
-0.118311 0.00195312
-0.118228 0.00585938
-0.120594 0.0136719
-0.118963 0.00976562
-0.120594 0.0136719
-0.123314 0.0175781
-0.125386 0.0214844
-0.12437 0.0250354
-0.0983485 0.0300294
-0.0941654 0.027201
-0.096086 0.0285472
-0.12523 0.0332031
-0.123047 0.0359618
-0.120965 0.0350633
-0.119141 0.0388183
-0.119141 0.0388183
-0.117053 0.0351222
-0.116418 0.0384625
-0.113281 0.0351562
-0.112759 0.0382603
-0.11656 0.0410156
-0.114435 0.0449219
-0.116144 0.0527344
-0.119878 0.0605469
-0.119116 0.0566406
-0.119878 0.0605469
-0.114283 0.0488281
-0.116144 0.0527344
-0.119116 0.0566406
-0.115234 0.0617869
-0.0982773 0.0330759
-0.0974582 0.0349041
-0.0954683 0.035968
-0.103516 0.0607414
-0.0957031 0.0556799
-0.0996094 0.0582926
-0.0996094 0.0582926
-0.0957031 0.0556799
-0.0782118 0.0113839
-0.0781406 0.0117568
-0.0917317 0.0272946
-0.0917969 0.0281797
-0.0890719 0.0270686
-0.0871435 0.028708
-0.0854683 0.0298639
-0.0782805 0.0309749
-0.0747984 0.00764691
-0.0738229 0.00765188
-0.0766723 0.00936645
-0.0761719 0.0137278
-0.0720832 0.00976562
-0.0723907 0.013481
-0.0703125 0.0117187
-0.0761719 0.0292918
-0.0708693 0.0272029
-0.072261 0.0292969
-0.0671728 0.0230429
-0.0648805 0.0228154
-0.0680239 0.0253906
-0.0700994 0.0275222
-0.0648517 0.0253906
-0.090172 0.0350175
-0.0922599 0.0356656
-0.0879194 0.0332031
-0.0852435 0.0325156
-0.0782625 0.031596
-0.0917969 0.0533454
-0.0878906 0.0517233
-0.0839844 0.0505973
-0.0839844 0.0505973
-0.0800781 0.0502127
-0.0761719 0.0337448
-0.0749977 0.0352709
-0.0730085 0.0326934
-0.0761719 0.0508808
-0.0761719 0.0508808
-0.0740402 0.0507139
-0.0713314 0.0527344
-0.0697926 0.0566406
-0.0697617 0.0605469
-0.0702572 0.05075
-0.0713314 0.0527344
-0.0664062 0.0546875
-0.0697926 0.0566406
-0.0697617 0.0605469
-0.121475 0.0632414
-0.119141 0.0641673
-0.111328 0.0637517
-0.115086 0.0932344
-0.11245 0.0932592
-0.107422 0.0633397
-0.116519 0.0948923
-0.115234 0.0991296
-0.111257 0.0957031
-0.111328 0.0993557
-0.109604 0.103927
-0.111416 0.107422
-0.106372 0.102036
-0.107422 0.107428
-0.104587 0.103516
-0.105311 0.106326
-0.107422 0.11087
-0.103834 0.111328
-0.104691 0.113525
-0.0812919 0.0761719
-0.0790008 0.0722656
-0.0812919 0.0761719
-0.0825553 0.0800781
-0.082873 0.0839844
-0.0825553 0.0800781
-0.0827974 0.0878906
-0.0830092 0.0917969
-0.0757335 0.0683594
-0.0720753 0.0644531
-0.0757335 0.0683594
-0.0790008 0.0722656
-0.0638232 0.0932937
-0.0861355 0.103516
-0.0872952 0.107422
-0.0837725 0.0957031
-0.0849678 0.0996094
-0.0861355 0.103516
-0.0880132 0.111328
-0.0880593 0.115234
-0.0873966 0.119141
-0.0856822 0.123047
-0.0856822 0.123047
-0.0715444 0.0962893
-0.0718262 0.0996094
-0.0705174 0.101858
-0.0683594 0.0957626
-0.0658403 0.0938603
-0.060707 0.0996094
-0.0683594 0.104753
-0.0683594 0.104753
-0.0644531 0.102923
-0.0705985 0.120738
-0.0707152 0.123047
-0.0633705 0.115724
-0.0683594 0.120204
-0.0695974 0.123047
-0.0638746 0.12014
-0.0648569 0.123047
-0.0410471 0.00195312
-0.0398146 0.00585938
-0.0398146 0.00585938
-0.0371859 0.00976562
-0.033775 0.0136719
-0.033775 0.0136719
-0.0332031 0.0142467
-0.0547938 0.0348837
-0.0527344 0.0332851
-0.0531737 0.0371094
-0.0498792 0.0342021
-0.0490776 0.0371094
-0.0523601 0.040646
-0.0512077 0.0433686
-0.0495338 0.0409142
-0.0488281 0.0440988
-0.0546875 0.0546875
-0.0552423 0.0581532
-0.0564601 0.0605469
-0.0546875 0.0546875
-0.0478563 0.0469433
-0.0527344 0.0575901
-0.0527344 0.0575901
-0.0488281 0.0608473
-0.0465522 0.0440273
-0.0465493 0.0471388
-0.0429688 0.0546875
-0.0466015 0.0585229
-0.0449219 0.0636733
-0.0410156 0.0581571
-0.0410156 0.0642197
-0.0351563 0.0585937
-0.0358196 0.0620206
-0.0332031 0.0604761
-0.0292969 0.0177056
-0.0292969 0.0177056
-0.0253906 0.0206465
-0.0253906 0.0206465
-0.0214844 0.0231653
-0.0214844 0.0231653
-0.0175781 0.0254924
-0.00784345 0.011654
-0.00784079 0.0119156
-0.00585938 0.0104657
-0.00618812 0.0136719
-0.00256921 0.0108864
-0.00120154 0.0136719
-0.0136719 0.0276095
-0.0136719 0.0276095
-0.00976562 0.0293255
-0.00515994 0.0161957
-0.00267529 0.0161075
-0.00585938 0.0304682
-0.00195312 0.0310274
-0.0309801 0.0615009
-0.0567821 0.0644531
-0.056625 0.0683594
-0.0554498 0.0722656
-0.0488281 0.0608473
-0.053863 0.0761719
-0.0606116 0.0928268
-0.0520304 0.0800781
-0.0510621 0.0839844
-0.0506201 0.0878906
-0.0506201 0.0878906
-0.0496786 0.0917969
-0.0449219 0.0636733
-0.0410156 0.0642197
-0.0371094 0.0654436
-0.0371094 0.0654436
-0.0332031 0.0670228
-0.0343295 0.0683594
-0.0323201 0.0722656
-0.0305911 0.0761719
-0.0590812 0.0945967
-0.060707 0.0996094
-0.0582296 0.0957031
-0.0583392 0.0980723
-0.0585938 0.101562
-0.0481282 0.0957031
-0.0465337 0.0996094
-0.0514094 0.105197
-0.0519652 0.106538
-0.047285 0.102433
-0.0472388 0.105845
-0.0623436 0.113265
-0.0605469 0.114275
-0.0585937 0.117187
-0.0605469 0.118932
-0.0623956 0.121504
-0.0470782 0.123047
-0.0465337 0.0996094
-0.0448015 0.103516
-0.0435257 0.107422
-0.0435257 0.107422
-0.0386993 0.109245
-0.0419331 0.111328
-0.0446776 0.115234
-0.0419331 0.111328
-0.0446776 0.115234
-0.045324 0.119141
-0.0470782 0.123047
-0.0377902 0.111328
-0.0383822 0.113422
-0.0314976 0.120707
-0.0305911 0.0761719
-0.0278457 0.0800781
-0.0253906 0.0824878
-0.0253906 0.0824878
-0.0214844 0.0855159
-0.0214844 0.0855159
-0.0175781 0.0888108
-0.014786 0.0917969
-0.014786 0.0917969
-0.0292969 0.120165
-0.0307039 0.123047
-0.0271909 0.121036
-0.0250696 0.122973
-0.0214844 0.123408
-0.0186016 0.124346
-0.0119205 0.0957031
-0.0119205 0.0957031
-0.00977048 0.0996094
-0.00767496 0.103516
-0.00767496 0.103516
-0.00521455 0.107422
-0.00195312 0.110378
-0.00195312 0.110378
-0.103206 0.134766
-0.103815 0.138672
-0.101369 0.132781
-0.0994358 0.133708
-0.0990729 0.139711
-0.0970735 0.135411
-0.0971993 0.13775
-0.101195 0.14072
-0.0820357 0.126953
-0.0820357 0.126953
-0.0785858 0.130859
-0.0785858 0.130859
-0.0756627 0.134766
-0.0743152 0.136803
-0.0722656 0.137737
-0.0722656 0.137737
-0.0679689 0.126126
-0.0644505 0.127415
-0.0659399 0.128972
-0.0683594 0.138995
-0.0644531 0.13922
-0.0747371 0.179109
-0.0722656 0.178842
-0.074773 0.181641
-0.0743121 0.183719
-0.0722656 0.185011
-0.0683594 0.177736
-0.0644531 0.17699
-0.0683594 0.184591
-0.0643451 0.182235
-0.0662625 0.18367
-0.0795314 0.244214
-0.0800839 0.248047
-0.0761719 0.24283
-0.0748789 0.249815
-0.0732702 0.244625
-0.0730165 0.248047
-0.0622987 0.125817
-0.0546875 0.132812
-0.0605469 0.139468
-0.0546241 0.134766
-0.0566406 0.140936
-0.0524153 0.130859
-0.0471492 0.126953
-0.0488281 0.131593
-0.0546241 0.134766
-0.0527344 0.136381
-0.0488281 0.131593
-0.048807 0.138672
-0.0566406 0.140936
-0.0527344 0.142664
-0.0493783 0.142053
-0.0471492 0.126953
-0.0467438 0.129056
-0.0605469 0.177027
-0.0566406 0.177517
-0.0584478 0.181641
-0.0584478 0.181641
-0.0527344 0.176861
-0.0499838 0.178111
-0.0527344 0.182696
-0.0499916 0.181385
-0.0313882 0.171052
-0.0391922 0.187218
-0.0315245 0.17233
-0.0371094 0.185819
-0.0332031 0.185735
-0.0281456 0.125493
-0.0253906 0.126616
-0.0214844 0.125833
-0.0170935 0.126953
-0.0127635 0.131589
-0.00843161 0.128652
-0.0107112 0.129425
-0.0144961 0.134766
-0.0131508 0.138672
-0.0113971 0.134766
-0.0131508 0.138672
-0.00585938 0.128946
-0.00585938 0.128946
-0.00195312 0.13024
-0.0105094 0.142578
-0.0105094 0.142578
-0.00996398 0.146484
-0.00953084 0.150391
-0.00707226 0.154297
-0.00585938 0.155255
-0.027926 0.16772
-0.0292737 0.169922
-0.024028 0.167878
-0.0255687 0.169037
-0.0214844 0.168666
-0.0214844 0.168666
-0.018627 0.170555
-0.0266737 0.173828
-0.0266737 0.173828
-0.0309858 0.187295
-0.0214844 0.176161
-0.0180576 0.173828
-0.0193312 0.175917
-0.00585938 0.155255
-0.00195312 0.157348
-0.000961988 0.170988
-0.000414048 0.173393
-0.0471043 0.194673
-0.0469183 0.195432
-0.0449219 0.194427
-0.0392205 0.188671
-0.0424159 0.191492
-0.0449219 0.196295
-0.042762 0.195943
-0.0376636 0.189453
-0.0324297 0.189595
-0.0315237 0.193359
-0.0336406 0.197266
-0.0342235 0.201172
-0.0327567 0.205078
-0.0317921 0.207373
-0.0312766 0.210954
-0.0292969 0.190597
-0.0315237 0.193359
-0.0253906 0.189756
-0.0214844 0.191217
-0.0214844 0.191217
-0.0194777 0.191363
-0.0187912 0.193359
-0.0180041 0.197266
-0.017509 0.201172
-0.0292969 0.207241
-0.0292969 0.207241
-0.0253906 0.207813
-0.0214844 0.20704
-0.0214844 0.20704
-0.0191582 0.205078
-0.0237344 0.226145
-0.023628 0.227501
-0.0214844 0.226244
-0.0214844 0.2275
-0.218754 0.468746
-0.234641 0.499232
-0.23112 0.495864
-0.232805 0.49771
-0.230268 0.496026
-0.22804 0.497488
-0.2264 0.49956
-0.203125 0.449219
-0.207875 0.498436
-0.205078 0.497813
-0.202933 0.49945
-0.156522 0.421789
-0.160685 0.424403
-0.160916 0.427217
-0.158875 0.423093
-0.158203 0.427869
-0.151898 0.388672
-0.148988 0.386375
-0.151898 0.388672
-0.146484 0.38563
-0.143254 0.386214
-0.138805 0.388672
-0.152812 0.391731
-0.150983 0.39351
-0.149521 0.39481
-0.146484 0.392899
-0.142578 0.392163
-0.138805 0.388672
-0.139587 0.391562
-0.156135 0.421829
-0.153578 0.42356
-0.154297 0.427749
-0.152286 0.425564
-0.152155 0.42623
-0.141717 0.498442
-0.138672 0.49842
-0.134766 0.49831
-0.132463 0.499116
-0.0784085 0.250171
-0.0761719 0.250417
-0.0740725 0.25011
-0.0839844 0.34375
-0.0839844 0.34375
-0.0198695 0.281125
-0.0186314 0.280937
-0.0218046 0.283203
-0.021369 0.286343
-0.0173336 0.283203
-0.0177656 0.286349
-0.054921 0.374537
-0.0527344 0.372884
-0.0488281 0.373055
-0.0467878 0.374802
-0.0253906 0.320224
-0.0276952 0.323511
-0.0275783 0.326172
-0.0253906 0.320224
-0.0225944 0.319881
-0.021073 0.322266
-0.0218395 0.326172
-0.0275985 0.329229
-0.0279568 0.33319
-0.0253906 0.33392
-0.0253906 0.33392
-0.0219033 0.330078
-0.0224478 0.333147
-0.0950094 0.393287
-0.0957852 0.396484
-0.0944777 0.398976
-0.0917969 0.392543
-0.0899425 0.398368
-0.0891599 0.393718
-0.0884818 0.396484
-0.0917969 0.399435
-0.08923 0.398984
-0.0910794 0.42091
-0.0878906 0.420308
-0.0857003 0.421377
-0.0922478 0.423828
-0.0916628 0.427375
-0.0869938 0.423828
-0.0878906 0.42771
-0.0859285 0.425562
-0.085807 0.426088
-0.0870746 0.456295
-0.0888377 0.458984
-0.0864297 0.461207
-0.0839844 0.455831
-0.0822231 0.460367
-0.0818259 0.456735
-0.081792 0.458984
-0.0844001 0.461474
-0.08202 0.46095
-0.0549583 0.376008
-0.054183 0.378244
-0.0513837 0.37914
-0.0478798 0.377194
-0.0500189 0.379277
-0.0468146 0.375261
6.50521e-19 -0.5
0.00390625 -0.5
2.60209e-18 -0.488281
4.33681e-19 -0.484375
1.51788e-18 -0.480469
0.00390625 -0.484375
0.00390625 -0.480469
1.30104e-18 -0.472656
0.0078125 -0.484375
0.0078125 -0.480469
0.00976562 -0.474609
0.0078125 -0.472656
0.0305392 -0.474609
0.030614 -0.471585
0.00195312 -0.466797
0.0078125 -0.464844
0.00195312 -0.447266
5.20417e-18 -0.445312
6.50521e-19 -0.441406
0.00390625 -0.445312
0.00976562 -0.451172
0.0078125 -0.449219
0.0117188 -0.449219
0.0078125 -0.445312
0.0078125 -0.441406
0.0117188 -0.445312
0.0117188 -0.441406
0.0332031 -0.5
0.0351563 -0.5
0.0390625 -0.496094
0.0351562 -0.476563
0.0330406 -0.476334
0.0332031 -0.470194
0.0360416 -0.474609
0.0361332 -0.471116
0.0507812 -0.5
0.0546332 -0.499839
0.0546875 -0.496094
0.0507812 -0.488281
0.0566406 -0.499203
0.0585938 -0.496094
0.0585938 -0.488281
0.0585938 -0.480469
0.00390625 -0.4375
0.0078125 -0.4375
0.0078125 -0.433594
0.0117188 -0.4375
0.0136719 -0.408203
0.015625 -0.4375
0.0195312 -0.4375
0.0195312 -0.433594
0.0195312 -0.429688
0.0234375 -0.429688
0.0175781 -0.419922
0.00976562 -0.392578
1.51788e-18 -0.386719
0.00390625 -0.386719
0.00390625 -0.382812
0.00390625 -0.378906
0.0117188 -0.386719
0.0078125 -0.378906
0.0117188 -0.382812
0.0117188 -0.378906
0.0273438 -0.382812
0.0410156 -0.435547
0.0449219 -0.427734
0.0332031 -0.416016
0.0605469 -0.435547
0.0488281 -0.416016
0.0449219 -0.396484
0.0625 -0.5
0.0664062 -0.5
0.0703125 -0.488281
0.0742188 -0.488281
0.0625 -0.480469
0.0703125 -0.472656
0.0878906 -0.494141
0.0917969 -0.478516
0.0722656 -0.466797
0.078125 -0.464844
0.0820313 -0.445312
0.0800781 -0.443359
0.0820313 -0.445312
0.0957031 -0.490234
0.105469 -0.496094
0.109025 -0.49841
0.109371 -0.496087
0.103516 -0.490234
0.109375 -0.492188
0.0996094 -0.474609
0.111057 -0.496681
0.111328 -0.494128
0.113749 -0.498047
0.114065 -0.494769
0.113281 -0.492188
0.117188 -0.496094
0.121094 -0.496094
0.119141 -0.490234
0.121094 -0.488281
0.117188 -0.484375
0.121094 -0.484375
0.123047 -0.478516
0.103516 -0.466797
0.107422 -0.462891
0.103516 -0.451172
0.0761719 -0.435547
0.0683594 -0.416016
0.0644531 -0.408203
0.0839844 -0.435547
0.078125 -0.417969
0.0722656 -0.400391
0.0878906 -0.392578
0.0996094 -0.423828
0.123047 -0.423828
0.123047 -0.404297
4.33681e-19 -0.371094
0.00390625 -0.375
6.50521e-19 -0.363281
0.00390625 -0.363281
0.00976562 -0.373047
0.0078125 -0.371094
0.0117188 -0.375
0.0117188 -0.371094
0.0078125 -0.367188
0.0078125 -0.363281
6.50521e-19 -0.359375
2.1684e-19 -0.347656
0.00390625 -0.351562
0.0078125 -0.359375
0.0117188 -0.359375
0.00976562 -0.345703
0.0117188 -0.351562
0.0175781 -0.373047
0.015625 -0.355469
0.015625 -0.347656
0.00195312 -0.341797
0.0253906 -0.341797
0.0214844 -0.322266
0.03125 -0.375
0.0332031 -0.369141
0.0371094 -0.357422
0.0449219 -0.333984
0.0371094 -0.306641
0.0371094 -0.298828
0.0722656 -0.369141
0.0761719 -0.357422
0.0917969 -0.333984
0.119141 -0.333984
0.111328 -0.322266
0.0878906 -0.298828
0.0800781 -0.291016
0.0898438 -0.28125
0.107422 -0.291016
0.109375 -0.269531
0.125 -0.492188
0.130859 -0.478516
0.126953 -0.470703
0.134766 -0.478516
0.134766 -0.470703
0.140625 -0.5
0.144531 -0.5
0.152344 -0.5
0.150391 -0.478516
0.171875 -0.484375
0.175781 -0.488281
0.179688 -0.492188
0.182509 -0.498791
0.183594 -0.496094
0.184913 -0.498824
0.177734 -0.474609
0.162109 -0.455078
0.177734 -0.466797
0.173828 -0.451172
0.177734 -0.443359
0.181641 -0.451172
0.138993 -0.422421
0.136096 -0.419922
0.136155 -0.417047
0.136925 -0.421623
0.138672 -0.415716
0.141552 -0.42239
0.143615 -0.419922
0.142401 -0.416458
0.154297 -0.408203
0.126953 -0.404297
0.126953 -0.388672
0.146484 -0.392578
0.162109 -0.404297
0.173828 -0.404297
0.181641 -0.404297
0.173828 -0.380859
0.189453 -0.490234
0.208984 -0.490234
0.205078 -0.482422
0.212891 -0.478516
0.212891 -0.462891
0.232422 -0.486328
0.228516 -0.478516
0.236328 -0.482422
0.240234 -0.474609
0.220703 -0.466797
0.232422 -0.455078
0.224609 -0.443359
0.205078 -0.431641
0.208984 -0.408203
0.201172 -0.384766
0.216797 -0.392578
0.224609 -0.419922
0.224609 -0.408203
0.240234 -0.423828
0.236328 -0.416016
0.248452 -0.40791
0.228516 -0.380859
0.240234 -0.404297
0.248209 -0.404297
0.236328 -0.384766
0.138672 -0.345703
0.144513 -0.367233
0.146484 -0.36881
0.146161 -0.365234
0.147973 -0.362805
0.150391 -0.368477
0.152344 -0.367188
0.150391 -0.360897
0.154854 -0.365234
0.154836 -0.36025
0.150391 -0.360897
0.154297 -0.358871
0.126953 -0.333984
0.152344 -0.316406
0.15625 -0.367188
0.154854 -0.365234
0.158184 -0.361328
0.160687 -0.363876
0.160197 -0.362862
0.156671 -0.359124
0.169922 -0.357422
0.185547 -0.365234
0.177734 -0.345703
0.15625 -0.316406
0.160156 -0.316406
0.166016 -0.322266
0.167969 -0.328125
0.169922 -0.322266
0.167969 -0.320312
0.185547 -0.341797
0.175781 -0.328125
0.175781 -0.320312
0.175781 -0.320312
0.175781 -0.316406
0.179688 -0.328125
0.179688 -0.324219
0.183594 -0.328125
0.152344 -0.308594
0.152344 -0.304688
0.152344 -0.300781
0.15625 -0.3125
0.160156 -0.308594
0.15625 -0.304688
0.164062 -0.296875
0.167969 -0.3125
0.167969 -0.308594
0.167969 -0.304688
0.164062 -0.296875
0.167969 -0.296875
0.164062 -0.289062
0.164062 -0.285156
0.171875 -0.3125
0.171875 -0.308594
0.175781 -0.3125
0.175781 -0.308594
0.171875 -0.304688
0.175781 -0.300781
0.175781 -0.300781
0.179688 -0.308594
0.183594 -0.3125
0.183594 -0.308594
0.183594 -0.304688
0.171875 -0.296875
0.171875 -0.292969
0.175781 -0.296875
0.175781 -0.292969
0.171875 -0.289062
0.183594 -0.296875
0.183594 -0.292969
0.183594 -0.296875
0.179688 -0.285156
0.170865 -0.270977
0.170696 -0.267578
0.171254 -0.264925
0.171875 -0.273438
0.175781 -0.273438
0.173828 -0.272004
0.175113 -0.266427
0.176029 -0.270036
0.175987 -0.267658
0.179688 -0.28125
0.179688 -0.273438
0.183594 -0.28125
0.183594 -0.277344
0.179688 -0.269531
0.173828 -0.264064
0.176152 -0.265003
0.185547 -0.259766
0.201172 -0.373047
0.197266 -0.365234
0.197266 -0.357422
0.205078 -0.349609
0.193359 -0.341797
0.1875 -0.328125
0.191406 -0.324219
0.1875 -0.320312
0.1875 -0.316406
0.191406 -0.316406
0.195312 -0.324219
0.201172 -0.326172
0.199219 -0.324219
0.195312 -0.320312
0.199219 -0.316406
0.205078 -0.333984
0.203125 -0.324219
0.216797 -0.326172
0.228516 -0.369141
0.248047 -0.353516
0.244141 -0.345703
0.220703 -0.318359
0.229477 -0.324984
0.228657 -0.322266
0.232422 -0.325071
0.232422 -0.325071
0.228785 -0.318359
0.228433 -0.314453
0.234337 -0.319718
0.244141 -0.333984
0.234832 -0.321526
0.234392 -0.317763
0.234661 -0.314453
0.1875 -0.3125
0.191406 -0.3125
0.191406 -0.308594
0.191406 -0.304688
0.191406 -0.300781
0.199219 -0.3125
0.199219 -0.308594
0.195312 -0.300781
0.199219 -0.304688
0.199219 -0.300781
0.1875 -0.296875
0.191406 -0.296875
0.191406 -0.292969
0.1875 -0.285156
0.191406 -0.289062
0.191406 -0.285156
0.195312 -0.296875
0.195312 -0.292969
0.199219 -0.296875
0.199219 -0.292969
0.195312 -0.289062
0.199219 -0.289062
0.207031 -0.308594
0.203125 -0.300781
0.207031 -0.304688
0.210938 -0.304688
0.207031 -0.292969
0.203125 -0.289062
0.207031 -0.289062
0.207031 -0.285156
0.210938 -0.292969
0.214844 -0.296875
0.210938 -0.289062
0.210938 -0.285156
0.1875 -0.28125
0.191406 -0.277344
0.191406 -0.273438
0.191406 -0.269531
0.201172 -0.279297
0.195312 -0.273438
0.197266 -0.267578
0.189453 -0.259766
0.203125 -0.277344
0.208984 -0.271484
0.205078 -0.263672
0.212891 -0.251953
0.22837 -0.310547
0.229251 -0.307521
0.232422 -0.307035
0.232422 -0.307035
0.234831 -0.311079
0.234665 -0.308138
0.240234 -0.294922
0.232422 -0.267578
0.244141 -0.279297
0.248047 -0.275391
0.00976562 -0.236328
0.0214844 -0.224609
0.00195312 -0.216952
0.00114827 -0.212891
0.00585938 -0.217105
0.00270901 -0.210171
0.00585938 -0.209876
0.00829591 -0.215686
0.00827726 -0.212891
0.0468904 -0.162109
0.0441421 -0.158203
0.0488281 -0.16368
0.0527344 -0.165124
0.0488281 -0.16368
0.0566406 -0.165681
0.0605469 -0.16555
0.0430405 -0.154297
0.0434819 -0.150391
0.0430405 -0.154297
0.0434819 -0.150391
0.0456735 -0.146484
0.0332031 -0.126953
0.0488281 -0.143693
0.0488281 -0.143693
0.0527344 -0.142015
0.0566406 -0.141581
0.0605469 -0.14221
0.109375 -0.210938
0.0644531 -0.164396
0.0644531 -0.164396
0.0679219 -0.162109
0.0699126 -0.158203
0.070554 -0.16061
0.0699126 -0.158203
0.0700888 -0.154297
0.0690483 -0.150391
0.0644531 -0.144163
0.0644531 -0.144163
0.066825 -0.146484
0.0666468 -0.144303
0.0700888 -0.154297
0.0741261 -0.142325
0.0761719 -0.141236
0.0741799 -0.140526
0.0761719 -0.139896
0.0782809 -0.140991
0.0783035 -0.140073
0.0976574 -0.17578
0.105518 -0.183545
0.0136719 -0.115234
0.00753984 -0.0984684
0.00763347 -0.0972043
0.00976562 -0.0993106
0.00976562 -0.0961088
0.012128 -0.0987088
0.012102 -0.0967876
0.00976562 -0.0468405
0.0136719 -0.0505715
0.0136719 -0.0505715
0.00195312 -0.040971
0.00585938 -0.043511
0.00585938 -0.043511
0.00976562 -0.0468405
0.0175781 -0.0530577
0.0214844 -0.0529253
0.0253906 -0.0509726
0.0253906 -0.0509726
0.0292969 -0.0499239
0.0332031 -0.0506298
0.0332031 -0.0506298
0.0371094 -0.051578
0.0371094 -0.051578
0.0410156 -0.0514395
0.0449219 -0.0513932
0.0507812 -0.0546875
0.0488281 -0.0518058
0.0527344 -0.051573
0.0527344 -0.051573
0.0566406 -0.0493529
0.0566406 -0.0493529
0.0605469 -0.0458494
0.0613831 -0.0449219
0.0839844 -0.119141
0.0800781 -0.107422
0.0735227 -0.0825419
0.0720962 -0.0800781
0.0761719 -0.0830684
0.0728594 -0.0764659
0.0761719 -0.0751037
0.0785158 -0.0823406
0.0799492 -0.0800781
0.0790445 -0.0769141
0.105167 -0.105617
0.103721 -0.103516
0.105695 -0.10552
0.10839 -0.104396
0.103917 -0.100089
0.107422 -0.0999876
0.109435 -0.101859
0.109419 -0.101477
0.0613831 -0.0449219
0.0642423 -0.0410156
0.0668512 -0.0371094
0.0668512 -0.0371094
0.0692143 -0.0332031
0.0692143 -0.0332031
0.0711662 -0.0292969
0.0711662 -0.0292969
0.0725421 -0.0253906
0.0733581 -0.0214844
0.0735441 -0.0175781
0.0644531 -0.000219607
0.0694846 -0.00585938
0.0663139 -0.00195312
0.0729808 -0.0136719
0.0716116 -0.00976562
0.0694846 -0.00585938
0.0878906 0.000158196
0.0917969 -0.00202176
0.124719 -0.0488281
0.117083 -0.0395371
0.117086 -0.0386736
0.122919 -0.0449219
0.119757 -0.0410156
0.122919 -0.0449219
0.119757 -0.0410156
0.118719 -0.0371094
0.123047 -0.0362645
0.0957031 -0.00412903
0.0957031 -0.00412903
0.0996094 -0.00617517
0.103516 -0.00825333
0.107422 -0.0103742
0.107422 -0.0103742
0.103516 -0.00825333
0.119141 -0.015732
0.123047 -0.015437
0.111328 -0.0129523
0.111328 -0.0129523
0.115234 -0.0148782
0.123047 -0.015437
0.177052 -0.244284
0.175781 -0.242187
0.177741 -0.24038
0.180382 -0.246332
0.182296 -0.244695
0.183771 -0.242759
0.181641 -0.23976
0.183841 -0.241558
0.137399 -0.179008
0.147429 -0.16062
0.147408 -0.158203
0.149346 -0.160628
0.149375 -0.158203
0.160156 -0.140625
0.163912 -0.142578
0.164133 -0.142578
0.163849 -0.140584
0.164105 -0.140601
0.212891 -0.240234
0.216797 -0.236328
0.218111 -0.207527
0.216793 -0.205078
0.217888 -0.202395
0.244141 -0.248047
0.244141 -0.220703
0.220703 -0.208113
0.223029 -0.207476
0.223247 -0.205078
0.220703 -0.20177
0.223045 -0.202619
0.130859 -0.115234
0.181641 -0.111328
0.126953 -0.0509626
0.126953 -0.0509626
0.130859 -0.0528186
0.134766 -0.0542279
0.138672 -0.0551302
0.134766 -0.0542279
0.126953 -0.0371446
0.130859 -0.0372488
0.134766 -0.0385492
0.138672 -0.0401155
0.134766 -0.0385492
0.142578 -0.0555736
0.146484 -0.0553466
0.148292 -0.0545642
0.146484 -0.0489077
0.148499 -0.0547226
0.151142 -0.0527344
0.151865 -0.0488281
0.151142 -0.0527344
0.151865 -0.0488281
0.142578 -0.0432982
0.142578 -0.0432982
0.144531 -0.046875
0.150541 -0.0449219
0.150541 -0.0449219
0.126953 -0.0144179
0.130859 -0.0134696
0.12962 -0.00195312
0.130859 -0.00303235
0.130859 -0.00303235
0.134766 -0.0128479
0.138672 -0.012155
0.140465 -0.0116559
0.134766 -0.00581581
0.138672 -0.00672435
0.140841 -0.0118005
0.14537 -0.00976562
0.14537 -0.00976562
0.143751 -0.00585938
0.143751 -0.00585938
0.147586 -0.0033897
0.150391 -0.00589458
0.149443 -0.000911816
0.153046 -0.00440833
0.155139 -0.0024341
0.16301 -0.0591997
0.161372 -0.0566406
0.157117 -0.0477699
0.162736 -0.0533503
0.166016 -0.0591867
0.168679 -0.0588
0.171283 -0.0577537
0.166016 -0.0519619
0.16981 -0.0537929
0.158551 -0.0449219
0.158652 -0.0410156
0.162109 -0.0441991
0.158501 -0.0371094
0.157715 -0.0332031
0.166016 -0.042358
0.166016 -0.042358
0.169922 -0.0391163
0.169922 -0.0391163
0.17227 -0.0587621
0.174216 -0.0566406
0.174216 -0.0566406
0.17369 -0.0540012
0.177168 -0.0530786
0.173828 -0.0356933
0.173828 -0.0356933
0.177734 -0.0326414
0.157996 -0.0292969
0.159162 -0.0253906
0.160651 -0.0214844
0.160651 -0.0214844
0.162327 -0.0175781
0.164115 -0.0136719
0.156977 -0.000895117
0.164115 -0.0136719
0.165963 -0.00976562
0.167735 -0.00585938
0.167735 -0.00585938
0.169423 -0.00195312
0.177734 -0.0326414
0.181641 -0.0293837
0.181736 -0.0292969
0.185484 -0.0253906
0.188049 -0.0214844
0.199039 -0.101871
0.201172 -0.103029
0.199006 -0.100113
0.199933 -0.0991524
0.201726 -0.0971711
0.204623 -0.102661
0.205737 -0.0996094
0.204147 -0.0971713
0.207031 -0.101562
0.210938 -0.0976562
0.203125 -0.09375
0.210587 -0.0435392
0.210652 -0.0410156
0.21078 -0.0388512
0.212891 -0.0446399
0.211112 -0.0396216
0.216238 -0.0440085
0.217487 -0.0410156
0.212891 -0.0380121
0.215797 -0.0384416
0.188049 -0.0214844
0.189715 -0.0175781
0.191406 -0.0195312
0.190531 -0.0136719
0.19052 -0.00976562
0.190531 -0.0136719
0.189666 -0.00585938
0.188311 -0.00195312
0.220774 -0.0527344
0.221044 -0.0489784
0.225127 -0.0534315
0.224609 -0.0485445
0.22659 -0.0508781
0.22668 -0.0504869
0.237009 -0.000334689
0.240234 -0.000496495
0.242767 -0.000326802
0.251953 -0.482422
0.277344 -0.5
0.279297 -0.490234
0.251953 -0.462891
0.251953 -0.443359
0.280747 -0.461309
0.279362 -0.458984
0.280721 -0.45665
0.285156 -0.5
0.292969 -0.5
0.296875 -0.5
0.310547 -0.474609
0.283203 -0.461822
0.285372 -0.461228
0.283203 -0.456215
0.285307 -0.458984
0.285349 -0.456778
0.310547 -0.466797
0.251953 -0.408523
0.255859 -0.409059
0.259801 -0.408499
0.261988 -0.406859
0.248209 -0.404297
0.253276 -0.402178
0.255859 -0.402197
0.261269 -0.404297
0.258462 -0.402011
0.261269 -0.404297
0.263672 -0.380859
0.279297 -0.376953
0.306641 -0.419922
0.294922 -0.404297
0.287109 -0.380859
0.298828 -0.396484
0.306641 -0.392578
0.302734 -0.384766
0.324219 -0.496094
0.325546 -0.498047
0.325425 -0.49377
0.327467 -0.491892
0.330026 -0.498047
0.331114 -0.493496
0.332088 -0.496396
0.332235 -0.49515
0.329205 -0.491783
0.339844 -0.5
0.331971 -0.454013
0.332031 -0.457031
0.333984 -0.455305
0.331947 -0.45302
0.333984 -0.452816
0.336012 -0.45303
0.353516 -0.498047
0.359375 -0.5
0.365234 -0.478516
0.318359 -0.388672
0.323305 -0.383799
0.326172 -0.384788
0.322532 -0.380859
0.323533 -0.378333
0.326172 -0.377821
0.329022 -0.383811
0.329701 -0.380859
0.328636 -0.378466
0.361328 -0.396484
0.365234 -0.388672
0.369141 -0.384766
0.255859 -0.361328
0.259766 -0.357422
0.271484 -0.369141
0.267578 -0.357422
0.272474 -0.333658
0.272215 -0.330078
0.275391 -0.336298
0.277869 -0.33624
0.275391 -0.336298
0.279599 -0.333984
0.280096 -0.330078
0.272601 -0.326851
0.275391 -0.325152
0.275391 -0.325152
0.278788 -0.326613
0.283203 -0.373047
0.287109 -0.369141
0.294922 -0.369141
0.251953 -0.271484
0.259766 -0.259766
0.271484 -0.271484
0.279297 -0.251953
0.287109 -0.283203
0.283203 -0.275391
0.298828 -0.267578
0.306641 -0.271484
0.318359 -0.349609
0.314453 -0.333984
0.333984 -0.341797
0.341797 -0.337891
0.345703 -0.333984
0.345703 -0.314453
0.365234 -0.322266
0.318359 -0.283203
0.326172 -0.291016
0.330078 -0.306641
0.319679 -0.278185
0.319356 -0.275391
0.319895 -0.272898
0.322266 -0.279251
0.325399 -0.278322
0.326925 -0.275391
0.322266 -0.271626
0.325621 -0.272304
0.328125 -0.273438
0.349609 -0.310547
0.349609 -0.294922
0.361328 -0.302734
0.361328 -0.298828
0.349609 -0.259766
0.35084 -0.251385
0.353516 -0.252609
0.357422 -0.252181
0.361328 -0.252616
0.364968 -0.251852
0.386719 -0.5
0.386719 -0.496094
0.390625 -0.488281
0.394531 -0.484375
0.396484 -0.470703
0.396484 -0.443359
0.400391 -0.431641
0.393577 -0.400391
0.396484 -0.401457
0.393535 -0.396889
0.396484 -0.396117
0.398869 -0.399674
0.39896 -0.397315
0.412109 -0.388672
0.419922 -0.388672
0.438011 -0.498047
0.438158 -0.494141
0.438493 -0.490234
0.439051 -0.486328
0.43989 -0.482422
0.441087 -0.478516
0.441087 -0.478516
0.44275 -0.474609
0.445034 -0.470703
0.445034 -0.470703
0.44815 -0.466797
0.451172 -0.464022
0.451172 -0.464022
0.455078 -0.461536
0.455078 -0.461536
0.458984 -0.459911
0.462891 -0.459022
0.466797 -0.458771
0.462891 -0.447266
0.460938 -0.441406
0.49197 -0.486328
0.493017 -0.498047
0.492827 -0.494141
0.492491 -0.490234
0.49197 -0.486328
0.491202 -0.482422
0.490123 -0.478516
0.488646 -0.474609
0.486598 -0.470703
0.488646 -0.474609
0.474609 -0.46032
0.470703 -0.459189
0.474609 -0.46032
0.478516 -0.462375
0.483713 -0.466797
0.482422 -0.465476
0.470703 -0.451172
0.478516 -0.451172
0.483713 -0.466797
0.498047 -0.466797
0.486328 -0.451172
0.460938 -0.4375
0.460938 -0.433594
0.478516 -0.431641
0.486328 -0.435547
0.404297 -0.369141
0.378601 -0.320754
0.380859 -0.321166
0.378663 -0.318816
0.380859 -0.317693
0.383081 -0.320697
0.38306 -0.318742
0.388672 -0.287109
0.380859 -0.279297
0.402344 -0.277344
0.423828 -0.294922
0.40625 -0.277344
0.410156 -0.277344
0.414036 -0.265654
0.414062 -0.277344
0.417969 -0.277344
0.416016 -0.265788
0.418029 -0.265673
0.414028 -0.262379
0.414028 -0.261673
0.412109 -0.251953
0.414832 -0.264465
0.416016 -0.261155
0.418601 -0.263672
0.418332 -0.261366
0.421875 -0.277344
0.425781 -0.277344
0.423828 -0.271484
0.421875 -0.265625
0.429688 -0.277344
0.421875 -0.261719
0.423828 -0.251953
0.439453 -0.353516
0.474609 -0.345703
0.478516 -0.353516
0.441406 -0.296875
0.441406 -0.296875
0.4375 -0.277344
0.445312 -0.277344
0.449219 -0.277344
0.478516 -0.275391
0.486328 -0.275391
0.494141 -0.275391
0.498047 -0.275391
0.251953 -0.244141
0.251953 -0.232422
0.279297 -0.232422
0.259766 -0.216797
0.291016 -0.232422
0.294922 -0.232422
0.298828 -0.244141
0.322266 -0.248047
0.330177 -0.204035
0.333296 -0.204061
0.330006 -0.201172
0.331566 -0.199088
0.333554 -0.201172
0.332341 -0.199091
0.350858 -0.248276
0.352973 -0.247228
0.355012 -0.245958
0.357422 -0.24707
0.358463 -0.246069
0.361328 -0.246701
0.360274 -0.246017
0.365516 -0.248047
0.363719 -0.245904
0.365293 -0.228516
0.364805 -0.224609
0.36639 -0.222185
0.369407 -0.229801
0.371801 -0.227702
0.371065 -0.222673
0.369141 -0.222049
0.372035 -0.224609
0.371161 -0.222597
0.335937 -0.164063
0.33523 -0.162109
0.335449 -0.159435
0.337891 -0.165209
0.339844 -0.167969
0.340836 -0.164793
0.337891 -0.158182
0.342103 -0.162109
0.341201 -0.15889
0.261719 -0.117188
0.261719 -0.113281
0.259771 -0.111328
0.263672 -0.112381
0.257812 -0.109371
0.258931 -0.107422
0.260811 -0.104974
0.265176 -0.105802
0.263499 -0.104996
0.266352 -0.110565
0.26657 -0.107422
0.265634 -0.105462
0.287109 -0.0839844
0.311014 -0.0171616
0.309938 -0.0136719
0.311923 -0.0113314
0.314453 -0.0800781
0.361328 -0.115234
0.326946 -0.0518642
0.326773 -0.0488281
0.330078 -0.0519503
0.329916 -0.0488281
0.314453 -0.0183401
0.318075 -0.0170835
0.320361 -0.0157097
0.314453 -0.0106392
0.319791 -0.0136719
0.317174 -0.0112287
0.319791 -0.0136719
0.351484 -0.0355556
0.35429 -0.039294
0.353312 -0.0373507
0.3541 -0.0332031
0.357422 -0.0363401
0.357152 -0.0343731
0.362909 -0.0352013
0.361328 -0.0330047
0.365234 -0.0366191
0.363397 -0.0350284
0.369141 -0.037879
0.369584 -0.0321189
0.372781 -0.0365789
0.374115 -0.0327789
0.355073 -0.0306982
0.357336 -0.0287689
0.361328 -0.0276724
0.359375 -0.0273437
0.365234 -0.0292587
0.363975 -0.0270153
0.371902 -0.0309152
0.388672 -0.248047
0.423828 -0.208984
0.427734 -0.208984
0.435547 -0.208984
0.443359 -0.208984
0.466797 -0.208984
0.462891 -0.197266
0.494141 -0.228516
0.452153 -0.164868
0.450889 -0.162109
0.452148 -0.159338
0.455078 -0.165583
0.458984 -0.16564
0.455078 -0.158604
0.458984 -0.15824
0.461707 -0.164732
0.46304 -0.162109
0.4618 -0.159333
0.460752 -0.125387
0.464784 -0.128927
0.462795 -0.127349
0.46508 -0.128975
0.466999 -0.127603
0.469149 -0.125773
0.41251 -0.0672611
0.412125 -0.0644531
0.421325 -0.0705753
0.416016 -0.0673247
0.412125 -0.0644531
0.419557 -0.0693723
0.418269 -0.0629411
0.433202 -0.0783692
0.435547 -0.0792215
0.423828 -0.0710574
0.429415 -0.0744226
0.427734 -0.0730382
0.423828 -0.0710574
0.426212 -0.0683594
0.427139 -0.0644531
0.431055 -0.0764191
0.431641 -0.0730399
0.43688 -0.0761719
0.434307 -0.073833
0.429746 -0.062638
0.375918 -0.0357222
0.381078 -0.0360517
0.381513 -0.0332031
0.384766 -0.0354976
0.384257 -0.0332031
0.38684 -0.0352024
0.388672 -0.033524
0.391313 -0.0322028
0.385584 -0.0303623
0.388672 -0.0284153
0.391876 -0.0292969
0.391176 -0.0270513
0.412617 -0.0618735
0.416016 -0.0621271
0.420142 -0.0614988
0.423828 -0.0585078
0.423828 -0.0585078
0.428718 -0.0603368
0.427055 -0.0579431
0.429703 -0.0623677
0.431916 -0.0485659
0.435547 -0.0489271
0.431565 -0.0449219
0.435542 -0.0449434
0.433594 -0.0429687
0.436569 -0.0175781
0.423828 -0.00132271
0.427734 -0.00504159
0.427734 -0.00504159
0.434533 -0.0136719
0.431959 -0.00976562
0.434533 -0.0136719
0.42858 -0.00585938
0.460867 -0.124671
0.46133 -0.12196
0.463289 -0.120111
0.466797 -0.120314
0.466797 -0.120314
0.46444 -0.110082
0.466797 -0.113445
0.466797 -0.112615
0.464123 -0.107422
0.462754 -0.103516
0.463493 -0.0999757
0.466797 -0.0987666
0.437743 -0.0785233
0.437591 -0.0774488
0.449219 -0.078125
0.451172 -0.0683594
0.469052 -0.123795
0.469724 -0.111054
0.484375 -0.109375
0.469541 -0.107422
0.469709 -0.103516
0.469532 -0.100307
0.486581 -0.11841
0.490234 -0.11858
0.485697 -0.115234
0.485561 -0.111328
0.491287 -0.115917
0.491937 -0.111328
0.492293 -0.117373
0.492401 -0.114011
0.492226 -0.110857
0.485653 -0.107335
0.487346 -0.104929
0.491203 -0.106429
0.490234 -0.104644
0.492549 -0.108386
0.492254 -0.10538
0.497041 -0.0800781
0.499388 -0.0839844
0.497041 -0.0800781
0.492096 -0.0722656
0.487134 -0.0644531
0.489506 -0.0683594
0.494663 -0.0761719
0.492096 -0.0722656
0.451172 -0.0410156
0.458984 -0.0311056
0.46965 -0.0410156
0.462891 -0.0342297
0.462891 -0.0342297
0.46601 -0.0371094
0.439453 -0.0217298
0.445051 -0.0274562
0.443359 -0.0249783
0.43921 -0.0214844
0.436569 -0.0175781
0.447266 -0.0258367
0.451172 -0.026968
0.451172 -0.026968
0.455078 -0.0288482
0.458984 -0.0311056
0.476271 -0.0488281
0.481869 -0.0566406
0.484471 -0.0605469
0.481869 -0.0566406
0.479183 -0.0527344
0.476271 -0.0488281
0.479183 -0.0527344
0.47307 -0.0449219
0.46965 -0.0410156
0.47307 -0.0449219
0.484471 -0.0605469
0.480406 -0.0118781
0.480358 -0.0113348
0.482422 -0.0130149
0.482422 -0.0100976
0.485108 -0.0128306
0.485101 -0.0101649
0.491986 -0.00406436
0.491469 -0.00195312
0.494141 -0.00410808
0.495977 -0.00387974
0.496553 -0.00195312
0.00195312 0.0311283
0.00585938 0.0309457
0.00976562 0.0306661
0.0136719 0.0304088
0.0175781 0.0301844
0.0214844 0.029856
0.0253906 0.0290616
0.0306127 0.0253906
0.0292969 0.0267498
0.0233355 0.0488281
0.0233096 0.0509023
0.0245895 0.0491386
0.0249795 0.0508703
0.0371094 0.0166894
0.0410156 0.0133014
0.0410156 0.0133014
0.0449219 0.0103441
0.0364968 0.0175781
0.0330539 0.0214844
0.0364968 0.0175781
0.0351563 0.0195313
0.0306127 0.0253906
0.0488281 0.00842554
0.0527344 0.0066328
0.0488281 0.00842554
0.0566406 0.00487425
0.0605469 0.00263086
0.0605469 0.00263086
0.03125 0.0429688
0.042352 0.0418989
0.0418863 0.0448169
0.0449219 0.0406833
0.0449219 0.044354
0.0472372 0.0414619
0.0470348 0.0432528
0.0214844 0.0789446
0.0253906 0.0769906
0.0292969 0.0755769
0.020835 0.0800781
0.018706 0.0839844
0.020835 0.0800781
0.018706 0.0839844
0.0180029 0.0878906
0.0176479 0.0917969
0.0253906 0.0769906
0.0154265 0.103516
0.0132933 0.107422
0.00195312 0.112377
0.00585938 0.112465
0.00976562 0.110871
0.011892 0.109544
0.0173232 0.0957031
0.0166655 0.0996094
0.0154265 0.103516
0.026607 0.124215
0.0292969 0.123857
0.0332031 0.0746087
0.0332031 0.0746087
0.0371094 0.0729548
0.0371094 0.0729548
0.0410156 0.0702484
0.0449219 0.0682548
0.0410156 0.0702484
0.038667 0.0929901
0.0410156 0.0914045
0.0447803 0.0921454
0.0488281 0.0661173
0.0488281 0.0661173
0.0527344 0.0646159
0.0566406 0.0638121
0.0605469 0.0633151
0.0388328 0.095658
0.0388831 0.097945
0.0392586 0.0970145
0.0410156 0.0991886
0.0458642 0.0957031
0.0445578 0.0987955
0.0328148 0.124361
0.0351619 0.124996
0.0644531 -0.000219607
0.0713462 0.0136719
0.0761719 0.00812829
0.0743819 0.00976562
0.0713462 0.0136719
0.0761719 0.00812829
0.0702097 0.0175781
0.0702097 0.0175781
0.0705777 0.0214844
0.071423 0.0253906
0.0728088 0.0292969
0.0800781 0.00513997
0.0800781 0.00513997
0.0839844 0.00253575
0.0878906 0.000158196
0.0660615 0.0455675
0.0696766 0.0428811
0.068016 0.0437361
0.074818 0.0332031
0.074818 0.0332031
0.0766871 0.0371094
0.0710324 0.0426641
0.0714029 0.0449219
0.0776843 0.0394904
0.0658109 0.0478915
0.0683594 0.048427
0.0644531 0.0628246
0.0683594 0.0625036
0.0705953 0.0472057
0.0722656 0.0628697
0.0800781 0.0405301
0.0839844 0.0405837
0.0878906 0.0396667
0.0917969 0.0380106
0.0878906 0.0396667
0.101385 0.0292969
0.11072 0.0175781
0.107272 0.0214844
0.10433 0.0253906
0.101385 0.0292969
0.10433 0.0253906
0.111328 0.0169545
0.118455 0.00976562
0.115234 0.0130647
0.119141 0.00907279
0.125964 0.00195312
0.122447 0.00585938
0.118455 0.00976562
0.11072 0.0175781
0.109375 0.0195313
0.0957031 0.0351979
0.0957031 0.0351979
0.0978867 0.0332031
0.0644531 0.0628246
0.0683594 0.0625036
0.0722656 0.0628697
0.0761719 0.0641489
0.0728181 0.0774854
0.0761719 0.0769837
0.0691302 0.0804519
0.0687974 0.0839844
0.0722656 0.0801437
0.0722656 0.0844092
0.0757534 0.0800781
0.0800781 0.0660237
0.0800781 0.0660237
0.0839844 0.0683511
0.0878906 0.0703259
0.0878906 0.0703259
0.0917969 0.0717354
0.0957031 0.0728075
0.0996094 0.0738764
0.0996094 0.0738764
0.103516 0.0751062
0.107422 0.0764468
0.111328 0.0788611
0.112421 0.0800781
0.112421 0.0800781
0.114755 0.0839844
0.115957 0.0878906
0.116725 0.0917969
0.109309 0.109309
0.117172 0.0957031
0.117155 0.103516
0.116845 0.107422
0.117172 0.0957031
0.117292 0.0996094
0.117155 0.103516
0.116399 0.111328
0.115802 0.115234
0.115001 0.119141
0.114017 0.123047
0.124734 0.119141
0.124289 0.123047
0.00195312 0.132369
0.00195312 0.132369
0.00585938 0.134383
0.00976562 0.136432
0.00976562 0.136432
0.0136719 0.138809
0.0175781 0.141849
0.0263905 0.126953
0.0275747 0.128323
0.0311104 0.128967
0.0175781 0.141849
0.0183207 0.142578
0.0208912 0.146484
0.0223678 0.150391
0.0238571 0.154297
0.0238571 0.154297
0.00195312 0.15945
0.0043317 0.162109
0.0043317 0.162109
0.00405577 0.169922
0.0045898 0.166016
0.00405577 0.169922
0.0020098 0.173828
0.00585938 0.171241
0.00976562 0.17394
0.0136719 0.176277
0.0136719 0.176277
0.0262565 0.158203
0.0262565 0.158203
0.0287758 0.162109
0.0307518 0.166016
0.0175781 0.178358
0.0214844 0.179704
0.0214844 0.179704
0.0253906 0.180922
0.0292969 0.182153
0.0351277 0.128764
0.0332031 0.129382
0.0369487 0.126953
0.0359924 0.132336
0.0362349 0.134766
0.0378554 0.137911
0.0421945 0.133184
0.0410156 0.139489
0.0441213 0.134766
0.0440556 0.138385
0.0307518 0.166016
0.032234 0.169922
0.0336328 0.173828
0.0358132 0.177734
0.0358132 0.177734
0.0329218 0.182818
0.0343792 0.184784
0.0390034 0.179759
0.0384127 0.185547
0.0403894 0.182754
0.0384127 0.185547
0.0449219 0.182772
0.0449219 0.184361
0.0488281 0.18159
0.0504595 0.184291
0.0527344 0.181736
0.0527344 0.186197
0.0605469 0.17878
0.0566406 0.181513
0.0553723 0.186362
0.0605469 0.17878
0.034548 0.189453
0.0350983 0.191499
0.0351961 0.191329
0.0371094 0.193561
0.0422337 0.191031
0.0410156 0.192753
0.0450701 0.190698
0.0433635 0.191577
0.0415285 0.205409
0.0400908 0.208984
0.0449219 0.203544
0.0420532 0.211479
0.0449219 0.211653
0.0488281 0.189238
0.0527344 0.188509
0.0472101 0.202963
0.0566406 0.188695
0.0605469 0.190164
0.048746 0.205078
0.0483272 0.208984
0.0469684 0.211011
0.0644531 0.177144
0.0683594 0.17674
0.0683594 0.188013
0.0722656 0.176314
0.0761719 0.178078
0.0722656 0.186022
0.0781134 0.179703
0.0786828 0.185547
0.0852637 0.169922
0.0899558 0.162109
0.0925214 0.158203
0.0899558 0.162109
0.0875704 0.166016
0.0852637 0.169922
0.0818611 0.173828
0.0800781 0.176175
0.0818611 0.173828
0.0800781 0.185941
0.0839844 0.184767
0.0917969 0.177616
0.0916696 0.177734
0.0878906 0.18193
0.0878906 0.18193
0.0881873 0.181641
0.108835 0.138672
0.102355 0.146484
0.099014 0.150391
0.0955382 0.154297
0.099014 0.150391
0.105779 0.142578
0.102355 0.146484
0.105779 0.142578
0.112995 0.126953
0.111934 0.130859
0.112995 0.126953
0.11071 0.134766
0.108835 0.138672
0.124222 0.126953
0.124406 0.130859
0.124801 0.134766
0.0925214 0.158203
0.0957031 0.17447
0.0996094 0.173358
0.103516 0.175057
0.103516 0.175057
0.107422 0.178236
0.124797 0.171559
0.111328 0.180447
0.115234 0.181091
0.119141 0.179247
0.123047 0.17572
0.121718 0.177734
0.119141 0.179247
0.0644531 0.189511
0.0683594 0.188013
0.0702395 0.203065
0.0722656 0.186022
0.0732037 0.202756
0.0755343 0.202507
0.069697 0.205078
0.0698252 0.207767
0.0710543 0.204255
0.0722656 0.208845
0.0772612 0.205078
0.0758049 0.20821
0.116243 0.202252
0.119141 0.201651
0.121522 0.202626
0.115432 0.205078
0.11666 0.208278
0.116612 0.213689
0.114443 0.216797
0.119141 0.209839
0.12208 0.205078
0.121486 0.208097
0.119141 0.216279
0.119141 0.216279
0.11494 0.221326
0.115454 0.223079
0.118827 0.220583
0.117744 0.222992
0.125964 0.00195312
0.151628 0.000495188
0.154297 0.00209316
0.156125 0.00399358
0.146484 0.0626439
0.150391 0.0620792
0.154297 0.0616237
0.158703 0.00195312
0.158203 0.00514506
0.160253 0.00376022
0.161852 0.00585938
0.163206 0.00970209
0.171071 0.00195312
0.166358 0.00926201
0.166088 0.0136719
0.169061 0.0142177
0.167581 0.0167481
0.168785 0.0162218
0.170199 0.0210484
0.172621 0.00585938
0.173828 0.0125751
0.173828 0.0125751
0.175781 0.0117187
0.177734 0.0135408
0.186765 0.00195312
0.185164 0.00585938
0.181641 0.0118652
0.181641 0.0118652
0.184042 0.00853125
0.172568 0.0186804
0.175066 0.0218516
0.177734 0.0183445
0.177734 0.0183445
0.175129 0.0240153
0.176789 0.0253906
0.178371 0.0292969
0.179885 0.0233452
0.181641 0.0244927
0.180047 0.0311163
0.183843 0.0270569
0.185832 0.0292969
0.166016 0.0480761
0.169922 0.0462774
0.165471 0.0488281
0.161837 0.0527344
0.160037 0.0566406
0.158203 0.0593321
0.160037 0.0566406
0.165471 0.0488281
0.169922 0.0462774
0.173828 0.0442849
0.173828 0.0442849
0.177734 0.0437557
0.181814 0.0325386
0.185547 0.0336951
0.186117 0.0371094
0.181641 0.0438474
0.181641 0.0438474
0.185547 0.0399954
0.187149 0.043858
0.183293 0.0495269
0.183931 0.0527344
0.186556 0.0488281
0.183931 0.0527344
0.186042 0.0562949
0.187448 0.0586323
0.133155 0.0722656
0.131261 0.0761719
0.134766 0.0701994
0.138672 0.0667705
0.138672 0.0667705
0.133155 0.0722656
0.130127 0.0800781
0.129422 0.0839844
0.128922 0.0878906
0.128623 0.0917969
0.128922 0.0878906
0.128623 0.0917969
0.142578 0.0652461
0.146484 0.0626439
0.128257 0.0957031
0.127714 0.0996094
0.128257 0.0957031
0.127269 0.103516
0.126902 0.107422
0.126379 0.111328
0.125599 0.115234
0.124734 0.119141
0.168059 0.123047
0.171048 0.119141
0.168059 0.123047
0.173828 0.117201
0.177734 0.116083
0.173828 0.117201
0.181641 0.115887
0.185547 0.115969
0.186765 0.00195312
0.193359 0.00195312
0.1875 0.03125
0.191423 0.0312445
0.189082 0.0334802
0.190491 0.0371094
0.192845 0.0332031
0.191699 0.0358129
0.188163 0.0410156
0.189031 0.0449219
0.186556 0.0488281
0.193359 0.0526891
0.189453 0.0588704
0.189453 0.0588704
0.192321 0.0555503
0.197266 0.0537273
0.201172 0.0546803
0.201172 0.0546803
0.205078 0.0546649
0.208984 0.0535773
0.205078 0.0546649
0.212891 0.0523141
0.216797 0.0513338
0.232042 0.00195312
0.233239 0.00477238
0.234517 0.000188958
0.236328 0.00523296
0.240234 0.00438202
0.245445 0.00195312
0.232422 0.0473711
0.220703 0.0501788
0.224609 0.0491542
0.228516 0.0483445
0.232422 0.0473711
0.236328 0.0457483
0.240234 0.0431951
0.240234 0.0431951
0.244141 0.0400778
0.248047 0.0368093
0.248047 0.0368093
0.244141 0.0400778
0.189453 0.116125
0.193359 0.116509
0.193359 0.116509
0.197266 0.117406
0.197266 0.117406
0.201172 0.118885
0.205078 0.121046
0.205078 0.121046
0.208984 0.123615
0.212891 0.126222
0.232422 0.116716
0.229786 0.119583
0.230043 0.122044
0.230949 0.117505
0.230946 0.124547
0.23485 0.116921
0.236708 0.119141
0.237237 0.123306
0.238326 0.120978
0.238349 0.121381
0.124801 0.134766
0.125319 0.138672
0.126014 0.142578
0.126774 0.146484
0.127379 0.150391
0.127785 0.154297
0.147979 0.136037
0.148174 0.138107
0.150391 0.135858
0.150391 0.139096
0.152538 0.136395
0.152449 0.137443
0.148395 0.140665
0.150391 0.14072
0.12804 0.158203
0.128458 0.162109
0.129238 0.166016
0.12802 0.169922
0.129238 0.166016
0.12802 0.169922
0.133745 0.170896
0.1292 0.173828
0.1292 0.173828
0.13193 0.175968
0.134602 0.173828
0.133221 0.175983
0.136857 0.173203
0.164495 0.130859
0.162735 0.134766
0.161398 0.138672
0.166413 0.126953
0.164495 0.130859
0.160122 0.146484
0.160547 0.142578
0.160122 0.146484
0.160017 0.150391
0.160322 0.154297
0.160322 0.154297
0.161188 0.158203
0.162772 0.162109
0.165217 0.166016
0.165217 0.166016
0.167522 0.169922
0.167522 0.169922
0.169207 0.173828
0.171202 0.177734
0.171202 0.177734
0.173828 0.180459
0.177734 0.182668
0.181641 0.183377
0.181641 0.183377
0.185547 0.183349
0.127952 0.190612
0.127474 0.193359
0.130859 0.190533
0.129238 0.192056
0.131132 0.196735
0.13374 0.191003
0.134954 0.191921
0.138672 0.194037
0.133534 0.198753
0.135413 0.200087
0.140233 0.195613
0.138672 0.201792
0.135538 0.213886
0.135441 0.216797
0.138672 0.214036
0.138215 0.216797
0.14064 0.195305
0.142578 0.196638
0.142578 0.202915
0.146484 0.198076
0.148292 0.20279
0.150182 0.201172
0.144126 0.203242
0.146484 0.204073
0.142578 0.21457
0.141528 0.215874
0.145095 0.214592
0.14717 0.216129
0.149182 0.203709
0.148865 0.21778
0.140383 0.218844
0.132678 0.245553
0.134766 0.241464
0.137502 0.241699
0.13308 0.242512
0.134766 0.248762
0.139048 0.244141
0.138289 0.247789
0.142871 0.219658
0.146521 0.22179
0.149051 0.22021
0.148506 0.222709
0.163914 0.241533
0.163865 0.242596
0.167312 0.23815
0.165792 0.239666
0.168568 0.237949
0.169127 0.240234
0.166016 0.243716
0.167714 0.246107
0.168625 0.242941
0.212891 0.126222
0.216797 0.128854
0.216797 0.128854
0.189453 0.18347
0.189453 0.18347
0.193359 0.184549
0.197266 0.187195
0.220703 0.13194
0.220703 0.13194
0.224609 0.135629
0.227424 0.138672
0.232422 0.125855
0.227424 0.138672
0.230654 0.142578
0.230654 0.142578
0.233369 0.146484
0.23565 0.125757
0.233369 0.146484
0.235665 0.150391
0.237589 0.154297
0.237589 0.154297
0.239037 0.158203
0.239037 0.158203
0.240096 0.162109
0.24074 0.166016
0.24116 0.169922
0.241808 0.173828
0.241808 0.173828
0.242823 0.177734
0.244247 0.181641
0.24573 0.185547
0.24573 0.185547
0.197266 0.187195
0.199532 0.189453
0.201172 0.191104
0.205078 0.194898
0.207155 0.197266
0.207155 0.197266
0.20984 0.201172
0.211883 0.205078
0.211883 0.205078
0.2139 0.208984
0.216281 0.212891
0.216797 0.213457
0.217631 0.248235
0.229262 0.202632
0.220703 0.216657
0.224609 0.217298
0.229886 0.205426
0.230407 0.210201
0.232422 0.206371
0.232422 0.212812
0.228516 0.21681
0.232682 0.212891
0.232071 0.216612
0.243482 0.201172
0.246646 0.193359
0.246646 0.189453
0.246646 0.193359
0.245282 0.197266
0.243482 0.201172
0.245282 0.197266
0.236328 0.210667
0.241195 0.205078
0.237328 0.208984
0.236328 0.210667
0.241195 0.205078
0.228516 0.21681
0.232035 0.219499
0.221609 0.24604
0.220539 0.246572
0.224203 0.248214
0.0111752 0.263963
0.0136719 0.262848
0.0110967 0.266667
0.0136719 0.267338
0.0160727 0.263993
0.0160191 0.266319
0.0382019 0.303426
0.0380422 0.306641
0.0410156 0.302332
0.0449219 0.301848
0.0396733 0.307904
0.0422016 0.308914
0.0466068 0.308363
0.0445485 0.309102
0.0477858 0.303346
0.04818 0.306641
0.0488281 0.375699
0.0512163 0.374824
0.0780823 0.269189
0.0807299 0.264912
0.0839844 0.265246
0.0864496 0.265599
0.0912111 0.265026
0.0788132 0.267578
0.0800781 0.270981
0.0859375 0.265625
0.0839844 0.271131
0.0883714 0.266043
0.0878906 0.27076
0.0932043 0.267213
0.0917969 0.27072
0.0939348 0.267674
0.0938488 0.269682
0.109116 0.312281
0.111328 0.311696
0.113996 0.312026
0.078078 0.324194
0.076364 0.326172
0.075575 0.330078
0.0771292 0.332807
0.0800781 0.324465
0.0800781 0.324465
0.0831165 0.326524
0.0800781 0.333584
0.0834503 0.330078
0.0825217 0.332541
0.108072 0.314453
0.108552 0.317641
0.111328 0.319674
0.115481 0.314453
0.114761 0.318266
0.115683 0.374461
0.118119 0.374553
0.0466862 0.378538
0.0466715 0.380859
0.0467448 0.38311
0.0488281 0.375699
0.0529754 0.376463
0.0550618 0.380859
0.0488281 0.387185
0.0488281 0.387185
0.0540648 0.385961
0.0527192 0.387797
0.0548948 0.378524
0.0550618 0.380859
0.054829 0.383157
0.0389973 0.410038
0.0389987 0.410575
0.0410156 0.408845
0.0400174 0.412512
0.0445574 0.40894
0.0451645 0.412109
0.0419896 0.414339
0.0433117 0.414218
0.05468 0.429672
0.0566406 0.428302
0.0605469 0.428317
0.0558466 0.431641
0.0581568 0.433772
0.0615677 0.432005
0.0590046 0.433739
0.0625908 0.42952
0.0625797 0.43014
0.11313 0.377958
0.113278 0.378915
0.11408 0.376461
0.115234 0.380568
0.112953 0.389711
0.116206 0.384883
0.115234 0.387927
0.119847 0.376953
0.118835 0.380642
0.117467 0.384683
0.117766 0.388994
0.112727 0.392181
0.115234 0.393917
0.115234 0.394599
0.117909 0.392436
0.135437 0.257556
0.136875 0.257722
0.134766 0.259547
0.134329 0.263672
0.138169 0.26028
0.139094 0.263672
0.136099 0.265924
0.138427 0.266242
0.148281 0.261356
0.150391 0.259343
0.148977 0.263672
0.154297 0.259815
0.155603 0.263672
0.150828 0.266754
0.154297 0.267717
0.16401 0.251507
0.156303 0.261604
0.156292 0.265537
0.163901 0.261568
0.160654 0.265566
0.164108 0.251047
0.165752 0.264942
0.158235 0.267578
0.160714 0.267578
0.160174 0.269539
0.165048 0.266556
0.179061 0.264907
0.181641 0.263542
0.184181 0.264902
0.178116 0.267578
0.178754 0.270776
0.181641 0.272277
0.184918 0.267578
0.184284 0.270521
0.163098 0.304447
0.159707 0.307331
0.159758 0.309382
0.160956 0.305288
0.162109 0.311334
0.164664 0.304393
0.166206 0.306641
0.165618 0.310383
0.217666 0.251953
0.21866 0.253985
0.214269 0.292182
0.214805 0.293237
0.216797 0.29259
0.216797 0.294978
0.216797 0.297055
0.218923 0.25382
0.220703 0.254601
0.225425 0.251953
0.223309 0.25429
0.218762 0.292953
0.218795 0.294385
0.218963 0.297118
0.171266 0.401234
0.171463 0.404297
0.173828 0.399162
0.171927 0.404959
0.177122 0.400464
0.17748 0.404297
0.171779 0.412559
0.171687 0.415191
0.171659 0.41844
0.17247 0.408203
0.172105 0.411133
0.176975 0.408203
0.17748 0.412109
0.172292 0.417012
0.173828 0.420478
0.177516 0.416016
0.177302 0.419922
0.174671 0.422274
0.177066 0.422561
0.255859 0.0305214
0.259766 0.0277335
0.259766 0.0277335
0.263672 0.0253983
0.267578 0.023389
0.271484 0.0220634
0.267578 0.023389
0.275391 0.0210815
0.279297 0.0205931
0.251953 0.0335938
0.255859 0.0305214
0.273333 0.0349334
0.275391 0.0337153
0.274911 0.0372536
0.278601 0.0340658
0.2792 0.0371094
0.277172 0.0391085
0.283203 0.0204372
0.287109 0.0204651
0.291016 0.0205169
0.294922 0.0205251
0.298828 0.0204625
0.302734 0.020305
0.306641 0.0200144
0.310547 0.0196108
0.310547 0.0196108
0.296549 0.105101
0.295938 0.107422
0.284096 0.120473
0.282601 0.123047
0.287102 0.120399
0.288869 0.12143
0.296681 0.10953
0.289248 0.12392
0.298828 0.104162
0.30207 0.10467
0.304915 0.107422
0.31225 0.0974342
0.310959 0.0996094
0.304938 0.105327
0.304915 0.107422
0.311436 0.103064
0.298828 0.109727
0.326172 0.0136719
0.314453 0.0192391
0.318359 0.0189506
0.322266 0.0187383
0.326172 0.018603
0.332031 0.015625
0.337891 0.0136719
0.330078 0.0185128
0.333984 0.0183819
0.337891 0.0181588
0.341797 0.0179222
0.345703 0.0178057
0.349609 0.0178366
0.353516 0.018009
0.357422 0.018314
0.373047 0.0162895
0.361328 0.0185205
0.365234 0.0182795
0.369141 0.0175074
0.373047 0.0162895
0.314453 0.0965049
0.310959 0.0996094
0.318359 0.0966441
0.314445 0.104481
0.318359 0.103982
0.320644 0.0973527
0.321601 0.0996094
0.321095 0.102618
0.346899 0.123685
0.351471 0.121079
0.349604 0.121819
0.351715 0.121021
0.353331 0.123047
0.283266 0.126657
0.287109 0.127002
0.289253 0.125368
0.323325 0.132171
0.326172 0.132256
0.322765 0.134766
0.323508 0.137183
0.327653 0.134766
0.32601 0.137104
0.346902 0.126672
0.348128 0.128685
0.350171 0.129141
0.353526 0.126953
0.351644 0.12895
0.343516 0.194961
0.343151 0.197266
0.343273 0.201823
0.340738 0.205078
0.341295 0.208984
0.342259 0.212079
0.343471 0.214968
0.328125 0.226562
0.327849 0.237905
0.327165 0.240234
0.327465 0.24308
0.332 0.230438
0.330078 0.23633
0.328604 0.239887
0.332926 0.237338
0.333791 0.240234
0.330078 0.243857
0.331242 0.246614
0.333811 0.244141
0.333984 0.247141
0.336029 0.246292
0.345703 0.193434
0.349148 0.19394
0.343766 0.195362
0.346327 0.201172
0.349864 0.197266
0.348538 0.201172
0.351571 0.196188
0.351879 0.199791
0.347303 0.203761
0.347469 0.210717
0.347701 0.20651
0.348097 0.208502
0.345703 0.212348
0.347921 0.211328
0.35143 0.230192
0.351529 0.231009
0.353516 0.228716
0.352274 0.232422
0.357422 0.228997
0.359106 0.232862
0.351527 0.234439
0.353516 0.235659
0.35719 0.235361
0.359387 0.230622
0.376953 0.0148318
0.380859 0.0131708
0.384766 0.0114962
0.384766 0.0114962
0.388672 0.00995129
0.376953 0.0148318
0.396484 0.00780108
0.392578 0.00872115
0.396484 0.00780108
0.400391 0.00718735
0.404297 0.00676898
0.408203 0.00624191
0.412109 0.00534899
0.416016 0.00394482
0.416016 0.00394482
0.419922 0.00156528
0.423828 -0.00132271
0.408697 0.0493217
0.491556 0.00079241
0.494141 0.00139962
0.496564 0.000653623
0.479141 0.108047
0.378742 0.18319
0.37883 0.183897
0.380859 0.181345
0.379951 0.185894
0.384766 0.181522
0.385883 0.18624
0.417768 0.171692
0.419922 0.170967
0.416774 0.173828
0.417014 0.177428
0.418255 0.172083
0.418589 0.179288
0.420083 0.180278
0.429495 0.159964
0.422669 0.171391
0.42491 0.173048
0.424654 0.178329
0.425907 0.175446
0.425857 0.17597
0.422824 0.180212
0.381633 0.188031
0.383672 0.187871
0.452506 0.155006
0.455078 0.153949
0.457835 0.155017
0.452628 0.157633
0.455078 0.159401
0.457983 0.158203
0.261426 0.308091
0.261575 0.309448
0.263672 0.307325
0.26278 0.311307
0.266298 0.30795
0.267024 0.310547
0.26063 0.319026
0.26432 0.312643
0.261863 0.318359
0.259951 0.320542
0.261949 0.320571
0.266106 0.312792
0.327769 0.257326
0.327252 0.259766
0.327699 0.262236
0.330078 0.2559
0.332451 0.257297
0.330078 0.263194
0.333225 0.259766
0.332856 0.262617
0.327671 0.284931
0.324835 0.287109
0.326985 0.289773
0.329136 0.284733
0.331625 0.286335
0.332167 0.288011
0.330078 0.290274
0.332184 0.289307
0.272723 0.498371
0.279688 0.486328
0.276344 0.495752
0.274903 0.497334
0.277502 0.49603
0.280115 0.497203
0.285107 0.486328
0.285619 0.486328
0.281266 0.499961
0.346601 0.397399
0.349198 0.397475
0.346683 0.400004
0.34913 0.399941
0.382784 0.374973
0.384766 0.373816
0.388218 0.374023
0.457469 0.374943
0.38146 0.376953
0.381712 0.380249
0.384766 0.380985
0.390212 0.376953
0.388672 0.380409
0.390495 0.413997
0.386166 0.419634
0.38838 0.416016
0.388672 0.420226
0.395005 0.412109
0.398327 0.410095
0.395005 0.412109
0.391688 0.415418
0.392578 0.419658
0.395535 0.416853
0.396484 0.420255
0.400391 0.409392
0.404297 0.408284
0.404944 0.412109
0.400391 0.41854
0.400391 0.41854
0.402959 0.414961
0.406575 0.409362
0.422154 0.490234
0.421166 0.494141
0.420701 0.498047
0.426174 0.482422
0.427734 0.480516
0.426174 0.482422
0.431641 0.477023
0.435547 0.474884
0.431641 0.477023
0.423763 0.486328
0.422154 0.490234
0.455533 0.376953
0.454981 0.380859
0.459181 0.375735
0.459474 0.382032
0.457693 0.382958
0.461594 0.377497
0.461489 0.380081
0.439453 0.473717
0.443359 0.473385
0.447266 0.47382
0.451172 0.475054
0.455078 0.477223
0.455078 0.477223
0.458984 0.480668
0.460435 0.482422
0.460435 0.482422
0.46285 0.486328
0.464433 0.490234
0.464433 0.490234
0.465385 0.494141
0.465823 0.498047
0.486627 0.451174
0.490234 0.450348
0.492912 0.451634
0.486192 0.455078
0.487649 0.457329
0.491052 0.456315
0.488998 0.457203
0.492689 0.454325
