-0.306641 8.80017e-06
-0.302734 -0.000195698
-0.298828 -0.000368046
-0.294922 -0.000507026
-0.291016 -0.000611845
-0.287109 -0.000682167
-0.283203 -0.00071853
-0.279297 -0.000722155
-0.275391 -0.000695214
-0.271484 -0.000640354
-0.267578 -0.000561625
-0.263672 -0.000460699
-0.259766 -0.000344392
-0.255859 -0.000214154
-0.251953 -7.81974e-05
-0.193359 -1.02907e-05
-0.189453 -0.000244199
-0.185547 -0.000506317
-0.181641 -0.000794045
-0.177734 -0.0011043
-0.173828 -0.00143356
-0.169922 -0.00177803
-0.166016 -0.00213385
-0.162109 -0.00249706
-0.158203 -0.0028638
-0.154297 -0.00323008
-0.150391 -0.00359224
-0.146484 -0.00394731
-0.146484 -0.00394731
-0.142578 -0.00429248
-0.138672 -0.00462539
-0.134766 -0.00494386
-0.130859 -0.00524613
-0.126953 -0.00553167
-0.123047 -0.00579995
-0.119141 -0.00605197
-0.115234 -0.0062885
-0.111328 -0.00651049
-0.107422 -0.00671909
-0.103516 -0.00691586
-0.0996094 -0.00710258
-0.0957031 -0.00728105
-0.0917969 -0.00745304
-0.0878906 -0.00761995
-0.0839844 -0.00778309
-0.0800781 -0.00794321
-0.0839844 -0.00778309
-0.0800781 -0.00794321
-0.0761719 -0.00810107
-0.0722656 -0.00825774
-0.0683594 -0.00841398
-0.0644531 -0.00857008
-0.0605469 -0.00872606
-0.0566406 -0.00888171
-0.0527344 -0.00903639
-0.0488281 -0.00918909
-0.0449219 -0.00933871
-0.0410156 -0.00948397
-0.0371094 -0.00962331
-0.0332031 -0.00975514
-0.0292969 -0.00987811
-0.0253906 -0.0099906
-0.0214844 -0.0100909
-0.0175781 -0.0101775
-0.0136719 -0.0102492
-0.00976562 -0.0103043
-0.00585938 -0.0103415
-0.00195312 -0.0103604
-0.498047 0.0103629
-0.494141 0.0103444
-0.490234 0.0103078
-0.486328 0.0102538
-0.482422 0.0101833
-0.478516 0.0100974
-0.474609 0.00999739
-0.470703 0.00988492
-0.466797 0.00976179
-0.462891 0.0096297
-0.458984 0.00949039
-0.455078 0.00934562
-0.451172 0.00919688
-0.447266 0.00904526
-0.443359 0.00889152
-0.439453 0.0087363
-0.435547 0.00858003
-0.431641 0.00842308
-0.427734 0.00826574
-0.423828 0.00810793
-0.416016 0.00778751
-0.419922 0.0079489
-0.416016 0.00778751
-0.412109 0.00762287
-0.408203 0.0074545
-0.404297 0.00728108
-0.400391 0.00710117
-0.396484 0.00691316
-0.392578 0.00671543
-0.388672 0.00650633
-0.384766 0.0062844
-0.380859 0.00604842
-0.376953 0.00579743
-0.373047 0.00553065
-0.369141 0.00524742
-0.365234 0.00494738
-0.361328 0.00463108
-0.357422 0.00429979
-0.353516 0.00395549
-0.353516 0.00395549
-0.349609 0.00360042
-0.345703 0.00323787
-0.341797 0.00287114
-0.337891 0.00250389
-0.333984 0.00213973
-0.330078 0.00178287
-0.326172 0.00143698
-0.322266 0.00110655
-0.318359 0.000795082
-0.314453 0.000506735
-0.310547 0.000243667
-0.306641 8.80017e-06
-0.248047 6.08398e-05
-0.244141 0.000197634
-0.240234 0.000327135
-0.236328 0.000444517
-0.232422 0.000545254
-0.228516 0.000625261
-0.224609 0.000680875
-0.220703 0.000709079
-0.216797 0.000707512
-0.212891 0.000672812
-0.208984 0.000604196
-0.205078 0.000501219
-0.201172 0.000364115
-0.197266 0.000193287
-0.193359 -1.02907e-05
0.00195312 -0.0103609
0.00585938 -0.0103426
0.00976562 -0.010306
0.0136719 -0.0102516
0.0175781 -0.0101803
0.0214844 -0.0100933
0.0253906 -0.00999287
0.0292969 -0.00988107
0.0332031 -0.0097591
0.0371094 -0.00962782
0.0410156 -0.00948858
0.0449219 -0.00934303
0.0488281 -0.00919274
0.0527344 -0.00903924
0.0566406 -0.00888404
0.0605469 -0.0087284
0.0644531 -0.00857283
0.0683594 -0.00841725
0.0722656 -0.00826145
0.0761719 -0.00810503
0.0800781 -0.00794725
0.0839844 -0.00778713
0.0839844 -0.00778713
0.0878906 -0.00762389
0.0917969 -0.00745693
0.0957031 -0.00728498
0.0996094 -0.00710659
0.103516 -0.00691988
0.107422 -0.00672307
0.111328 -0.0065145
0.115234 -0.00629266
0.119141 -0.0060563
0.123047 -0.00580436
0.126953 -0.00553592
0.130859 -0.00524987
0.134766 -0.0049469
0.138672 -0.00462774
0.142578 -0.00429418
0.146484 -0.00394841
0.146484 -0.00394841
0.150391 -0.00359282
0.154297 -0.00323023
0.158203 -0.00286349
0.162109 -0.0024962
0.166016 -0.0021324
0.169922 -0.00177607
0.173828 -0.00143127
0.177734 -0.00110195
0.181641 -0.000791884
0.185547 -0.000504506
0.189453 -0.000242817
0.193359 -9.38189e-06
0.251953 -7.4616e-05
0.255859 -0.000210603
0.259766 -0.000340935
0.263672 -0.000457409
0.267578 -0.000558585
0.271484 -0.00063765
0.275391 -0.000692932
0.279297 -0.000720421
0.283203 -0.000717499
0.287109 -0.000681995
0.291016 -0.00061265
0.294922 -0.000508811
0.298828 -0.000370656
0.302734 -0.000198854
0.306641 5.45592e-06
0.193359 -9.38189e-06
0.197266 0.000193784
0.201172 0.000364788
0.205078 0.000502419
0.208984 0.000605865
0.212891 0.000674942
0.216797 0.000709825
0.220703 0.000711883
0.224609 0.000683857
0.228516 0.000628388
0.232422 0.000548515
0.236328 0.000447912
0.240234 0.000330643
0.244141 0.000201215
0.248047 6.44433e-05
0.306641 5.45592e-06
0.310547 0.000240544
0.314453 0.000504191
0.318359 0.000793257
0.322266 0.00110557
0.326172 0.0014367
0.330078 0.0017831
0.333984 0.00214026
0.337891 0.00250453
0.341797 0.00287176
0.345703 0.0032384
0.349609 0.00360084
0.353516 0.00395583
0.353516 0.00395583
0.357422 0.00430009
0.361328 0.00463136
0.365234 0.00494765
0.369141 0.00524765
0.373047 0.00553081
0.376953 0.00579753
0.380859 0.00604848
0.384766 0.00628445
0.388672 0.00650638
0.392578 0.0067155
0.396484 0.00691324
0.400391 0.00710126
0.404297 0.00728117
0.408203 0.00745457
0.412109 0.00762293
0.416016 0.00778755
0.416016 0.00778755
0.419922 0.00794892
0.423828 0.00810795
0.427734 0.00826576
0.431641 0.0084231
0.435547 0.00858006
0.439453 0.00873632
0.443359 0.00889155
0.447266 0.00904529
0.451172 0.0091969
0.455078 0.00934563
0.458984 0.00949039
0.462891 0.0096297
0.466797 0.00976179
0.470703 0.00988493
0.474609 0.00999741
0.478516 0.0100974
0.482422 0.0101833
0.486328 0.0102538
0.490234 0.0103078
0.494141 0.0103444
0.498047 0.0103629
