t ke gpe 
0 0 12.4981
0.000262663 1.4229e-08 12.4981
0.000958187 2.2854e-08 12.4981
0.00186237 9.42548e-08 12.498
0.00287957 2.18812e-07 12.498
0.00406631 4.32741e-07 12.498
0.00525305 7.18439e-07 12.498
0.00643979 1.07947e-06 12.498
0.00762652 1.51154e-06 12.498
0.00881326 2.02721e-06 12.498
0.01 2.6088e-06 12.498
0.0116667 3.53668e-06 12.498
0.0133333 4.63055e-06 12.4975
0.015 5.87861e-06 12.4975
0.0166667 7.1851e-06 12.4975
0.0183333 9.0161e-06 12.4975
0.02 1.06848e-05 12.4975
0.022 1.29246e-05 12.4975
0.024 1.53858e-05 12.4978
0.026 1.8243e-05 12.4978
0.028 2.09205e-05 12.4982
0.03 2.40926e-05 12.4982
0.0325 2.82363e-05 12.4982
0.035 3.27149e-05 12.4983
0.0375 3.74638e-05 12.4983
0.04 4.23317e-05 12.4983
0.0425 4.76895e-05 12.4983
0.045 5.32449e-05 12.4984
0.0475 5.91174e-05 12.4984
0.05 6.52318e-05 12.4985
0.0525 7.15496e-05 12.4986
0.055 7.82288e-05 12.4986
0.0575 8.49858e-05 12.4986
0.06 9.20817e-05 12.4986
0.0625 9.93341e-05 12.4986
0.065 0.00010714 12.4987
0.0675 0.000114926 12.4987
0.07 0.000122148 12.4988
0.0725 0.0001302 12.4989
0.075 0.000138725 12.4989
0.0775 0.000146824 12.4989
0.08 0.000155766 12.4989
0.0825 0.000163898 12.4989
0.085 0.000173903 12.499
0.0875 0.000183139 12.4989
0.09 0.000191231 12.499
0.0925 0.000199775 12.4989
0.095 0.000209259 12.4989
0.0975 0.000217777 12.499
0.1 0.000228278 12.499
0.1025 0.000235904 12.499
0.105 0.000245588 12.499
0.1075 0.000255538 12.499
0.11 0.000264361 12.4991
0.1125 0.000275262 12.4991
0.115 0.000283754 12.4991
0.1175 0.000294253 12.4991
0.12 0.000301627 12.4992
0.1225 0.000311237 12.4992
0.125 0.000320834 12.4992
0.1275 0.000329672 12.4992
0.13 0.000337683 12.4992
0.1325 0.000347436 12.4993
0.135 0.000355558 12.4993
0.1375 0.000366048 12.4993
0.14 0.000374101 12.4993
0.1425 0.000380402 12.4994
0.145 0.000390553 12.4994
0.1475 0.000397072 12.4994
0.15 0.000404364 12.4994
0.1525 0.000412802 12.4994
0.155 0.000420237 12.4994
0.1575 0.000426726 12.4995
0.16 0.000434047 12.4995
0.1625 0.000440509 12.4995
0.165 0.000447239 12.4995
0.1675 0.000453302 12.4995
0.17 0.000459605 12.4996
0.1725 0.000465145 12.4996
0.175 0.000471256 12.4996
0.1775 0.000476652 12.4996
0.18 0.000482575 12.4997
0.1825 0.000486656 12.4997
0.185 0.000489986 12.4997
0.1875 0.000494783 12.4997
0.19 0.000498038 12.4997
0.1925 0.000501843 12.4998
0.195 0.000504833 12.4998
0.1975 0.000507749 12.4998
0.2 0.000510288 12.4998
0.2025 0.000512616 12.4999
0.205 0.000514713 12.4999
0.2075 0.000516574 12.4999
0.21 0.000517248 12.4999
0.2125 0.000517609 12.4999
0.215 0.000518432 12.5
0.2175 0.000518402 12.5
0.22 0.000517862 12.5
0.2225 0.000516737 12.5
0.225 0.000515379 12.4999
0.2275 0.000513595 12.4999
0.23 0.000511585 12.4999
0.2325 0.000509153 12.4999
0.235 0.000506489 12.4998
0.2375 0.000503391 12.4998
0.24 0.000500118 12.4998
0.2425 0.000496425 12.4998
0.245 0.000492468 12.4997
0.2475 0.000488218 12.4997
0.25 0.000483644 12.4997
0.2525 0.000478804 12.4997
0.255 0.000473663 12.4996
0.2575 0.000468302 12.4996
0.26 0.000462622 12.4996
0.2625 0.000456707 12.4996
0.265 0.000450537 12.4996
0.2675 0.00044417 12.4996
0.27 0.000437452 12.4995
0.2725 0.00043066 12.4995
0.275 0.000423481 12.4995
0.2775 0.000416286 12.4995
0.28 0.000408679 12.4995
0.2825 0.000401058 12.4994
0.285 0.000393045 12.4994
0.2875 0.000385104 12.4994
0.29 0.00037678 12.4994
0.2925 0.000368471 12.4993
0.295 0.000359828 12.4993
0.2975 0.000351309 12.4993
0.3 0.000342378 12.4992
0.3025 0.000333615 12.4992
0.305 0.000324537 12.4992
0.3075 0.000315592 12.4991
0.31 0.000306355 12.4991
0.3125 0.000297297 12.4991
0.315 0.000287893 12.4991
0.3175 0.000278733 12.499
0.32 0.000269265 12.499
0.3225 0.000260127 12.499
0.325 0.000250657 12.499
0.3275 0.000241531 12.499
0.33 0.000232138 12.499
0.3325 0.000223112 12.499
0.335 0.0002136 12.499
0.3375 0.000204549 12.499
0.34 0.000195301 12.499
0.3425 0.000186531 12.499
0.345 0.000177388 12.4989
0.3475 0.000168866 12.4989
0.35 0.000159817 12.4989
0.3525 0.000151607 12.4989
0.355 0.000142932 12.4989
0.3575 0.000134935 12.4988
0.36 0.000126653 12.4988
0.3625 0.000118893 12.4987
0.365 0.000110972 12.4987
0.3675 0.000103647 12.4986
0.37 9.62667e-05 12.4986
0.3725 8.92529e-05 12.4986
0.375 8.2404e-05 12.4986
0.3775 7.57826e-05 12.4986
0.38 6.94049e-05 12.4986
0.3825 6.32184e-05 12.4985
0.385 5.74901e-05 12.4985
0.3875 5.19757e-05 12.4986
0.39 4.74752e-05 12.4986
0.3925 4.0789e-05 12.4987
0.395 3.58264e-05 12.4987
0.3975 3.12131e-05 12.4986
0.4 2.69199e-05 12.4987
0.4025 2.30027e-05 12.4987
0.405 1.93177e-05 12.4986
0.4075 1.60006e-05 12.4986
0.41 1.29877e-05 12.4985
0.4125 1.02716e-05 12.4985
0.415 7.88782e-06 12.4985
0.4175 5.84941e-06 12.4985
0.42 4.13618e-06 12.4986
0.4225 2.75436e-06 12.4986
0.425 1.67774e-06 12.4986
0.4275 9.38865e-07 12.4986
0.43 5.27975e-07 12.4986
0.4325 4.58063e-07 12.4986
0.435 7.12547e-07 12.4986
0.4375 1.30675e-06 12.4986
0.44 2.21697e-06 12.4986
0.4425 3.47219e-06 12.4986
0.445 5.02844e-06 12.4986
0.4475 6.96161e-06 12.4986
0.45 9.11051e-06 12.4986
0.4525 1.16992e-05 12.4987
0.455 1.45043e-05 12.4987
0.4575 1.77034e-05 12.4988
0.46 2.10873e-05 12.4988
0.4625 2.49359e-05 12.4988
0.465 2.89189e-05 12.4988
0.4675 3.32845e-05 12.4988
0.47 3.789e-05 12.4988
0.4725 4.28103e-05 12.4988
0.475 4.79608e-05 12.4988
0.4775 5.34103e-05 12.4988
0.48 5.90842e-05 12.4988
0.4825 6.5037e-05 12.4989
0.485 7.11942e-05 12.4989
0.4875 7.76164e-05 12.4989
0.49 8.42339e-05 12.4989
0.4925 9.10844e-05 12.4989
0.495 9.81211e-05 12.4989
0.4975 0.00010539 12.4989
0.5 0.000112813 12.4989
0.5025 0.000120438 12.4989
0.505 0.000128207 12.4989
0.5075 0.000136159 12.4989
0.51 0.000144232 12.4989
0.5125 0.000152499 12.4989
0.515 0.0001609 12.499
0.5175 0.000169407 12.499
0.52 0.000177967 12.499
0.5225 0.000186648 12.499
0.525 0.000195389 12.499
0.5275 0.000204262 12.499
0.53 0.000213111 12.4991
0.5325 0.00022208 12.4991
0.535 0.000231019 12.4991
0.5375 0.000240004 12.4991
0.54 0.000249016 12.4991
0.5425 0.000258025 12.4991
0.545 0.000267013 12.4992
0.5475 0.000275963 12.4992
0.55 0.000284885 12.4992
0.5525 0.00029377 12.4992
0.555 0.000302599 12.4992
0.5575 0.000311356 12.4992
0.56 0.000320036 12.4993
0.5625 0.000328622 12.4993
0.565 0.000337114 12.4993
0.5675 0.000345487 12.4993
0.57 0.000353739 12.4993
0.5725 0.000361855 12.4993
0.575 0.000370083 12.4994
0.5775 0.000378149 12.4994
0.58 0.000385792 12.4994
0.5825 0.000393287 12.4994
0.585 0.0004006 12.4994
0.5875 0.000407717 12.4995
0.59 0.000414632 12.4995
0.5925 0.000421334 12.4995
0.595 0.000427824 12.4995
0.5975 0.000434087 12.4995
0.6 0.000440135 12.4996
0.6025 0.00044591 12.4996
0.605 0.00045143 12.4996
0.6075 0.000456691 12.4996
0.61 0.000461689 12.4996
0.6125 0.000466419 12.4997
0.615 0.000470865 12.4997
0.6175 0.000475046 12.4997
0.62 0.000478884 12.4997
0.6225 0.000482493 12.4998
0.625 0.000485758 12.4998
0.6275 0.000488742 12.4998
0.63 0.000491407 12.4998
0.6325 0.00049375 12.4998
0.635 0.000495801 12.4999
0.6375 0.000497527 12.4999
0.64 0.000498934 12.4999
0.6425 0.00050001 12.4999
0.645 0.000500755 12.5
0.6475 0.000501164 12.5
0.65 0.000501169 12.5
0.6525 0.000500496 12.5
0.655 0.000499399 12.5
0.6575 0.000498001 12.4999
0.66 0.000496278 12.4999
0.6625 0.000494244 12.4999
0.665 0.000491892 12.4999
0.6675 0.000489233 12.4998
0.67 0.000486265 12.4998
0.6725 0.000483049 12.4998
0.675 0.000479479 12.4998
0.6775 0.00047562 12.4997
0.68 0.000471473 12.4997
0.6825 0.000467034 12.4997
0.685 0.000462316 12.4997
0.6875 0.000457325 12.4996
0.69 0.000452063 12.4996
0.6925 0.00044655 12.4996
0.695 0.000440773 12.4996
0.6975 0.000434748 12.4996
0.7 0.000428538 12.4995
0.7025 0.000422046 12.4995
0.705 0.000415364 12.4995
0.7075 0.00040846 12.4995
0.71 0.000401352 12.4995
0.7125 0.000394046 12.4994
0.715 0.000386559 12.4994
0.7175 0.000378908 12.4994
0.72 0.000371064 12.4994
0.7225 0.000363105 12.4993
0.725 0.000354984 12.4993
0.7275 0.000346747 12.4993
0.73 0.000338372 12.4993
0.7325 0.000329888 12.4993
0.735 0.000321305 12.4992
0.7375 0.000312629 12.4992
0.74 0.000303879 12.4992
0.7425 0.000295048 12.4992
0.745 0.000286174 12.4992
0.7475 0.000277261 12.4992
0.75 0.000268297 12.4991
0.7525 0.000259316 12.4991
0.755 0.000250348 12.4991
0.7575 0.000241368 12.4991
0.76 0.000232371 12.4991
0.7625 0.00022343 12.4991
0.765 0.000214513 12.4991
0.7675 0.000205634 12.499
0.77 0.00019682 12.499
0.7725 0.000188064 12.499
0.775 0.00017938 12.499
0.7775 0.000170704 12.4989
0.78 0.000162227 12.4989
0.7825 0.000153799 12.4988
0.785 0.000145445 12.4988
0.7875 0.000137306 12.4988
0.79 0.000129316 12.4988
0.7925 0.000121534 12.4988
0.795 0.0001139 12.4988
0.7975 0.000106445 12.4988
0.8 9.91651e-05 12.4987
0.8025 9.21102e-05 12.4988
0.805 8.51813e-05 12.4987
0.8075 7.84208e-05 12.4987
0.81 7.20737e-05 12.4987
0.8125 6.5826e-05 12.4986
0.815 5.98441e-05 12.4986
0.8175 5.41549e-05 12.4986
0.82 4.86731e-05 12.4986
0.8225 4.3497e-05 12.4986
0.825 3.86187e-05 12.4986
0.8275 3.38873e-05 12.4985
0.83 2.95284e-05 12.4985
0.8325 2.54225e-05 12.4985
0.835 2.16113e-05 12.4986
0.8375 1.81546e-05 12.4986
0.84 1.48902e-05 12.4986
0.8425 1.20107e-05 12.4985
0.845 9.42142e-06 12.4985
0.8475 7.15721e-06 12.4985
0.85 5.18678e-06 12.4985
0.8525 3.54865e-06 12.4984
0.855 2.24508e-06 12.4985
0.8575 1.26933e-06 12.4984
0.86 5.83142e-07 12.4985
0.8625 2.35784e-07 12.4985
0.865 2.09157e-07 12.4985
0.8675 5.13508e-07 12.4986
0.87 1.11821e-06 12.4986
0.8725 2.06875e-06 12.4986
0.875 3.3042e-06 12.4987
0.8775 4.87852e-06 12.4986
0.88 6.76483e-06 12.4986
0.8825 8.97289e-06 12.4986
0.885 1.14547e-05 12.4987
0.8875 1.42813e-05 12.4987
0.89 1.73879e-05 12.4987
0.8925 2.08193e-05 12.4987
0.895 2.44713e-05 12.4987
0.8975 2.85006e-05 12.4987
0.9 3.26913e-05 12.4987
0.9025 3.72951e-05 12.4987
0.905 4.20403e-05 12.4988
0.9075 4.71324e-05 12.4988
0.91 5.24359e-05 12.4988
0.9125 5.80564e-05 12.4988
0.915 6.37562e-05 12.4988
0.9175 6.98209e-05 12.4987
0.92 7.60587e-05 12.4988
0.9225 8.25329e-05 12.4988
0.925 8.9226e-05 12.4988
0.9275 9.61523e-05 12.4988
0.93 0.000103128 12.4989
0.9325 0.000110524 12.4989
0.935 0.000117804 12.4989
0.9375 0.00012549 12.4989
0.94 0.000133135 12.4989
0.9425 0.000141066 12.4989
0.945 0.00014901 12.4989
0.9475 0.000157158 12.4989
0.95 0.000165332 12.4989
0.9525 0.00017371 12.4989
0.955 0.000182076 12.499
0.9575 0.000190612 12.499
0.96 0.000199127 12.499
0.9625 0.000207761 12.499
0.965 0.000216377 12.499
0.9675 0.000225116 12.499
0.97 0.00023381 12.499
0.9725 0.00024258 12.499
0.975 0.000251295 12.4991
0.9775 0.00026013 12.4991
0.98 0.000268875 12.4991
0.9825 0.00027758 12.4991
0.985 0.000286184 12.4991
0.9875 0.000294818 12.4991
0.99 0.000303248 12.4992
0.9925 0.000311725 12.4992
0.995 0.000319987 12.4992
0.9975 0.000328264 12.4992
1 0.000336322 12.4992
1.0025 0.000344362 12.4993
1.005 0.000352169 12.4993
1.0075 0.000359915 12.4993
1.01 0.000367428 12.4993
1.0125 0.000374885 12.4993
1.015 0.000382075 12.4994
1.0175 0.000389169 12.4994
1.02 0.000395993 12.4994
1.0225 0.000402689 12.4994
1.025 0.000409118 12.4994
1.0275 0.000415388 12.4995
1.03 0.000421379 12.4995
1.0325 0.00042719 12.4995
1.035 0.000432725 12.4995
1.0375 0.000438055 12.4996
1.04 0.00044309 12.4996
1.0425 0.000447925 12.4996
1.045 0.000452419 12.4996
1.0475 0.000456705 12.4997
1.05 0.00046067 12.4997
1.0525 0.000464362 12.4997
1.055 0.00046775 12.4997
1.0575 0.000470892 12.4998
1.06 0.000474033 12.4998
1.0625 0.000476976 12.4998
1.065 0.000479158 12.4998
1.0675 0.000481052 12.4999
1.07 0.000482707 12.4999
1.0725 0.000484079 12.4999
1.075 0.000485221 12.4999
1.0775 0.000485782 12.5
1.08 0.0004861 12.5
1.0825 0.000486433 12.5
1.085 0.000485066 12.5
1.0875 0.000484563 12.4999
1.09 0.000482647 12.4999
1.0925 0.000482079 12.4999
1.095 0.00047947 12.4999
1.0975 0.000477629 12.4999
1.1 0.000475028 12.4998
1.1025 0.000471985 12.4998
1.105 0.000469015 12.4998
1.1075 0.000465288 12.4998
1.11 0.000461687 12.4998
1.1125 0.000457163 12.4997
1.115 0.000453775 12.4997
1.1175 0.000448597 12.4997
1.12 0.000444365 12.4997
1.1225 0.000438118 12.4996
1.125 0.000432229 12.4996
1.1275 0.000426748 12.4996
1.13 0.000420791 12.4996
1.1325 0.000414689 12.4996
1.135 0.000408362 12.4995
1.1375 0.000401833 12.4995
1.14 0.000395084 12.4995
1.1425 0.000388147 12.4995
1.145 0.000381026 12.4994
1.1475 0.000373713 12.4994
1.15 0.000366256 12.4994
1.1525 0.000358609 12.4994
1.155 0.000350862 12.4994
1.1575 0.000342939 12.4993
1.16 0.00033489 12.4993
1.1625 0.000326723 12.4993
1.165 0.000318489 12.4993
1.1675 0.000310109 12.4993
1.17 0.000301656 12.4992
1.1725 0.00029314 12.4992
1.175 0.000284561 12.4992
1.1775 0.000275894 12.4992
1.18 0.000267268 12.4992
1.1825 0.000258578 12.4992
1.185 0.000249806 12.4991
1.1875 0.000241096 12.4991
1.19 0.000232313 12.4991
1.1925 0.00022355 12.499
1.195 0.000214845 12.499
1.1975 0.000206131 12.499
1.2 0.000197294 12.4989
1.2025 0.000188715 12.4989
1.205 0.000180234 12.4989
1.2075 0.000171823 12.4989
1.21 0.00016346 12.4989
1.2125 0.000155236 12.4989
1.215 0.000147136 12.4989
1.2175 0.000139151 12.4988
1.22 0.00013136 12.4988
1.2225 0.000123649 12.4988
1.225 0.000116135 12.4988
1.2275 0.000108754 12.4988
1.23 0.000101567 12.4988
1.2325 9.45625e-05 12.4988
1.235 8.77451e-05 12.4987
1.2375 8.1126e-05 12.4987
1.24 7.47098e-05 12.4986
1.2425 6.85192e-05 12.4986
1.245 6.25726e-05 12.4986
1.2475 5.68872e-05 12.4987
1.25 5.1414e-05 12.4987
1.2525 4.61533e-05 12.4986
1.255 4.11719e-05 12.4986
1.2575 3.64381e-05 12.4986
1.26 3.1957e-05 12.4986
1.2625 2.77772e-05 12.4986
1.265 2.38594e-05 12.4985
1.2675 2.02446e-05 12.4985
1.27 1.69271e-05 12.4984
1.2725 1.39067e-05 12.4984
1.275 1.11952e-05 12.4985
1.2775 8.74926e-06 12.4985
1.28 6.61925e-06 12.4985
1.2825 4.8028e-06 12.4985
1.285 3.29666e-06 12.4985
1.2875 2.10125e-06 12.4985
1.29 1.22541e-06 12.4986
1.2925 6.51976e-07 12.4985
1.295 3.88599e-07 12.4986
1.2975 4.42381e-07 12.4986
1.3 7.96827e-07 12.4986
1.3025 1.47375e-06 12.4986
1.305 2.44929e-06 12.4987
1.3075 3.73153e-06 12.4987
1.31 5.33294e-06 12.4987
1.3125 7.23755e-06 12.4987
1.315 9.4385e-06 12.4987
1.3175 1.19361e-05 12.4987
1.32 1.4724e-05 12.4987
1.3225 1.78138e-05 12.4988
1.325 2.11474e-05 12.4988
1.3275 2.48228e-05 12.4988
1.33 2.87257e-05 12.4988
1.3325 3.29192e-05 12.4988
1.335 3.73249e-05 12.4988
1.3375 4.20668e-05 12.4988
1.34 4.69974e-05 12.4988
1.3425 5.22048e-05 12.4988
1.345 5.76186e-05 12.4988
1.3475 6.32925e-05 12.4988
1.35 6.91796e-05 12.4988
1.3525 7.52864e-05 12.4988
1.355 8.15939e-05 12.4988
1.3575 8.81077e-05 12.4988
1.36 9.48251e-05 12.4989
1.3625 0.000101696 12.4989
1.365 0.000108778 12.4989
1.3675 0.000115987 12.4989
1.37 0.000123356 12.4989
1.3725 0.000130877 12.4989
1.375 0.000138521 12.4989
1.3775 0.000146297 12.499
1.38 0.000154181 12.499
1.3825 0.000162175 12.499
1.385 0.000170393 12.499
1.3875 0.000178527 12.499
1.39 0.000186763 12.499
1.3925 0.000195079 12.499
1.395 0.000203464 12.4991
1.3975 0.000211868 12.4991
1.4 0.000220311 12.4991
1.4025 0.00022875 12.4991
1.405 0.000237197 12.4991
1.4075 0.000245643 12.4991
1.41 0.000254124 12.4992
1.4125 0.000262523 12.4992
1.415 0.000270876 12.4992
1.4175 0.000279169 12.4992
1.42 0.000287435 12.4992
1.4225 0.000295625 12.4993
1.425 0.000303738 12.4993
1.4275 0.000311772 12.4993
1.43 0.000319697 12.4993
1.4325 0.000327503 12.4993
1.435 0.000335189 12.4993
1.4375 0.000342772 12.4994
1.44 0.0003502 12.4994
1.4425 0.000357452 12.4994
1.445 0.000364561 12.4994
1.4475 0.000371506 12.4995
1.45 0.000378269 12.4995
1.4525 0.00038538 12.4995
1.455 0.000391733 12.4995
1.4575 0.000397928 12.4995
1.46 0.000403926 12.4995
1.4625 0.000409705 12.4996
1.465 0.000415258 12.4996
1.4675 0.000420588 12.4996
1.47 0.000425679 12.4996
1.4725 0.000430516 12.4996
1.475 0.000435093 12.4997
1.4775 0.000439417 12.4997
1.48 0.000443475 12.4997
1.4825 0.00044727 12.4997
1.485 0.000450795 12.4997
1.4875 0.000454033 12.4998
1.49 0.000456988 12.4998
1.4925 0.000459661 12.4998
1.495 0.00046204 12.4998
1.4975 0.000464124 12.4998
1.5 0.000465915 12.4999
1.5025 0.00046741 12.4999
1.505 0.000468581 12.4999
1.5075 0.000469472 12.4999
1.51 0.000470045 12.5
1.5125 0.000470308 12.5
1.515 0.000470054 12.5
1.5175 0.000469264 12.5
1.52 0.00046813 12.4999
1.5225 0.000466702 12.4999
1.525 0.000464969 12.4999
1.5275 0.000462943 12.4999
1.53 0.000460621 12.4999
1.5325 0.000458009 12.4998
1.535 0.00045511 12.4998
1.5375 0.000451941 12.4998
1.54 0.000448498 12.4998
1.5425 0.000444777 12.4997
1.545 0.000440773 12.4997
1.5475 0.000436503 12.4997
1.55 0.000431965 12.