-0.497078 -0.0514675
-0.499231 -0.0488281
-0.494141 -0.0523226
-0.490234 -0.0514305
-0.488637 -0.0506379
-0.488272 -0.050782
-0.486328 -0.0503166
-0.498047 -0.0432466
-0.498047 -0.0432466
-0.494882 -0.0431811
-0.495173 -0.0427348
-0.498047 -0.0376605
-0.494141 -0.0361818
-0.490234 -0.0441458
-0.486328 -0.0442394
-0.490234 -0.0340095
-0.484472 -0.0371094
-0.485653 -0.0329046
-0.481401 -0.0509255
-0.483743 -0.0505878
-0.478516 -0.0515258
-0.474609 -0.0521695
-0.470703 -0.0521997
-0.484321 -0.0430149
-0.483248 -0.0410156
-0.476981 -0.0433805
-0.477626 -0.0410156
-0.484472 -0.0371094
-0.484271 -0.0314532
-0.480469 -0.03125
-0.474609 -0.0451056
-0.470703 -0.0459742
-0.474609 -0.0382541
-0.470703 -0.037729
-0.499904 -0.0214844
-0.499923 -0.019418
-0.486328 -0.0264923
-0.4871 -0.0253906
-0.485201 -0.0226054
-0.484184 -0.00976562
-0.48382 -0.00585938
-0.481977 -0.0303549
-0.47937 -0.0283434
-0.476732 -0.0253906
-0.482422 -0.0206797
-0.478516 -0.0202806
-0.478516 -0.0202806
-0.476562 -0.0273438
-0.476732 -0.0253906
-0.476323 -0.0228864
-0.46875 -0.0195313
-0.470703 -0.0158834
-0.481687 -0.0126028
-0.484184 -0.00976562
-0.477883 -0.0136719
-0.48382 -0.00585938
-0.482422 -0.00545587
-0.478516 -0.00207946
-0.474609 -0.014537
-0.470703 -0.0158834
-0.474609 -0.00127606
-0.470703 -0.00145919
-0.466797 -0.051867
-0.462891 -0.0519176
-0.458984 -0.0524564
-0.455078 -0.0527828
-0.466797 -0.0461839
-0.462891 -0.046715
-0.466797 -0.0377115
-0.462891 -0.037509
-0.458614 -0.0454837
-0.456373 -0.0410156
-0.456663 -0.0435988
-0.456373 -0.0410156
-0.459495 -0.0381771
-0.457031 -0.0390625
-0.451172 -0.0527055
-0.447266 -0.0525669
-0.443359 -0.0524818
-0.439453 -0.0524018
-0.453125 -0.0429687
-0.437847 -0.0437147
-0.436463 -0.0410156
-0.466797 -0.0178877
-0.462891 -0.0202789
-0.462891 -0.0202789
-0.458984 -0.0224746
-0.455078 -0.0244724
-0.458984 -0.0224746
-0.455078 -0.0146248
-0.466797 -0.00162625
-0.462891 -0.00115191
-0.456245 -0.0136719
-0.459262 -0.00976562
-0.455078 -0.0146248
-0.458984 -0.00413457
-0.458984 -0.00413457
-0.456246 -0.0044291
-0.455078 -0.00124016
-0.451172 -0.0252755
-0.448863 -0.0253906
-0.451172 -0.0172344
-0.446656 -0.0207214
-0.450594 -0.0175781
-0.443359 -0.0262531
-0.438731 -0.0275664
-0.441124 -0.0272597
-0.443359 -0.0212535
-0.439453 -0.0209017
-0.451172 -0.0172344
-0.449883 -0.00411496
-0.45277 -0.00286947
-0.447266 -0.00533167
-0.443359 -0.00775472
-0.439453 -0.00962499
-0.443359 -0.00775472
-0.439453 0.00155871
-0.435547 -0.052321
-0.435547 -0.0460579
-0.431641 -0.0522505
-0.431641 -0.045222
-0.427734 -0.0521128
-0.423828 -0.051864
-0.435547 -0.0460579
-0.436463 -0.0410156
-0.431641 -0.045222
-0.431641 -0.039338
-0.427734 -0.0452507
-0.427734 -0.0395544
-0.423828 -0.0448393
-0.425781 -0.0390625
-0.426941 -0.0387794
-0.423828 -0.0374471
-0.419922 -0.0515756
-0.416016 -0.0512869
-0.412109 -0.0509547
-0.412109 -0.0509547
-0.408203 -0.0505718
-0.408203 -0.0505718
-0.419922 -0.0438169
-0.417155 -0.0410156
-0.419922 -0.0373492
-0.417682 -0.0386741
-0.414062 -0.0390625
-0.411414 -0.035717
-0.412656 -0.0332031
-0.408612 -0.0357217
-0.40691 -0.0337492
-0.435547 -0.0276665
-0.431641 -0.0275138
-0.432802 -0.0273372
-0.435547 -0.0210655
-0.431641 -0.0210441
-0.429129 -0.0273969
-0.427788 -0.0272512
-0.423828 -0.0267686
-0.427734 -0.0206031
-0.423828 -0.0199209
-0.422145 -0.0194732
-0.435547 -0.0103675
-0.431641 -0.0108091
-0.435547 -0.000885602
-0.431641 -0.00206957
-0.427734 -0.0108982
-0.423828 -0.0106958
-0.427734 -0.00186766
-0.4244 -0.00100497
-0.417641 -0.0253906
-0.416016 -0.0249954
-0.421875 -0.0195313
-0.419922 -0.0189216
-0.416016 -0.0179733
-0.412109 -0.0281968
-0.412109 -0.0281968
-0.408203 -0.0296442
-0.409927 -0.0235514
-0.412109 -0.0170632
-0.408025 -0.0230273
-0.408203 -0.0162147
-0.419922 -0.0102358
-0.416016 -0.00953723
-0.412109 -0.00854676
-0.40631 -0.0156141
-0.409933 -0.00790597
-0.406461 -0.00585938
-0.404297 -0.0501866
-0.400391 -0.0497953
-0.396484 -0.049384
-0.392578 -0.0489673
-0.402344 -0.03125
-0.39072 -0.0313985
-0.388672 -0.0484818
-0.384766 -0.0478917
-0.380859 -0.04714
-0.388672 -0.0335654
-0.384766 -0.0354677
-0.384766 -0.0354677
-0.380859 -0.04714
-0.376953 -0.046202
-0.382751 -0.0351979
-0.381385 -0.0332031
-0.406206 -0.0311643
-0.403539 -0.0214844
-0.406161 -0.0156419
-0.400391 -0.0203931
-0.391413 -0.0292969
-0.390991 -0.0253906
-0.398192 -0.019608
-0.392856 -0.0175781
-0.392578 -0.0173718
-0.401558 -0.0136719
-0.400391 -0.0131927
-0.406461 -0.00585938
-0.40329 -0.00195312
-0.398185 -0.0119188
-0.395894 -0.00976562
-0.395894 -0.00976562
-0.392964 -0.00585938
-0.390961 -0.00195312
-0.390991 -0.0253906
-0.387735 -0.0228964
-0.388976 -0.0160875
-0.384766 -0.0217408
-0.38095 -0.0292969
-0.380601 -0.0253906
-0.380601 -0.0253906
-0.380859 -0.0218907
-0.378277 -0.022393
-0.376337 -0.0186949
-0.387394 -0.0153475
-0.384766 -0.0141427
-0.390961 -0.00195312
-0.380859 -0.0123667
-0.380859 -0.0123667
-0.376953 -0.0102247
-0.373047 -0.0451307
-0.369141 -0.044055
-0.365234 -0.0430835
-0.365234 -0.0430835
-0.361328 -0.0421617
-0.357422 -0.0411804
-0.353516 -0.0399589
-0.349609 -0.0383923
-0.349609 -0.0383923
-0.345703 -0.0362456
-0.345703 -0.0362456
-0.373047 -0.0223146
-0.373404 -0.0166339
-0.369141 -0.0202788
-0.370723 -0.0190265
-0.363398 -0.0274615
-0.364149 -0.0251472
-0.361328 -0.0276328
-0.361328 -0.0276328
-0.364242 -0.020433
-0.366979 -0.0193936
-0.362947 -0.0214844
-0.359732 -0.0191535
-0.373047 -0.0136452
-0.373047 -0.0136452
-0.368672 -0.0136719
-0.37087 -0.00585938
-0.37087 -0.00585938
-0.369141 -0.00394995
-0.368672 -0.0136719
-0.36404 -0.00976562
-0.36404 -0.00976562
-0.366956 -0.000408875
-0.361118 -0.00585938
-0.361328 -0.0057775
-0.358899 -0.0276229
-0.357422 -0.021489
-0.355362 -0.0237138
-0.357422 -0.021489
-0.358942 -0.0173152
-0.355116 -0.0223745
-0.354564 -0.0136719
-0.353516 -0.0129722
-0.349609 -0.0112849
-0.349609 -0.0112849
-0.345703 -0.00899387
-0.341797 -0.0339949
-0.341797 -0.0339949
-0.337891 -0.0321297
-0.333984 -0.031737
-0.330078 -0.032614
-0.326172 -0.0332011
-0.322266 -0.0333506
-0.318359 -0.0328925
-0.314453 -0.0310403
-0.333984 -0.031737
-0.330078 -0.0286283
-0.330078 -0.0286283
-0.330933 -0.0214938
-0.329307 -0.0179934
-0.341797 -0.00693399
-0.341797 -0.00693399
-0.337891 -0.0046319
-0.337891 -0.0046319
-0.333984 -0.00214683
-0.330078 0.000227578
-0.327949 -0.0235038
-0.326172 -0.0224314
-0.327346 -0.0160681
-0.323724 -0.0199999
-0.321493 -0.0177716
-0.314453 -0.0310403
-0.319332 -0.0162576
-0.325272 -0.0150305
-0.322266 -0.0134123
-0.321349 -0.00531287
-0.320656 -0.00181732
-0.317242 -0.0136719
-0.317611 -0.0112207
-0.314453 -0.0133636
-0.314453 -0.00937561
-0.318072 -0.00454625
-0.318494 -0.00256081
-0.314453 -0.00080351
-0.302734 -0.0303131
-0.298828 -0.0328312
-0.294922 -0.0331371
-0.291016 -0.0332302
-0.287109 -0.0338639
-0.283203 -0.0344782
-0.310547 -0.0288028
-0.306641 -0.0282773
-0.302734 -0.0303131
-0.312222 -0.0118687
-0.310306 -0.010995
-0.307214 -0.00859204
-0.309676 -0.00662576
-0.309611 -0.0006393
-0.307995 -0.007422
-0.30648 -0.00195312
-0.302734 -0.00488025
-0.302734 -0.00488025
-0.298828 -0.00289335
-0.298828 -0.00289335
-0.294922 -0.000200665
-0.279297 -0.0339426
-0.275391 -0.0319113
-0.258195 -0.0357318
-0.258777 -0.0332031
-0.255859 -0.0375955
-0.251953 -0.0384108
-0.275391 -0.0319113
-0.277344 -0.0195313
-0.279811 -0.0175781
-0.274801 -0.020024
-0.276935 -0.0192557
-0.272171 -0.0292969
-0.269471 -0.0253906
-0.269471 -0.0253906
-0.271245 -0.0214844
-0.273264 -0.0194507
-0.271245 -0.0214844
-0.278717 -0.0136719
-0.278717 -0.0136719
-0.273508 -0.00976562
-0.271484 -0.00833271
-0.271484 -0.00833271
-0.267578 -0.00439498
-0.267578 -0.00439498
-0.25696 -0.0292969
-0.262825 -0.0166584
-0.259766 -0.017568
-0.25696 -0.0292969
-0.255859 -0.0281592
-0.253061 -0.0253906
-0.255859 -0.0169703
-0.250867 -0.0214844
-0.25242 -0.0181871
-0.263934 -0.0136719
-0.262627 -0.00976562
-0.261775 -0.00406889
-0.262573 -0.000245932
-0.261557 -0.00541281
-0.259766 0.00180319
-0.246992 -0.0514938
-0.249113 -0.0488281
-0.244141 -0.0527726
-0.240234 -0.0524532
-0.236328 -0.0510484
-0.236328 -0.0510484
-0.246842 -0.0449219
-0.246842 -0.0449219
-0.243148 -0.042793
-0.248047 -0.0373637
-0.244374 -0.0358678
-0.240234 -0.0424943
-0.240234 -0.0424943
-0.236419 -0.0403393
-0.240234 -0.0336564
-0.23581 -0.0371094
-0.23566 -0.0332031
-0.232422 -0.0487495
-0.227517 -0.0513195
-0.229251 -0.0488281
-0.224609 -0.0529115
-0.220703 -0.0531772
-0.23185 -0.0449219
-0.232599 -0.0410156
-0.228516 -0.0420552
-0.228516 -0.0420552
-0.234254 -0.0389923
-0.234062 -0.0316635
-0.228516 -0.0385523
-0.224609 -0.044121
-0.22391 -0.0397036
-0.220703 -0.0442492
-0.221799 -0.0397038
-0.224609 -0.03884
-0.220138 -0.0388143
-0.237017 -0.0292969
-0.236385 -0.0253906
-0.234885 -0.0229108
-0.234375 -2.31325e-15
-0.231852 -0.0305149
-0.229417 -0.0284367
-0.227217 -0.0253906
-0.232422 -0.0212999
-0.228535 -0.0219179
-0.227217 -0.0253906
-0.224609 -0.014674
-0.220703 -0.0166066
-0.231359 -0.0124355
-0.233278 -0.00976562
-0.228516 -0.0136007
-0.231951 -0.00585938
-0.231951 -0.00585938
-0.228219 -0.00335372
-0.224609 -0.014674
-0.220703 -0.0166066
-0.224609 -0.00264833
-0.220703 -0.00227858
-0.216797 -0.0521579
-0.212891 -0.0517846
-0.212891 -0.047168
-0.208984 -0.0525184
-0.205078 -0.0530428
-0.216797 -0.0461034
-0.212125 -0.0468482
-0.216797 -0.037855
-0.212891 -0.0374704
-0.208305 -0.0456338
-0.206793 -0.0410156
-0.20659 -0.0438
-0.206793 -0.0410156
-0.209753 -0.0382863
-0.207031 -0.0390625
-0.201172 -0.0529278
-0.197266 -0.052702
-0.193359 -0.0525798
-0.189453 -0.0524868
-0.203125 -0.0429688
-0.203125 -0.0429687
-0.187861 -0.0438416
-0.185819 -0.0410156
-0.216797 -0.0186963
-0.216797 -0.0186963
-0.212891 -0.0209958
-0.208984 -0.0233318
-0.205078 -0.0249204
-0.208984 -0.0233318
-0.203125 -0.0234375
-0.201875 -0.0175781
-0.216797 -0.00196662
-0.212891 -0.00136075
-0.207101 -0.0136719
-0.209731 -0.00976562
-0.207101 -0.0136719
-0.208984 -0.00521072
-0.208984 -0.00521072
-0.206071 -0.00436755
-0.205078 -0.000791024
-0.200481 -0.0253906
-0.200481 -0.0253906
-0.199319 -0.0214844
-0.201875 -0.0175781
-0.197266 -0.0212952
-0.199179 -0.0195151
-0.192107 -0.0275579
-0.194419 -0.0268711
-0.189453 -0.027877
-0.193359 -0.0210992
-0.189453 -0.0210172
-0.197266 -0.00590253
-0.200377 -0.00428586
-0.202974 -0.00292284
-0.197266 -0.00590253
-0.193359 -0.00883414
-0.189453 -0.010034
-0.193359 -0.00883414
-0.189453 0.00101957
-0.185547 -0.0523904
-0.185547 -0.0461718
-0.181641 -0.0523176
-0.181641 -0.0451858
-0.177734 -0.0521736
-0.177734 -0.046295
-0.173828 -0.0519134
-0.185547 -0.0461718
-0.185819 -0.0410156
-0.181641 -0.0451858
-0.181641 -0.0394351
-0.177734 -0.046295
-0.177734 -0.0396991
-0.173828 -0.0451361
-0.175781 -0.0390625
-0.176809 -0.0388259
-0.173828 -0.0376403
-0.169922 -0.0516247
-0.166016 -0.0513379
-0.162109 -0.0510024
-0.158203 -0.0506214
-0.158203 -0.0506214
-0.169922 -0.0440353
-0.167969 -0.0429688
-0.167207 -0.0410156
-0.169922 -0.0377009
-0.167855 -0.0389237
-0.160156 -0.0390625
-0.161018 -0.0356861
-0.162186 -0.0332031
-0.158203 -0.0358088
-0.156357 -0.0349828
-0.185547 -0.0278995
-0.181641 -0.0277288
-0.185547 -0.0211683
-0.181641 -0.0208509
-0.178297 -0.0274876
-0.178645 -0.0272859
-0.173828 -0.0269206
-0.177734 -0.0202094
-0.174584 -0.0196585
-0.17333 -0.0191884
-0.185547 -0.010494
-0.181641 -0.0105181
-0.185547 -0.00147164
-0.181641 -0.00212584
-0.177734 -0.0101429
-0.173828 -0.00948574
-0.177734 -0.00184965
-0.173828 -0.000862616
-0.169922 -0.0260457
-0.166016 -0.0251457
-0.169922 -0.0183682
-0.166016 -0.0174924
-0.162109 -0.0274223
-0.162109 -0.0274223
-0.158203 -0.0295066
-0.159513 -0.0237274
-0.162109 -0.0166422
-0.157706 -0.0230912
-0.158203 -0.0158922
-0.169922 -0.00866363
-0.166016 -0.00782177
-0.166016 -0.00782177
-0.156848 -0.0154854
-0.162109 -0.00693764
-0.158203 -0.00613763
-0.154297 -0.0502548
-0.150391 -0.0498882
-0.146484 -0.0494862
-0.142578 -0.0490222
-0.155972 -0.0331308
-0.140854 -0.0316323
-0.138672 -0.0484179
-0.134766 -0.0476721
-0.130859 -0.0467928
-0.138672 -0.0339939
-0.138672 -0.0339939
-0.134766 -0.035614
-0.134766 -0.035614
-0.130859 -0.0467928
-0.126953 -0.0458501
-0.132796 -0.0351687
-0.131569 -0.0331728
-0.128906 -0.0351562
-0.128906 -0.03125
-0.155977 -0.030779
-0.154297 -0.0219092
-0.150391 -0.0205622
-0.141473 -0.0292969
-0.14059 -0.0253906
-0.147956 -0.0196904
-0.146139 -0.019117
-0.142578 -0.0176078
-0.154297 -0.0148182
-0.150391 -0.0137298
-0.154297 -0.00533453
-0.151003 -0.00448497
-0.149004 -0.00261524
-0.146582 -0.0124434
-0.142773 -0.00976562
-0.142773 -0.00976562
-0.146484 -0.0019605
-0.140635 -0.00585938
-0.14272 -0.00195312
-0.14059 -0.0253906
-0.137535 -0.0229795
-0.142336 -0.0175781
-0.134766 -0.0219151
-0.131189 -0.0292969
-0.130515 -0.0253906
-0.130515 -0.0253906
-0.130859 -0.0219493
-0.128292 -0.0222362
-0.126953 -0.0144875
-0.137286 -0.0154783
-0.134766 -0.0143436
-0.140635 -0.00585938
-0.140532 -0.00356869
-0.130859 -0.0125154
-0.130859 -0.0125154
-0.126953 -0.0144875
-0.12589 -0.00976562
-0.123047 -0.0449991
-0.119141 -0.0443206
-0.123047 -0.0371094
-0.115234 -0.0437825
-0.111328 -0.043129
-0.111328 -0.043129
-0.107422 -0.0420519
-0.103516 -0.0402932
-0.0996094 -0.0379384
-0.0996094 -0.0379384
-0.0957031 -0.0356127
-0.0957031 -0.0356127
-0.123047 -0.022483
-0.123047 -0.0140924
-0.119141 -0.0203344
-0.12083 -0.0191058
-0.113631 -0.0276922
-0.114302 -0.0253906
-0.111328 -0.0279469
-0.111328 -0.0279469
-0.114299 -0.020556
-0.117143 -0.0195019
-0.113063 -0.0214844
-0.109885 -0.0189094
-0.123047 -0.0140924
-0.12589 -0.00976562
-0.119141 -0.0140441
-0.120277 -0.00585938
-0.119141 -0.00483893
-0.119141 -0.00483893
-0.116656 -0.0121523
-0.113878 -0.00976562
-0.113878 -0.00976562
-0.115234 -0.000303957
-0.110963 -0.00585938
-0.110154 -0.00195312
-0.108903 -0.0276394
-0.106668 -0.0255689
-0.105457 -0.0234725
-0.107422 -0.0209185
-0.107422 -0.0209185
-0.105243 -0.0227528
-0.104541 -0.0136719
-0.103516 -0.0130054
-0.109326 -0.000130675
-0.0996094 -0.011298
-0.0996094 -0.011298
-0.0957031 -0.0090169
-0.0917969 -0.0356822
-0.0917969 -0.0356822
-0.0878906 -0.0373483
-0.0898437 -0.0351562
-0.0839844 -0.0366559
-0.0819629 -0.0352208
-0.0803244 -0.0332031
-0.0716431 -0.032172
-0.0683594 -0.0333803
-0.0644531 -0.0335763
-0.0800781 -0.0306263
-0.0794166 -0.0253906
-0.0786432 -0.0214844
-0.0784535 -0.0189287
-0.0917969 -0.00696272
-0.0917969 -0.00696272
-0.0878906 -0.00465829
-0.0878906 -0.00465829
-0.0839844 -0.00216621
-0.0800781 0.0002396
-0.0761719 -0.0279668
-0.073967 -0.0307801
-0.0733498 -0.0253906
-0.0781146 -0.0233289
-0.0761719 -0.0160992
-0.0722656 -0.0248366
-0.0709637 -0.0181383
-0.069177 -0.0165244
-0.0761719 -0.0160992
-0.0722656 -0.0134685
-0.0717474 -0.00532115
-0.0712555 -0.00195312
-0.0670722 -0.0133322
-0.0680057 -0.0110459
-0.0644531 -0.0133573
-0.0644531 -0.00910083
-0.0683594 -0.00426853
-0.0683594 -0.00292402
-0.064516 -0.000755987
-0.0605469 -0.0321084
-0.0508632 -0.0313831
-0.0494977 -0.0334103
-0.0449219 -0.0351447
-0.0449219 -0.0351447
-0.0410156 -0.0346054
-0.0371094 -0.0347792
-0.0371094 -0.0347792
-0.0332031 -0.0351289
-0.0332031 -0.0351289
-0.0605469 -0.0321084
-0.0569609 -0.0292969
-0.0566406 -0.0287425
-0.0527344 -0.0239823
-0.0488073 -0.0292969
-0.0488281 -0.0275741
-0.0527344 -0.0239823
-0.0489541 -0.0227254
-0.0622972 -0.011836
-0.0603812 -0.0106738
-0.056957 -0.00854697
-0.0595822 -0.00694037
-0.0597039 -0.000363001
-0.0583428 -0.00736771
-0.055795 -0.00195312
-0.0527344 -0.00442361
-0.0527344 -0.00442361
-0.0488281 -0.00311413
-0.0488281 -0.00311413
-0.0465537 -0.0254233
-0.0468446 -0.0234023
-0.0429688 -0.0234375
-0.0449219 -0.000462953
-0.0292969 -0.0337737
-0.0268804 -0.0317386
0.000751935 -0.0488281
-0.00806943 -0.0356185
-0.00824826 -0.0332031
-0.00585938 -0.0375052
-0.00195312 -0.0385613
-0.0250515 -0.0292969
-0.0228298 -0.0253906
-0.0280441 -0.0199077
-0.0296189 -0.0175781
-0.0253906 -0.0220265
-0.0259737 -0.0189198
-0.0228298 -0.0253906
-0.020621 -0.0214844
-0.0214844 -0.0177847
-0.020621 -0.0214844
-0.0185493 -0.0175781
-0.0277383 -0.0136719
-0.0277383 -0.0136719
-0.0224881 -0.00976562
-0.0214844 -0.00904074
-0.0156027 -0.0136719
-0.0214844 -0.00904074
-0.0175781 -0.00501739
-0.0175781 -0.00501739
-0.0130419 -0.0164608
-0.00976562 -0.0177473
-0.00976562 -0.0177473
-0.00594295 -0.0292969
-0.0015477 -0.0253906
-0.00585938 -0.0201479
-0.00585938 -0.0201479
-0.00186319 -0.0214844
-0.00384147 -0.0195051
-0.0156027 -0.0136719
-0.0133171 -0.00976562
-0.0133171 -0.00976562
-0.0117318 -0.00772313
-0.0150085 -0.000733116
-0.0105235 -0.00585938
-0.00976562 -0.00181441
-0.498047 0.0100626
-0.494141 0.0122023
-0.494141 0.0122023
-0.485554 0.00251602
-0.485839 0.00585938
-0.490234 0.0139365
-0.486328 0.0132351
-0.486328 0.0132351
-0.498947 0.018961
-0.498541 0.0212214
-0.494141 0.0206661
-0.49692 0.0253906
-0.496688 0.0292969
-0.490234 0.0221822
-0.485486 0.01591
-0.487085 0.0253906
-0.487332 0.0292969
-0.482422 0.00216182
-0.478516 0.00317046
-0.482422 0.00904046
-0.478516 0.0104848
-0.476253 0.00372045
-0.474609 0.00433134
-0.470703 0.00534234
-0.475528 0.0115174
-0.473912 0.0119841
-0.470703 0.0129725
-0.482422 0.0169877
-0.478516 0.0185756
-0.478516 0.0185756
-0.476181 0.0194394
-0.470828 0.0214844
-0.470703 0.021515
-0.496658 0.0322408
-0.494141 0.0346773
-0.494141 0.0346773
-0.498047 0.0467462
-0.490234 0.0341797
-0.490234 0.0341797
-0.4879 0.0318727
-0.498047 0.0467462
-0.494141 0.0472771
-0.490234 0.0477341
-0.486328 0.0482151
-0.482422 0.0487401
-0.478516 0.049289
-0.474609 0.0497975
-0.470703 0.0502642
-0.466797 0.00638638
-0.463357 0.00739422
-0.466797 0.0145476
-0.461599 0.00791318
-0.464459 0.0155092
-0.460799 7.22359e-06
-0.458984 0.00858455
-0.455078 0.0095466
-0.466797 0.0229993
-0.459254 0.0175781
-0.466797 0.0229993
-0.462891 0.0243286
-0.462891 0.0308637
-0.458984 0.0176712
-0.455654 0.019027
-0.454068 0.0197622
-0.458815 0.0253906
-0.460466 0.0292969
-0.458815 0.0253906
-0.451172 0.000939663
-0.447266 0.00176914
-0.451172 0.0102894
-0.447266 0.0107573
-0.443359 0.00203389
-0.439453 0.00155871
-0.443359 0.0108791
-0.439453 0.0105885
-0.451172 0.0205326
-0.447266 0.0212883
-0.451172 0.0271532
-0.449404 0.0273733
-0.445762 0.0273165
-0.447266 0.0276076
-0.443359 0.0216868
-0.439453 0.0217003
-0.443359 0.0278367
-0.4375 0.0273437
-0.439453 0.02774
-0.465159 0.0342288
-0.464844 0.0351563
-0.462891 0.0308637
-0.463779 0.0371094
-0.461699 0.0398474
-0.458984 0.0350898
-0.458984 0.0350898
-0.457017 0.0351376
-0.455078 0.0373112
-0.459198 0.0419366
-0.453125 0.0429687
-0.455078 0.0437373
-0.466797 0.0506804
-0.466797 0.0506804
-0.462891 0.0510707
-0.458984 0.0514386
-0.455078 0.051777
-0.452586 0.0389217
-0.451172 0.0396184
-0.451172 0.0450108
-0.447486 0.0393167
-0.447266 0.0450036
-0.442393 0.0400265
-0.443359 0.0456865
-0.44082 0.0416194
-0.440933 0.0439378
-0.451172 0.0520378
-0.447266 0.0450036
-0.447266 0.0521798
-0.443359 0.0456865
-0.443359 0.0522697
-0.439453 0.0523998
-0.435547 -0.000885602
-0.431641 0.00871878
-0.435547 0.00992869
-0.431641 0.00871878
-0.427734 0.00644732
-0.422107 0.00120527
-0.423864 0.00546612
-0.427734 0.00644732
-0.435547 0.0214305
-0.431641 0.0208
-0.435547 0.0270561
-0.436864 0.027444
-0.431641 0.0265079
-0.426829 0.0191639
-0.428576 0.0199219
-0.423828 0.0180604
-0.427734 0.0265077
-0.423828 0.0259741
-0.421644 0.00315986
-0.421813 0.00395464
-0.414265 0.00377517
-0.416016 0.00811516
-0.417852 0.0136719
-0.416516 0.00976562
-0.417852 0.0136719
-0.412109 0.00349026
-0.412109 0.00349026
-0.408203 0.00304357
-0.423022 0.0175781
-0.417969 0.0234375
-0.416016 0.0234687
-0.423423 0.0253906
-0.416016 0.0234687
-0.410156 0.0195312
-0.412109 0.0215779
-0.408203 0.0194036
-0.408203 0.0194036
-0.420613 0.0410156
-0.435547 0.0525346
-0.431641 0.0526308
-0.427734 0.0527352
-0.423828 0.0528657
-0.418339 0.038821
-0.416016 0.0380158
-0.420613 0.0410156
-0.41946 0.0447473
-0.416016 0.0466378
-0.412109 0.0380397
-0.408203 0.0382778
-0.412109 0.0464869
-0.408203 0.046072
-0.419922 0.0528167
-0.416016 0.0525264
-0.412109 0.0523149
-0.408203 0.0522813
-0.404689 0.00158747
-0.401563 0.0136719
-0.398208 0.00976562
-0.401563 0.0136719
-0.396484 0.00845337
-0.392578 0.00773067
-0.396484 0.00845337
-0.392578 0.00773067
-0.404297 0.0167626
-0.396265 0.0217313
-0.392578 0.0206976
-0.397347 0.0253906
-0.395193 0.0280273
-0.392578 0.0313412
-0.38901 0.00195312
-0.389844 0.00585938
-0.388672 0.0248837
-0.387758 0.0253906
-0.386913 0.0303431
-0.386572 0.0307342
-0.375416 0.0191671
-0.374455 0.0214844
-0.375 0.0234375
-0.404297 0.0381279
-0.401445 0.0385127
-0.404297 0.0462729
-0.399106 0.0402789
-0.400328 0.0450749
-0.392578 0.0313412
-0.390725 0.0385525
-0.398257 0.0422779
-0.398308 0.0431605
-0.391607 0.0410156
-0.390758 0.0432393
-0.404297 0.0521696
-0.400391 0.0521766
-0.396484 0.0523788
-0.392578 0.0518761
-0.390128 0.0332031
-0.390128 0.036206
-0.384766 0.0334417
-0.384766 0.0334417
-0.388816 0.0452369
-0.384766 0.0452482
-0.380859 0.0365832
-0.376953 0.0380682
-0.379751 0.0422469
-0.382152 0.0432704
-0.378181 0.0414117
-0.376953 0.0473322
-0.388474 0.049497
-0.390133 0.0509126
-0.38516 0.0494914
-0.383302 0.0509353
-0.380859 0.052117
-0.374069 0.0488281
-0.376953 0.0519762
-0.365539 0.00195312
-0.365234 0.00241137
-0.362689 0.00635777
-0.361073 0.00976562
-0.36088 0.0136719
-0.372629 0.019023
-0.374455 0.0214844
-0.368927 0.0193954
-0.369296 0.0202502
-0.372469 0.0253906
-0.372469 0.0253906
-0.368231 0.0292969
-0.365234 0.0189932
-0.365234 0.0189932
-0.364117 0.0175781
-0.368231 0.0292969
-0.358263 0.00195312
-0.357422 0.00311643
-0.353516 0.00831021
-0.352355 0.00976562
-0.352355 0.00976562
-0.350111 0.0136719
-0.350188 0.0175781
-0.3533 0.0214844
-0.354268 0.0253906
-0.350499 0.0292969
-0.350188 0.0175781
-0.350499 0.0292969
-0.373047 0.0383348
-0.369141 0.0373875
-0.374287 0.0455677
-0.366374 0.0332031
-0.366856 0.0356577
-0.374069 0.0488281
-0.374985 0.0507971
-0.349609 0.0302677
-0.345703 0.0341307
-0.345703 0.0341307
-0.330078 0.000227578
-0.332143 0.0232116
-0.330078 0.0218374
-0.33124 0.0253906
-0.330078 0.030143
-0.326172 0.00282964
-0.322266 0.00536149
-0.318099 0.00195312
-0.318776 0.00756257
-0.31433 0.00195312
-0.314453 0.00454278
-0.317453 0.00838781
-0.314453 0.0104479
-0.326172 0.0222871
-0.326172 0.0277024
-0.326172 0.0277024
-0.322266 0.027554
-0.322266 0.027554
-0.318359 0.0310185
-0.341797 0.0352078
-0.341797 0.0352078
-0.337891 0.0324881
-0.333984 0.0319355
-0.330078 0.030143
-0.3296 0.0357515
-0.325215 0.0334664
-0.326286 0.0359999
-0.323909 0.0314967
-0.318359 0.0310185
-0.314453 0.0328902
-0.31433 0.00195312
-0.312273 0.00771034
-0.306641 0.00233042
-0.307735 0.00585938
-0.309683 0.00875978
-0.310547 0.0127916
-0.306803 0.0106343
-0.306976 0.0146078
-0.304388 0.00117681
-0.304179 0.00541728
-0.302734 0.0129021
-0.299237 0.0148293
-0.305196 0.0159205
-0.302734 0.0176851
-0.296876 0.0156279
-0.298828 0.021172
-0.294922 -0.000200665
-0.291016 0.00222598
-0.287109 0.0046919
-0.287109 0.0046919
-0.283203 0.00696511
-0.283203 0.00696511
-0.295279 0.0175781
-0.295121 0.0213071
-0.294922 0.032679
-0.291016 0.0308833
-0.287109 0.0318609
-0.310547 0.0330627
-0.306641 0.0324227
-0.302734 0.0324842
-0.298828 0.0331529
-0.294922 0.032679
-0.291016 0.0308833
-0.287109 0.0318609
-0.283203 0.0343775
-0.283203 0.0343775
-0.279297 0.00898547
-0.275391 0.0111907
-0.275391 0.0111907
-0.271484 0.0128176
-0.270171 0.0136719
-0.27017 0.0215224
-0.26632 0.0175781
-0.267578 0.0224656
-0.269886 0.0241212
-0.267578 0.0224656
-0.265953 0.0274845
-0.26339 0.00195312
-0.263374 0.00585938
-0.259766 0.00180319
-0.260212 0.00976562
-0.260212 0.00976562
-0.257829 0.0117345
-0.255859 0.00451842
-0.255859 0.00451842
-0.253803 0.00585938
-0.255347 0.0136719
-0.251953 0.0131481
-0.251953 0.0131481
-0.26437 0.0190048
-0.262807 0.0214844
-0.259218 0.0188775
-0.261669 0.0195657
-0.263672 0.0254837
-0.263672 0.0254837
-0.26145 0.0240957
-0.255198 0.0192163
-0.2558 0.0201741
-0.250809 0.0166164
-0.251953 0.0219635
-0.279297 0.0362248
-0.275391 0.0372408
-0.271484 0.0379767
-0.267578 0.0391837
-0.267578 0.0391837
-0.263672 0.0410727
-0.259766 0.0430782
-0.259766 0.0430782
-0.255859 0.0447373
-0.251953 0.0459178
-0.248047 0.00952957
-0.244141 0.0119266
-0.244141 0.0119266
-0.235396 0.00235821
-0.235369 0.00585938
-0.240234 0.0137879
-0.234399 0.00783535
-0.237174 0.0152535
-0.248777 0.0185906
-0.248047 0.0220624
-0.244141 0.0212875
-0.245999 0.0253906
-0.246061 0.0292969
-0.245999 0.0253906
-0.246061 0.0292969
-0.240234 0.0220908
-0.235491 0.0159397
-0.237751 0.0231645
-0.234448 0.0253906
-0.235031 0.0292969
-0.232422 0.001363
-0.235369 0.00585938
-0.228516 0.00251506
-0.229477 0.00976562
-0.228516 0.0101649
-0.225235 0.003568
-0.223471 0.00402095
-0.220703 0.00482938
-0.225674 0.0114263
-0.223955 0.0121566
-0.220703 0.0135476
-0.232422 0.0170537
-0.228516 0.0186826
-0.228516 0.0186826
-0.234448 0.0253906
-0.235031 0.0292969
-0.226229 0.0194723
-0.224417 0.0201565
-0.220703 0.0214571
-0.246621 0.0323136
-0.246094 0.0351563
-0.244647 0.034025
-0.242225 0.0351667
-0.248047 0.0467025
-0.240234 0.0337467
-0.240234 0.0337467
-0.237572 0.0318553
-0.248047 0.0467025
-0.244141 0.0472312
-0.240234 0.0476832
-0.236328 0.0481551
-0.232422 0.0486668
-0.228516 0.0491958
-0.224609 0.049678
-0.220703 0.0501127
-0.216797 0.00600813
-0.212891 0.00729897
-0.220545 0.0136719
-0.212891 0.00729897
-0.208984 0.00848122
-0.205078 0.00950135
-0.215885 0.015949
-0.216797 0.0229036
-0.211568 0.0175781
-0.211175 0.0234114
-0.214844 0.0234375
-0.212841 0.0239011
-0.211568 0.0175781
-0.207031 0.0195313
-0.206433 0.0193589
-0.204014 0.0198458
-0.208984 0.0248067
-0.204117 0.0253906
-0.201172 0.000895859
-0.197266 0.00164548
-0.201172 0.0102428
-0.197266 0.0106532
-0.193359 0.0018352
-0.189453 0.00101957
-0.193359 0.010694
-0.189453 0.0103113
-0.201172 0.0208098
-0.197266 0.0215116
-0.204117 0.0253906
-0.199219 0.0273438
-0.197266 0.0258813
-0.195313 0.0273438
-0.193359 0.0207797
-0.189453 0.0200595
-0.193359 0.0280718
-0.193359 0.0280718
-0.189453 0.029598
-0.209322 0.0410156
-0.207868 0.0383158
-0.205078 0.0372295
-0.209322 0.0410156
-0.207437 0.0432943
-0.205078 0.0444227
-0.216797 0.0505185
-0.212891 0.0509169
-0.212891 0.0509169
-0.208984 0.0512583
-0.205078 0.0515642
-0.201172 0.0379456
-0.197266 0.0381413
-0.203125 0.0390625
-0.201172 0.0451396
-0.197266 0.0456226
-0.192729 0.03346
-0.193359 0.036107
-0.189453 0.0350111
-0.189453 0.0350111
-0.193359 0.0453188
-0.189011 0.0410156
-0.190626 0.0437406
-0.201172 0.0518354
-0.197266 0.0520454
-0.193359 0.052228
-0.189453 0.0523986
-0.185547 -0.00147164
-0.181641 0.00808649
-0.185547 0.00961484
-0.181641 0.00808649
-0.177734 0.00581024
-0.173828 0.00499911
-0.185547 0.0201326
-0.179906 0.0194945
-0.181641 0.0201613
-0.184369 0.0269208
-0.186056 0.0283674
-0.181641 0.0259328
-0.174074 0.0175781
-0.179256 0.0197511
-0.173828 0.0175356
-0.175378 0.0253906
-0.173828 0.0255081
-0.17113 0.00220125
-0.165493 0.00280826
-0.166384 0.00585938
-0.169922 0.0161256
-0.164625 0.00976562
-0.166394 0.0136719
-0.162109 0.0019276
-0.158203 0.00173867
-0.169922 0.0161256
-0.166016 0.023464
-0.169922 0.0247608
-0.166016 0.023464
-0.162109 0.0216281
-0.158203 0.019411
-0.158203 0.019411
-0.171473 0.0410156
-0.171903 0.0430314
-0.185547 0.052522
-0.181641 0.052587
-0.177734 0.0526606
-0.173828 0.0528006
-0.168655 0.038628
-0.166016 0.0379623
-0.171473 0.0410156
-0.170106 0.0450397
-0.166016 0.0466772
-0.162109 0.037886
-0.158203 0.0380154
-0.162109 0.0466671
-0.158203 0.0467253
-0.169922 0.0528194
-0.166016 0.0524511
-0.162109 0.0519329
-0.158203 0.0518266
-0.154297 0.00177466
-0.150391 0.00171393
-0.149919 0.0136719
-0.145849 0.00013896
-0.142795 0.00195312
-0.142011 0.00585938
-0.146484 0.0119415
-0.149919 0.0136719
-0.14605 0.00976562
-0.154297 0.0174315
-0.150391 0.0141658
-0.144534 0.0195304
-0.145628 0.0215999
-0.142578 0.0198338
-0.142578 0.0198338
-0.145378 0.0253906
-0.142578 0.0282386
-0.138889 0.0217198
-0.136961 0.0253906
-0.137507 0.030586
-0.136961 0.0253906
-0.134766 0.0321819
-0.125208 0.019355
-0.123441 0.0214844
-0.155471 0.0385779
-0.153106 0.0402249
-0.153943 0.0452293
-0.152104 0.0421937
-0.152131 0.0434326
-0.144531 0.0390625
-0.14137 0.0371094
-0.144641 0.0422347
-0.142578 0.0446437
-0.142578 0.0446437
-0.154297 0.0521423
-0.150391 0.0525512
-0.146484 0.0525427
-0.140887 0.0502853
-0.143228 0.0515147
-0.139242 0.0332031
-0.14137 0.0371094
-0.134766 0.0321819
-0.140625 0.0429687
-0.138672 0.0463997
-0.132972 0.0428596
-0.135429 0.0442553
-0.132282 0.0346865
-0.130115 0.0365788
-0.127019 0.0384975
-0.130767 0.0417768
-0.127874 0.0410156
-0.124818 0.0449219
-0.138672 0.0481457
-0.135731 0.0496142
-0.133493 0.0511466
-0.130859 0.0523376
-0.124405 0.0488281
-0.127134 0.0518727
-0.115234 -0.000303957
-0.113004 0.00195312
-0.112202 0.00585938
-0.111266 0.00976562
-0.111898 0.0136719
-0.122296 0.0191843
-0.123441 0.0214844
-0.118366 0.0194111
-0.119141 0.0206799
-0.123228 0.0253906
-0.119141 0.0275722
-0.119154 0.0292969
-0.114256 0.0175781
-0.115234 0.0191708
-0.114256 0.0175781
-0.107422 0.00231212
-0.107422 0.00231212
-0.103516 0.00674259
-0.101118 0.00976562
-0.101118 0.00976562
-0.0991899 0.0136719
-0.104496 0.0214844
-0.0999258 0.0175781
-0.104496 0.0214844
-0.104329 0.0253906
-0.100237 0.0292969
-0.0999258 0.0175781
-0.100237 0.0292969
-0.123047 0.0383821
-0.117384 0.0332031
-0.11941 0.0366963
-0.124818 0.0449219
-0.117384 0.0332031
-0.124405 0.0488281
-0.0996094 0.0300575
-0.0957031 0.0345809
-0.0957031 0.0345809
-0.0800781 0.0002396
-0.0878906 0.0318971
-0.0786941 0.0230648
-0.0839844 0.0313417
-0.0798531 0.0253906
-0.0800781 0.0328813
-0.0761719 0.00288919
-0.0722656 0.00341599
-0.0722656 0.00341599
-0.0691511 0.00195312
-0.067713 0.00762391
-0.0644531 0.00395416
-0.0644531 0.00395416
-0.0675747 0.0084325
-0.0644531 0.0105648
-0.0761719 0.0229459
-0.0761719 0.0264059
-0.0761719 0.0264059
-0.0722656 0.0264728
-0.0722656 0.0264728
-0.0683594 0.0309267
-0.0917969 0.03568
-0.0917969 0.03568
-0.0878906 0.0318971
-0.0896635 0.0353248
-0.0839844 0.0313417
-0.0800781 0.0328813
-0.0796293 0.0356712
-0.0758205 0.0332031
-0.0766562 0.0358991
-0.0683594 0.0309267
-0.0644531 0.0326029
-0.0605469 0.000864827
-0.0619858 0.00768453
-0.0566406 0.00252552
-0.0578111 0.00574869
-0.0603622 0.0085321
-0.0605469 0.0129369
-0.0566406 0.0106639
-0.0573895 0.0146067
-0.0541106 0.0017697
-0.0539448 0.0053989
-0.0527344 0.0129145
-0.0494235 0.0148352
-0.0554184 0.0160713
-0.052863 0.0179735
-0.050891 0.0196184
-0.046875 0.015625
-0.0488281 0.0212244
-0.0449219 -0.000462953
-0.0410156 0.00194558
-0.0371094 0.0044637
-0.0371094 0.0044637
-0.0332031 0.00671402
-0.0332031 0.00671402
-0.0456728 0.0175781
-0.0456213 0.02098
-0.0449219 0.0323371
-0.0410156 0.031372
-0.0605469 0.0327365
-0.0566406 0.0322838
-0.0527344 0.0324472
-0.0488281 0.0328968
-0.0449219 0.0323371
-0.0410156 0.031372
-0.0371094 0.0325179
-0.0332031 0.0343358
-0.0292969 0.00881906
-0.0253906 0.0110813
-0.0253906 0.0110813
-0.0214844 0.0127812
-0.0214844 0.0127812
-0.0200907 0.0136719
-0.0201604 0.0216818
-0.016127 0.0175781
-0.0175781 0.0222461
-0.0198646 0.0241058
-0.0175781 0.0222461
-0.0161267 0.0275909
-0.0142522 0.00195312
-0.0133827 0.00585938
-0.00976562 -0.00181441
-0.0105104 0.00976562
-0.0105104 0.00976562
-0.00807307 0.0119574
-0.00585938 0.00496016
-0.00585938 0.00496016
-0.00471535 0.00585938
-0.0058014 0.0136719
0.00129752 0.00976562
-0.00195312 0.0139843
-0.0144629 0.018865
-0.0128167 0.0214844
-0.00880029 0.0190508
-0.0114275 0.0197368
-0.0136719 0.0259053
-0.0136719 0.0259053
-0.0112936 0.0245039
-0.0047601 0.019118
-0.00585938 0.0202546
-0.00195312 0.0139843
-0.00195312 0.0222654
-0.0292969 0.0355333
-0.0292969 0.0355333
-0.0253906 0.0365251
-0.0214844 0.0378951
-0.0175781 0.0396764
-0.0214844 0.0378951
-0.0175781 0.0396764
-0.0136719 0.0417413
-0.0136719 0.0417413
-0.00976562 0.0435735
-0.00976562 0.0435735
-0.00585938 0.0450322
-0.00195312 0.0460511
0.00294375 -0.051435
0.000751935 -0.0488281
0.00585938 -0.0521813
0.00976562 -0.0513476
0.0112573 -0.050648
0.0120852 -0.0507974
0.0129203 -0.050604
0.00195312 -0.0433367
0.00195312 -0.0433367
0.00585938 -0.0432664
0.00430154 -0.0428416
0.00195312 -0.0377479
0.00552248 -0.0361606
0.00780879 -0.035154
0.00976562 -0.0444436
0.0135179 -0.0441063
0.0154621 -0.042703
0.00976562 -0.0330003
0.0151236 -0.0371094
0.0145922 -0.0332031
0.0175781 -0.050994
0.0214844 -0.0514898
0.0253906 -0.0519192
0.0292969 -0.0522392
0.015625 -0.0429688
0.0161221 -0.0409204
0.0228007 -0.0437861
0.0222809 -0.0410156
0.0151236 -0.0371094
0.0253906 -0.0455472
0.0292969 -0.0459092
0.0253906 -0.0383254
0.0292969 -0.0379372
4.33681e-19 -0.0273438
-0.00186319 -0.0214844
0.00585938 -0.0214844
0.0123648 -0.0292969
0.0127486 -0.0253906
0.0146024 -0.0223857
0.0151665 -0.012146
0.0142935 -0.00976562
0.0172942 -0.00585938
0.0145941 -0.000992928
0.0175781 -0.0300302
0.0201016 -0.0279044
0.0222977 -0.0253906
0.0175781 -0.0204255
0.0193965 -0.0194993
0.0213451 -0.0215284
0.0234375 -0.0234375
0.0292969 -0.0138096
0.0175781 -0.0128241
0.0214693 -0.0119715
0.0214844 -0.00704031
0.0172942 -0.00585938
0.0183844 -0.000510048
0.0214844 -0.00704031
0.0195876 -0.0038391
0.0275564 -0.0136719
0.0253906 -0.00607335
0.0292969 -0.0138096
0.0253906 -0.00607335
0.023831 -0.00381415
0.0291778 -0.00360291
0.0332031 -0.0521697
0.0371094 -0.0520345
0.0371094 -0.0469251
0.0410156 -0.0523919
0.0449219 -0.0527898
0.0332031 -0.0459628
0.0371094 -0.0466614
0.0332031 -0.0380044
0.0371094 -0.0377051
0.0410156 -0.0461555
0.043634 -0.0440169
0.0440212 -0.0410156
0.0410156 -0.0383611
0.0488281 -0.0527883
0.0527344 -0.0526272
0.0566406 -0.0525179
0.0605469 -0.0524305
0.0623764 -0.0432891
0.0623107 -0.0424158
0.0332031 -0.0171061
0.0371094 -0.0201507
0.0371094 -0.0201507
0.0410156 -0.0227799
0.0449219 -0.024846
0.0410156 -0.0227799
0.0449219 -0.0149202
0.0332031 -0.0171061
0.0332031 -0.00312506
0.0371094 -0.00242456
0.0434607 -0.0136719
0.0412481 -0.00976562
0.0449219 -0.0149202
0.0410156 -0.00396913
0.0410156 -0.00396913
0.0445853 -0.00512602
0.0449219 -0.00109238
0.0488281 -0.0254857
0.0494683 -0.0253906
0.0488281 -0.0176341
0.0527344 -0.0206924
0.0513722 -0.0192571
0.0583246 -0.0274195
0.056273 -0.026733
0.0605469 -0.0277803
0.0585938 -0.0273437
0.0566406 -0.0211556
0.0605469 -0.0211195
0.049064 -0.00427772
0.046922 -0.000404821
0.0527344 -0.00551339
0.0566406 -0.00818869
0.0605469 -0.00993183
0.0566406 -0.00818869
0.0605469 0.0012409
0.0644531 -0.0523408
0.0683594 -0.052274
0.0683594 -0.0469284
0.0722656 -0.052155
0.0761719 -0.0519242
0.0639702 -0.0452124
0.0637286 -0.0405661
0.0683594 -0.0448793
0.0683594 -0.0448793
0.0722656 -0.0454686
0.0722656 -0.0399227
0.0761719 -0.0446657
0.0747455 -0.0397334
0.0767787 -0.0382743
0.0800781 -0.0516345
0.0839844 -0.0513231
0.0878906 -0.0509702
0.0878906 -0.0509702
0.0917969 -0.0505723
0.0917969 -0.0505723
0.0797315 -0.0437761
0.0817307 -0.0428416
0.0835934 -0.0409328
0.0795407 -0.0362233
0.0809982 -0.0340216
0.0839844 -0.0347425
0.0839844 -0.0347425
0.0898438 -0.0390625
0.0860281 -0.0355198
0.0865305 -0.0332828
0.0644531 -0.0279765
0.0683594 -0.0278916
0.0644531 -0.0214138
0.0683594 -0.0213483
0.0722656 -0.0276066
0.074254 -0.0273459
0.0761719 -0.0270945
0.0722656 -0.0209242
0.0761719 -0.020314
0.0644531 -0.0105127
0.0683594 -0.0106465
0.0644531 -0.00126808
0.0683594 -0.00195414
0.0722656 -0.0103547
0.0761719 -0.00977709
0.0722656 -0.00158953
0.0757107 -0.000711515
0.0813321 -0.0276764
0.0800781 -0.0264171
0.0832777 -0.0291085
0.0841816 -0.0253906
0.0795458 -0.0197056
0.0807836 -0.0192255
0.0839844 -0.0183998
0.0859375 -0.0273438
0.0878906 -0.025067
0.0904322 -0.0236246
0.0878906 -0.0174006
0.092309 -0.0231562
0.0917969 -0.0164103
0.0800781 -0.00906525
0.0839844 -0.00829605
0.0878906 -0.00748754
0.0878906 -0.00748754
0.0917969 -0.00669148
0.0957031 -0.0501571
0.0996094 -0.0497229
0.103516 -0.0492954
0.107422 -0.0488708
0.109369 -0.0312595
0.111328 -0.0484575
0.115234 -0.0479766
0.119141 -0.0473331
0.123047 -0.0464328
0.111269 -0.0333304
0.115234 -0.0354816
0.115234 -0.0354816
0.123047 -0.0464328
0.117321 -0.0352424
0.11879 -0.0332031
0.121094 -0.03125
0.0970652 -0.0214844
0.094294 -0.0156972
0.0996094 -0.0205526
0.108771 -0.0292969
0.109135 -0.0253906
0.102026 -0.0196772
0.103816 -0.0191284
0.107422 -0.0176011
0.0992915 -0.0136719
0.0996094 -0.0136354
0.0957031 -0.00569118
0.0988434 -0.0046329
0.100666 -0.00195312
0.102359 -0.0122737
0.105043 -0.00976562
0.105043 -0.00976562
0.105362 -0.00422862
0.104769 -0.00195312
0.106423 -0.00585938
0.106178 -0.00195312
0.108771 -0.0292969
0.111328 -0.0261974
0.112324 -0.0228985
0.10773 -0.0175781
0.115234 -0.0217696
0.113281 -0.015625
0.119125 -0.0292969
0.119482 -0.0253906
0.119141 -0.0215707
0.121853 -0.0223883
0.123047 -0.0145899
0.112992 -0.0155186
0.115234 -0.0145399
0.119141 -0.0127459
0.123047 -0.0145899
0.124185 -0.00976562
0.126953 -0.0452289
0.130859 -0.0438448
0.134766 -0.0425109
0.134766 -0.0425109
0.138672 -0.0413864
0.142578 -0.040555
0.146484 -0.0398395
0.150391 -0.0388227
0.150391 -0.0388227
0.154297 -0.0369256
0.126953 -0.0222811
0.126726 -0.0166936
0.130859 -0.020324
0.129174 -0.0189426
0.136547 -0.0275165
0.135801 -0.0251787
0.138672 -0.0278061
0.138672 -0.0278061
0.135658 -0.0205391
0.132907 -0.0194584
0.137097 -0.0220212
0.140436 -0.0193326
0.126953 -0.0135004
0.126953 -0.0135004
0.130859 -0.0142649
0.128989 -0.00585938
0.128989 -0.00585938
0.130859 -0.00370111
0.133562 -0.0123037
0.136659 -0.00976562
0.136659 -0.00976562
0.13309 -0.000446822
0.139574 -0.00585938
0.140318 -0.00195312
0.141096 -0.0276247
0.142578 -0.0215114
0.144581 -0.0235739
0.142578 -0.0215114
0.141161 -0.0174606
0.144781 -0.0226162
0.145618 -0.0136719
0.146484 -0.0130605
0.150391 -0.011379
0.150391 -0.011379
0.154297 -0.00907861
0.158203 -0.0341272
0.158203 -0.0341272
0.162109 -0.0306835
0.166016 -0.0305395
0.171188 -0.035303
0.169922 -0.0293894
0.17204 -0.0351797
0.173828 -0.032813
0.177734 -0.0321569
0.181641 -0.0333923
0.181641 -0.0333923
0.185547 -0.0339062
0.185547 -0.0339062
0.162109 -0.0306835
0.166016 -0.0305395
0.169922 -0.0293894
0.171023 -0.0236287
0.169301 -0.0214844
0.170713 -0.017798
0.158203 -0.00699495
0.158203 -0.00699495
0.162109 -0.00463109
0.162109 -0.00463109
0.166016 -0.0020651
0.169922 0.000386498
0.173828 -0.032813
0.177734 -0.0321569
0.173828 -0.0220259
0.172407 -0.0159245
0.17598 -0.0197339
0.178105 -0.0175781
0.180203 -0.0159695
0.174436 -0.0148928
0.177734 -0.0132767
0.177871 -0.0052975
0.178788 -0.00195312
0.182202 -0.0136719
0.182621 -0.0113556
0.185547 -0.0129767
0.185228 -0.00950078
0.181896 -0.0041176
0.181641 -0.0029506
0.185509 -0.000685972
0.189453 -0.0321919
0.200465 -0.0332031
0.200465 -0.0332031
0.205078 -0.0353239
0.205078 -0.0353239
0.208984 -0.035397
0.212891 -0.0357598
0.216797 -0.0356809
0.189453 -0.0321919
0.192776 -0.0292969
0.193359 -0.0282441
0.197266 -0.0238074
0.201136 -0.0292969
0.201172 -0.0288259
0.197266 -0.0238074
0.200005 -0.0230817
0.189453 -0.0109154
0.192617 -0.00847381
0.189992 -0.00654869
0.189453 0.00132428
0.191918 -0.00743606
0.194017 -0.00195312
0.197266 -0.00420678
0.197266 -0.00420678
0.201172 -0.0029434
0.203138 -0.0272844
0.205078 -0.000338101
0.220703 -0.0338465
0.221404 -0.0332031
0.241182 -0.0362489
0.239939 -0.0332031
0.244141 -0.0377708
0.244141 -0.0300783
0.248047 -0.0370952
0.224386 -0.0292969
0.221883 -0.0175781
0.225342 -0.0214844
0.221883 -0.0175781
0.22692 -0.0253906
0.225342 -0.0214844
0.223461 -0.0136719
0.223461 -0.0136719
0.227677 -0.00976562
0.228516 -0.00899958
0.228516 -0.00899958
0.232422 -0.0043787
0.232422 -0.0043787
0.241383 -0.0292969
0.240234 -0.0250051
0.236604 -0.0212529
0.238038 -0.0175781
0.240234 -0.0250051
0.238038 -0.0175781
0.241383 -0.0292969
0.244761 -0.0255013
0.246202 -0.023581
0.246048 -0.0195636
0.244141 -0.0184388
0.247608 -0.0214844
0.247017 -0.0187277
0.237772 -0.0136719
0.238 -0.00976562
0.237742 -0.00529
0.235776 -0.000523614
0.240234 0.000114608
0.252888 -0.051559
0.250569 -0.0488281
0.255859 -0.0528402
0.259766 -0.0525697
0.263672 -0.0512055
0.263672 -0.0512055
0.253246 -0.0449219
0.253246 -0.0449219
0.257563 -0.0428616
0.251953 -0.0355111
0.251953 -0.0355111
0.253906 -0.0351563
0.255859 -0.0342967
0.259766 -0.0420397
0.262387 -0.0398145
0.259766 -0.0344042
0.262627 -0.0371094
0.262247 -0.0347256
0.265625 -0.0507813
0.267421 -0.048482
0.272909 -0.0511532
0.271585 -0.0488281
0.275391 -0.0527654
0.273438 -0.0507812
0.279297 -0.0529833
0.268275 -0.0449219
0.267759 -0.0410156
0.271484 -0.0465741
0.269531 -0.0390625
0.269305 -0.0389412
0.267578 -0.0318034
0.271484 -0.0381942
0.269758 -0.0313923
0.275391 -0.0445093
0.279297 -0.0446493
0.275391 -0.0374346
0.273438 -0.0351562
0.279297 -0.0382317
0.253677 -0.0237917
0.255622 -0.0260746
0.253751 -0.0230865
0.255275 -0.0208414
0.257046 -0.0192784
0.259766 -0.0253777
0.264742 -0.028822
0.265137 -0.0256362
0.260255 -0.0212977
0.258141 -0.0194035
0.262148 -0.0233301
0.265391 -0.0118959
0.26384 -0.00976562
0.265123 -0.00585938
0.265541 -0.00100099
0.266163 -0.0308731
0.266136 -0.0241379
0.271832 -0.0297462
0.267879 -0.022386
0.271484 -0.0219206
0.273552 -0.0275335
0.274265 -0.0253906
0.277344 -0.0234375
0.27373 -0.0230672
0.279297 -0.0158562
0.267578 -0.0125991
0.267578 -0.00700114
0.271484 -0.0126072
0.267578 -0.00700114
0.268828 -0.00316135
0.271484 -0.00288292
0.275391 -0.0136968
0.279297 -0.0158562
0.275391 -0.00267051
0.279297 -0.00285863
0.283203 -0.0520007
0.287109 -0.0519775
0.285238 -0.0470031
0.291016 -0.0526698
0.294922 -0.0529129
0.283203 -0.0462687
0.288298 -0.0465264
0.283203 -0.0373496
0.287109 -0.0374214
0.290402 -0.0445969
0.29159 -0.0410156
0.292969 -0.0429688
0.289618 -0.0386165
0.298828 -0.0527445
0.302734 -0.0526331
0.306641 -0.0525095
0.310547 -0.052233
0.311372 -0.0480351
0.307665 -0.0449219
0.307899 -0.0418433
0.310547 -0.0442857
0.310547 -0.0442857
0.312461 -0.0390531
0.283203 -0.0181437
0.287109 -0.0206249
0.287109 -0.0206249
0.291016 -0.0228953
0.294922 -0.0247189
0.291016 -0.0228953
0.294922 -0.0149517
0.283203 -0.00276479
0.287109 -0.00217721
0.293359 -0.0136719
0.290945 -0.00976562
0.294922 -0.0149517
0.291016 -0.0043805
0.291016 -0.0043805
0.294454 -0.00490511
0.294922 -0.00110296
0.298828 -0.0252884
0.300226 -0.0253906
0.298828 -0.0175698
0.302734 -0.020674
0.298888 -0.0175781
0.306498 -0.0266028
0.310547 -0.0275508
0.306641 -0.0211007
0.310547 -0.0208767
0.298828 -0.0175698
0.299136 -0.00430391
0.296893 -0.000320632
0.302734 -0.00545098
0.306641 -0.00775866
0.310547 -0.00970066
0.306641 -0.00775866
0.310547 0.00139641
0.314453 -0.0523589
0.314453 -0.0466974
0.318359 -0.0524851
0.322266 -0.0520792
0.326172 -0.0517256
0.314453 -0.0466974
0.315643 -0.0410156
0.316754 -0.0432862
0.315643 -0.0410156
0.322849 -0.044501
0.321728 -0.0410156
0.326172 -0.0460427
0.324203 -0.0390505
0.326172 -0.0376998
0.330078 -0.0515722
0.333984 -0.0513706
0.337891 -0.0509663
0.337891 -0.0509663
0.341797 -0.0505139
0.329968 -0.0443897
0.332964 -0.0410156
0.332964 -0.0410156
0.329881 -0.0356642
0.331062 -0.034369
0.334819 -0.0371094
0.333984 -0.0328031
0.337301 -0.0332031
0.314453 -0.0276724
0.318359 -0.0275253
0.316641 -0.0273395
0.314453 -0.0210833
0.318359 -0.0209825
0.320771 -0.0273945
0.322266 -0.0272404
0.326172 -0.026661
0.322266 -0.0205212
0.326172 -0.019886
0.327781 -0.0194611
0.314453 -0.0105219
0.318359 -0.0110778
0.314453 -0.00113689
0.318359 -0.00227224
0.322266 -0.0113394
0.326172 -0.0113286
0.322266 -0.00209386
0.325689 -0.00112389
0.330078 -0.0258803
0.333984 -0.0328031
0.332215 -0.0253906
0.330078 -0.0189265
0.333984 -0.0180603
0.337891 -0.0258133
0.337891 -0.0258133
0.339844 -0.03125
0.339863 -0.0234443
0.337891 -0.0172548
0.341837 -0.0230334
0.341797 -0.0164483
0.330078 -0.0110237
0.333984 -0.0103642
0.337891 -0.00920363
0.341797 -0.00729364
0.341797 -0.00729364
0.345703 -0.0501326
0.349609 -0.0497679
0.353516 -0.049375
0.357422 -0.0489514
0.358932 -0.0318418
0.361328 -0.0484146
0.365234 -0.0477236
0.369141 -0.0468462
0.361328 -0.0341548
0.361328 -0.0341548
0.365234 -0.0355315
0.365234 -0.0355315
0.369141 -0.0468462
0.373047 -0.0458265
0.368346 -0.0330907
0.346473 -0.0214844
0.344243 -0.0157384
0.349609 -0.0204104
0.35768 -0.0292969
0.358439 -0.0253906
0.351875 -0.0196127
0.357064 -0.0175781
0.357422 -0.0173366
0.348847 -0.0136719
0.349609 -0.0133536
0.343538 -0.00585938
0.345491 -0.00195312
0.351888 -0.0119727
0.354347 -0.00976562
0.354347 -0.00976562
0.357621 -0.00585938
0.360062 -0.00195312
0.358439 -0.0253906
0.362093 -0.0229422
0.360879 -0.0160674
0.365234 -0.0218971
0.368612 -0.0292969
0.36927 -0.0253906
0.36927 -0.0253906
0.369141 -0.022153
0.371796 -0.0221003
0.373047 -0.014475
0.36251 -0.0153087
0.365234 -0.014072
0.360062 -0.00195312
0.369141 -0.0124012
0.369141 -0.0124012
0.373047 -0.014475
0.374256 -0.00976562
0.376953 -0.0447736
0.380859 -0.043889
0.384766 -0.0432184
0.384766 -0.0432184
0.388672 -0.042629
0.392578 -0.0418347
0.396484 -0.0404865
0.400391 -0.0385021
0.400391 -0.0385021
0.404297 -0.0363154
0.404297 -0.0363154
0.376953 -0.0224254
0.37517 -0.0175781
0.380859 -0.0203273
0.378907 -0.0195297
0.386249 -0.0277729
0.384766 -0.0219299
0.388672 -0.0280472
0.388672 -0.0280472
0.384766 -0.0219299
0.388672 -0.019561
0.39046 -0.0175781
0.376953 -0.014234
0.374256 -0.00976562
0.380859 -0.0139293
0.379458 -0.00585938
0.379458 -0.00585938
0.381827 -0.00195312
0.384766 -0.0108133
0.384766 -0.0108133
0.385872 -0.00976562
0.389024 -0.00585938
0.390404 -0.00195312
0.390995 -0.0275904
0.393146 -0.0253906
0.392578 -0.02014
0.39046 -0.0175781
0.394575 -0.0233065
0.395449 -0.0136719
0.396484 -0.0130159
0.400391 -0.0112893
0.400391 -0.0112893
0.404297 -0.00898722
0.408203 -0.0356956
0.408203 -0.0356956
0.412109 -0.0369164
0.412109 -0.0369164
0.416016 -0.0360149
0.416016 -0.0360149
0.419039 -0.0325752
0.425747 -0.0312603
0.427734 -0.0322424
0.431641 -0.0329274
0.435547 -0.0331575
0.419922 -0.028443
0.419922 -0.028443
0.421723 -0.0191139
0.408203 -0.00691381
0.408203 -0.00691381
0.412109 -0.00460387
0.412109 -0.00460387
0.416016 -0.00209453
0.419922 0.000294136
0.424207 -0.0292904
0.425631 -0.0243711
0.425976 -0.025247
0.423828 -0.0184148
0.423828 -0.0184148
0.426158 -0.0202763
0.42865 -0.0184369
0.43098 -0.0164743
0.425098 -0.0150973
0.427734 -0.0133129
0.428704 -0.00551638
0.429221 -0.00195312
0.433296 -0.0136719
0.431906 -0.0108198
0.435547 -0.0134908
0.435483 -0.00866657
0.432208 -0.00489042
0.431154 -0.00271337
0.437092 -0.00770197
0.435547 -0.000414103
0.439453 -0.0323675
0.443359 -0.0300132
0.449056 -0.0314314
0.452623 -0.0354523
0.45028 -0.0335169
0.455078 -0.0358711
0.458984 -0.0354763
0.462891 -0.0354821
0.466797 -0.0353398
0.466797 -0.0353398
0.443359 -0.0300132
0.447266 -0.0262494
0.447266 -0.0262494
0.451172 -0.0265511
0.451172 -0.0265511
0.448984 -0.0231569
0.451172 -0.021605
0.437809 -0.0119013
0.439699 -0.0108589
0.442981 -0.00865812
0.439453 -0.00613797
0.440694 -0.000161087
0.441672 -0.00752086
0.444422 -0.00207807
0.447266 -0.00358129
0.447266 -0.00358129
0.451172 -0.00316091
0.451172 -0.00316091
0.45566 -0.0253906
0.457031 -0.0234375
0.455078 -0.021489
0.457067 -0.0233464
0.455078 -0.000465634
0.470703 -0.0335944
0.470703 -0.0335944
0.471134 -0.0332031
0.491984 -0.0354953
0.491677 -0.0332031
0.494141 -0.037309
0.498047 -0.0384141
0.474862 -0.0292969
0.476625 -0.0214844
0.473857 -0.0175781
0.477449 -0.0253906
0.476625 -0.0214844
0.474154 -0.0136719
0.477283 -0.00976562
0.477283 -0.00976562
0.480631 -0.00585938
0.480631 -0.00585938
0.483567 -0.00195312
0.487179 -0.0240752
0.490234 -0.0240018
0.486046 -0.0214844
0.48865 -0.0175781
0.493849 -0.0214844
0.48865 -0.0175781
0.493558 -0.0292969
0.496558 -0.0253906
0.496558 -0.0253906
0.493849 -0.0214844
0.494791 -0.0189113
0.499807 -0.0199263
0.498047 -0.0184659
0.489049 -0.0136719
0.489626 -0.00976562
0.489042 -0.00585938
0.488886 -0.00195312
0.00195312 0.0101435
0.00585938 0.0123151
0.00585938 0.0123151
0.0126798 0.00157738
0.0139478 0.00585938
0.00976562 0.0140934
0.012568 0.0153424
0.00123823 0.0186468
0.00301594 0.0218857
0.00585938 0.0218079
0.0048453 0.0253906
0.00390625 0.03125
0.0048453 0.0253906
0.00462457 0.0292969
0.00976562 0.0221945
0.0142191 0.0160133
0.0136719 0.0234955
0.0117187 0.03125
0.0154235 0.0253906
0.0150092 0.0299537
0.0175781 0.00317789
0.0175781 0.00317789
0.0214844 0.000613076
0.0181574 0.00852821
0.0214844 0.00979382
0.0253906 0.00174742
0.0292969 0.00308736
0.0214883 0.00976562
0.0271051 0.0117795
0.0292969 0.0125171
0.0175781 0.0171967
0.0214844 0.0187981
0.0214844 0.0187981
0.0154235 0.0253906
0.0159491 0.0281782
0.0234375 0.0195312
0.0286616 0.0214844
0.0292969 0.0217139
0.00369517 0.0317836
0.00519513 0.0337958
0.00714708 0.0354428
0.00195312 0.0467394
0.00976562 0.0346725
0.00976562 0.0346725
0.0128865 0.0323718
0.00195312 0.0467394
0.00585938 0.0472463
0.00976562 0.0477179
0.0136719 0.0482193
0.0175781 0.0487471
0.0214844 0.0492718
0.0253906 0.0497346
0.0292969 0.0501469
0.0314378 0.00385211
0.0365004 0.00585938
0.0371094 0.00604417
0.0332031 0.0141407
0.0371094 0.0158912
0.0410156 0.00780737
0.0410156 0.00780737
0.0449219 0.00911851
0.0332031 0.0231187
0.0371094 0.0158912
0.0332031 0.0231187
0.0371094 0.0242332
0.0410156 0.0175823
0.0410171 0.0175781
0.0464431 0.0197372
0.0410156 0.0252037
0.0434674 0.0253906
0.0488979 0.000635301
0.0527344 0.00154304
0.0488281 0.0101459
0.0527344 0.0108525
0.0566406 0.00188267
0.0605469 0.0012409
0.0566406 0.0111443
0.0605469 0.0109093
0.0488281 0.0208072
0.0527344 0.0217544
0.0488281 0.0262386
0.0526017 0.0265175
0.0544715 0.0274126
0.0566406 0.0213868
0.0605469 0.0210812
0.0566406 0.0287295
0.0605469 0.0306706
0.0390625 0.0429688
0.0422448 0.0384335
0.0449219 0.037482
0.0412919 0.0410156
0.0425023 0.0433743
0.0412919 0.0410156
0.0449219 0.0445509
0.0332031 0.0505458
0.0332031 0.0505458
0.0371094 0.0509446
0.0371094 0.0509446
0.0410156 0.0512722
0.0449219 0.0515689
0.0488281 0.0384524
0.0534396 0.0388192
0.0493586 0.0393714
0.0488281 0.0449618
0.0518012 0.0394675
0.0527344 0.0453209
0.0566406 0.0371541
0.0605469 0.0330789
0.0605469 0.0394607
0.0566406 0.0459221
0.0626326 0.0410156
0.0603904 0.0445158
0.0488281 0.0518827
0.0527344 0.0521508
0.0566406 0.0523361
0.0605469 0.0524797
0.0630504 0.000218878
0.0644531 0.00585938
0.0683594 0.00870797
0.0644531 0.0102071
0.0683594 0.00870797
0.0722656 0.00596402
0.0778962 0.000580117
0.0761719 0.00491939
0.0644531 0.02135
0.0683594 0.0219908
0.0664062 0.0273437
0.0644531 0.0291938
0.0684739 0.0256765
0.0664856 0.0273936
0.073573 0.019212
0.0715224 0.0207993
0.0761719 0.0181284
0.0747272 0.0253906
0.0761719 0.0259619
0.0800781 0.00213627
0.0801155 0.00516082
0.0839844 0.003014
0.0839844 0.00647283
0.0800781 0.0163529
0.0841623 0.00976562
0.0831311 0.0136719
0.0878906 0.00333288
0.0917969 0.00346192
0.0800781 0.0163529
0.0839844 0.023135
0.0800781 0.0252025
0.0839844 0.023135
0.0878906 0.0210678
0.0878906 0.0210678
0.0917969 0.0186044
0.0917969 0.0186044
0.0628881 0.0318694
0.0626326 0.0410156
0.0644531 0.0525972
0.0683594 0.052684
0.0722656 0.0527986
0.0761719 0.0529263
0.0817763 0.0388877
0.0839844 0.0380499
0.0796592 0.0410156
0.0806653 0.0446685
0.0839844 0.0466133
0.0878906 0.0379686
0.0917969 0.0382304
0.0878906 0.0464642
0.09375 0.0390625
0.0917969 0.0459331
0.0800781 0.0528462
0.0839844 0.0525297
0.0860818 0.0468925
0.0878906 0.0523789
0.0917969 0.0523993
0.0957031 0.00295593
0.0994407 0.00153122
0.0957031 0.0158469
0.0996094 0.0136107
0.107669 0.00195312
0.110084 0.00585938
0.103516 0.0128478
0.109826 0.00976562
0.106802 0.0124753
0.0957031 0.0158469
0.104196 0.0222396
0.107422 0.0214488
0.103235 0.0253906
0.105005 0.0278564
0.107422 0.0300236
0.110084 0.00585938
0.109826 0.00976562
0.109948 0.0227931
0.11713 0.0194383
0.110929 0.0253906
0.111328 0.0292554
0.119141 0.0181223
0.117337 0.0215648
0.122803 0.0184007
0.123937 0.0214844
0.119324 0.0244726
0.123047 0.0246586
0.0957031 0.0380447
0.0988016 0.0383804
0.0957031 0.046179
0.101142 0.0398226
0.0997322 0.0452902
0.10936 0.0371094
0.101926 0.0415108
0.101885 0.0434582
0.108545 0.0410156
0.109327 0.0430394
0.0957031 0.0521572
0.0996094 0.0519558
0.103516 0.0520844
0.107422 0.0507698
0.107422 0.0507698
0.111077 0.0326222
0.10936 0.0371094
0.115234 0.0333806
0.111328 0.0448211
0.117187 0.0429687
0.115234 0.0450744
0.117233 0.0351322
0.119267 0.0361884
0.123047 0.037475
0.120357 0.0425655
0.118332 0.043334
0.122009 0.0422862
0.123047 0.0460076
0.111776 0.0500388
0.110302 0.0509629
0.114835 0.0500162
0.116477 0.0509356
0.119141 0.0519933
0.125628 0.0488281
0.122891 0.0518041
0.134766 0.00315421
0.135893 0.00585938
0.140455 0.00185393
0.137141 0.00976562
0.137141 0.00976562
0.138772 0.0136719
0.123937 0.0214844
0.132101 0.0192059
0.130279 0.0214844
0.131151 0.0253906
0.134766 0.0198617
0.134766 0.0198617
0.139179 0.0175781
0.137752 0.0200914
0.133707 0.0292969
0.142578 0.00451343
0.143678 0.00585938
0.146484 0.00855817
0.146484 0.00855817
0.147953 0.00976562
0.152112 0.0136719
0.152112 0.0136719
0.139179 0.0175781
0.149625 0.0214844
0.148258 0.0253906
0.152806 0.0175781
0.149625 0.0214844
0.152806 0.0175781
0.148258 0.0253906
0.15071 0.0292969
0.126953 0.0381005
0.130859 0.0375381
0.125578 0.0458034
0.134403 0.0332031
0.133344 0.0358059
0.125628 0.0488281
0.154297 0.0327632
0.169922 0.000386498
0.173828 0.0030256
0.177734 0.00563103
0.185338 0.00195312
0.181924 0.00769253
0.185547 0.00439685
0.185547 0.00439685
0.182302 0.00849594
0.185547 0.010649
0.175295 0.0266987
0.174855 0.0292969
0.177734 0.0254783
0.181641 0.0267232
0.184163 0.0292969
0.185547 0.0303641
0.158203 0.0347077
0.158203 0.0347077
0.162109 0.0352251
0.162109 0.0352251
0.166016 0.0355274
0.169922 0.0358552
0.175075 0.0332031
0.173828 0.0333526
0.175075 0.0332031
0.185547 0.0303641
0.189453 0.00132428
0.188037 0.00762338
0.193359 0.00261376
0.192217 0.00557552
0.190042 0.00863328
0.189453 0.0129611
0.19334 0.0106824
0.19244 0.0144783
0.195921 0.00188943
0.19607 0.00528399
0.197266 0.0128376
0.200477 0.0147768
0.194501 0.0161599
0.197094 0.0182233
0.198989 0.0196828
0.203125 0.0195312
0.201172 0.0208441
0.205078 -0.000338101
0.208984 0.00203271
0.212891 0.00451639
0.212891 0.00451639
0.216797 0.00675911
0.203838 0.0175781
0.203779 0.0203325
0.205078 0.0318245
0.208984 0.0311148
0.189453 0.032618
0.193359 0.033447
0.197266 0.033415
0.201172 0.0329365
0.205078 0.0318245
0.208984 0.0311148
0.212891 0.032508
0.216797 0.0346328
0.216797 0.0346328
0.220703 0.0088486
0.220703 0.0088486
0.224609 0.0110984
0.224609 0.0110984
0.228516 0.0127816
0.229845 0.0136719
0.229373 0.0214844
0.233485 0.0175781
0.232422 0.022938
0.229918 0.0243786
0.232422 0.022938
0.234147 0.0274215
0.235608 0.00195312
0.23677 0.00585938
0.240234 0.000114608
0.239601 0.00976562
0.239601 0.00976562
0.243788 0.0136719
0.244141 0.00404684
0.244141 0.00404684
0.246229 0.00585938
0.243788 0.0136719
0.248047 0.0124458
0.248047 0.0124458
0.235946 0.0190242
0.236328 0.0245332
0.240902 0.0188972
0.238525 0.019668
0.236328 0.0245332
0.235158 0.027684
0.238346 0.0235971
0.245421 0.0189739
0.244141 0.0202051
0.248392 0.0169265
0.248047 0.0217655
0.220703 0.0363434
0.224609 0.0372245
0.228516 0.0378167
0.232422 0.0389994
0.232422 0.0389994
0.236328 0.0409829
0.238281 0.0429688
0.240234 0.0430726
0.240234 0.0430726
0.244141 0.0447748
0.248047 0.0459797
0.251953 0.0101125
0.255859 0.0125414
0.255859 0.0125414
0.263877 0.00195312
0.263762 0.00585938
0.259766 0.0145133
0.265289 0.00807054
0.262098 0.0155226
0.251394 0.0189704
0.251115 0.0204465
0.255859 0.0207385
0.252823 0.0253906
0.252861 0.0292969
0.25879 0.0225992
0.267533 0.0175781
0.261705 0.0253906
0.260985 0.0292969
0.261705 0.0253906
0.267578 0.00157961
0.271484 0.00268011
0.267578 0.00890216
0.271484 0.0103787
0.274518 0.00354169
0.276217 0.00406568
0.279297 0.00484
0.27447 0.0114721
0.276255 0.0120214
0.279297 0.0130407
0.267578 0.0175783
0.271199 0.0189583
0.271484 0.0235505
0.268686 0.0269684
0.266525 0.0292969
0.271484 0.0235505
0.272746 0.0292969
0.273438 0.0195312
0.278374 0.0214844
0.279297 0.0217883
0.252964 0.0327443
0.253906 0.0351563
0.255859 0.0348929
0.255859 0.0348929
0.251953 0.0467828
0.259516 0.0331105
0.251953 0.0467828
0.255859 0.0473211
0.259766 0.0477769
0.263672 0.0482512
0.268093 0.0320531
0.271484 0.0322185
0.267578 0.0487632
0.271484 0.0492934
0.275391 0.0497707
0.279297 0.0502027
0.283203 0.00589995
0.287109 0.00707526
0.283203 0.0146003
0.287109 0.016152
0.291016 0.00823209
0.291016 0.00823209
0.294922 0.0091982
0.283203 0.0231748
0.287109 0.016152
0.283203 0.0231748
0.287109 0.0242812
0.291016 0.017642
0.294579 0.0189708
0.296456 0.0196361
0.291016 0.0252423
0.292968 0.0253906
0.29885 0.000655377
0.302734 0.00154853
0.298828 0.00996118
0.302734 0.0104841
0.306641 0.00189314
0.310547 0.00139641
0.306641 0.0106812
0.310547 0.0104882
0.298828 0.0203614
0.302734 0.0215238
0.298828 0.0268202
0.302734 0.0265994
0.306641 0.0216584
0.310547 0.0210423
0.305629 0.0268022
0.308404 0.0274108
0.310731 0.0291295
0.288841 0.0387291
0.288463 0.0410156
0.291016 0.0371736
0.294922 0.037085
0.291016 0.0440789
0.294922 0.0453774
0.283203 0.0506561
0.283203 0.0506561
0.287109 0.0510384
0.291016 0.0512699
0.294922 0.0515296
0.297466 0.0386828
0.299725 0.0410156
0.298828 0.0442097
0.302789 0.0419083
0.302734 0.0442795
0.307677 0.0385494
0.310547 0.0362737
0.310547 0.0362737
0.306641 0.044897
0.306641 0.044897
0.307655 0.0410156
0.310504 0.0449219
0.298828 0.0518879
0.302734 0.0521532
0.308338 0.0469857
0.306641 0.052297
0.310547 0.0524362
0.314453 -0.00113689
0.318359 0.00871269
0.314453 0.00990734
0.318359 0.00871269
0.322266 0.00641751
0.328041 0.00195312
0.326054 0.00540759
0.322266 0.00641751
0.314453 0.0206945
0.318359 0.0208277
0.316406 0.0273437
0.315225 0.0309598
0.31949 0.0263175
0.317332 0.0288742
0.325976 0.0175781
0.321925 0.0203122
0.326172 0.0175681
0.325784 0.0253906
0.326172 0.0254567
0.328041 0.00195312
0.328137 0.0039273
0.333984 0.00791522
0.331164 0.0136719
0.333054 0.00976562
0.331164 0.0136719
0.337891 0.00381264
0.337891 0.00381264
0.341797 0.00252768
0.341797 0.00252768
0.330078 0.0147719
0.333984 0.0237266
0.330078 0.0251475
0.333984 0.0237266
0.337891 0.0216752
0.341797 0.0193833
0.341797 0.0193833
0.31466 0.0346879
0.312606 0.035289
0.31741 0.0330133
0.314453 0.0525821
0.318359 0.0526798
0.322266 0.0527712
0.326172 0.0529385
0.331828 0.0389266
0.333984 0.038138
0.329687 0.0410156
0.330639 0.0447085
0.333106 0.046298
0.337891 0.0379083
0.341797 0.0379316
0.337891 0.046836
0.341797 0.0466591
0.330078 0.053026
0.335937 0.046875
0.333984 0.0526236
0.339631 0.0469215
0.337891 0.0519293
0.340279 0.0469908
0.341797 0.051785
0.342382 0.00195312
0.351481 0.00774638
0.347693 0.0136719
0.349889 0.00976562
0.347693 0.0136719
0.353516 0.00678391
0.357422 0.00665449
0.353516 0.00678391
0.345703 0.0162451
0.355071 0.0226144
0.359375 0.0195312
0.35711 0.0207936
0.355599 0.0253906
0.355599 0.0253906
0.358353 0.0282751
0.361747 0.00195312
0.35815 0.00585938
0.361328 0.0210418
0.361328 0.0210418
0.363458 0.0231311
0.361328 0.0296959
0.363833 0.0253906
0.365234 0.0321055
0.374984 0.0233917
0.345703 0.0381693
0.347759 0.0389902
0.347656 0.0390625
0.346177 0.0459786
0.34976 0.0410156
0.348751 0.0443664
0.355469 0.0390625
0.358648 0.0380604
0.355469 0.0429687
0.356647 0.0410156
0.357422 0.0474883
0.345703 0.0521858
0.349609 0.0525493
0.353516 0.0524955
0.357422 0.0474883
0.357021 0.0515234
0.362098 0.0335642
0.360306 0.0361068
0.365234 0.0321055
0.361328 0.0460927
0.366973 0.0428632
0.364875 0.0442348
0.368159 0.0345547
0.37006 0.0358823
0.373047 0.037521
0.369228 0.0421373
0.372202 0.0420485
0.37487 0.0449219
0.361328 0.0487594
0.364446 0.0496297
0.366503 0.051088
0.369141 0.0522592
0.375554 0.0488281
0.372832 0.0518428
0.382529 0.000942947
0.382951 0.00339904
0.384177 0.00585938
0.390625 8.0231e-18
0.384766 0.00669267
0.387337 0.0102923
0.388656 0.0136719
0.378863 0.019509
0.377212 0.0214844
0.380859 0.0196832
0.380859 0.0196832
0.376911 0.0253906
0.381014 0.0292969
0.384766 0.018644
0.386386 0.0175781
0.392578 0.00567363
0.39246 0.00585938
0.394015 0.00860035
0.396484 0.0117985
0.398186 0.0136719
0.398186 0.0136719
0.394509 0.0233635
0.396672 0.0214844
0.396221 0.0253906
0.400016 0.0292969
0.399848 0.0175781
0.400016 0.0292969
0.376953 0.0384503
0.380859 0.0373703
0.37487 0.0449219
0.383232 0.0332031
0.383032 0.0355422
0.375554 0.0488281
0.400391 0.0297211
0.404297 0.0342815
0.404297 0.0342815
0.419922 0.000294136
0.412109 0.0319901
0.421263 0.0229292
0.416016 0.0304933
0.420391 0.0253906
0.419922 0.0322898
0.423828 0.00288729
0.427734 0.00542841
0.431933 0.00195312
0.43107 0.00756028
0.437021 0.00195312
0.435844 0.00557982
0.432495 0.00842079
0.435547 0.0105034
0.423828 0.0225252
0.426283 0.0230814
0.423828 0.0288185
0.423828 0.0288185
0.427734 0.0255798
0.427734 0.0255798
0.431641 0.0301949
0.408203 0.0363178
0.408203 0.0363178
0.412109 0.0319901
0.410673 0.0357378
0.416016 0.0304933
0.419922 0.0322898
0.421035 0.0357251
0.425327 0.0342193
0.423828 0.0363359
0.426217 0.0322407
0.426069 0.0355767
0.431641 0.0301949
0.435547 0.0323824
0.437021 0.00195312
0.437911 0.00759621
0.443359 0.00292808
0.442813 0.00449621
0.440473 0.00876277
0.439453 0.0128572
0.44323 0.0107348
0.442879 0.014615
0.446615 0.00195312
0.446631 0.00524848
0.447266 0.0129317
0.450662 0.0148311
0.444707 0.0159889
0.447196 0.0178269
0.449209 0.0195394
0.453125 0.015625
0.451172 0.0212229
0.455078 -0.000465634
0.458984 0.00199958
0.462891 0.00454758
0.462891 0.00454758
0.466797 0.00683541
0.466797 0.00683541
0.454485 0.0175781
0.454573 0.0211242
0.455078 0.0321275
0.458984 0.0310921
0.462891 0.0324078
0.439453 0.0331714
0.443359 0.0329393
0.447266 0.0328298
0.451172 0.0328978
0.455078 0.0321275
0.458984 0.0310921
0.462891 0.0324078
0.466797 0.0345073
0.466797 0.0345073
0.470703 0.00891667
0.474609 0.0111887
0.474609 0.0111887
0.478516 0.0128326
0.478516 0.0128326
0.479754 0.0136719
0.479891 0.0215879
0.483535 0.0175781
0.482422 0.0226947
0.480139 0.0240881
0.482422 0.0226947
0.483942 0.0275401
0.486328 0.00352243
0.487338 0.00585938
0.490507 0.00187096
0.490091 0.00976562
0.492072 0.0118401
0.494141 0.00499459
0.494141 0.00499459
0.49531 0.00585938
0.494261 0.0136719
0.498047 0.0131143
0.498047 0.0131143
0.485242 0.0191422
0.487223 0.0214844
0.4912 0.0190274
0.488729 0.019843
0.486328 0.02586
0.486328 0.02586
0.488616 0.0242278
0.495377 0.0190794
0.494141 0.0202542
0.498944 0.0169738
0.498047 0.021644
0.470703 0.0359895
0.474609 0.0370018
0.478516 0.0380011
0.482422 0.0393737
0.482422 0.0393737
0.486328 0.0412502
0.490234 0.0431744
0.490234 0.0431744
0.494141 0.044794
0.498047 0.0459633
