-0.498047 -0.0497446
-0.494141 -0.0508261
-0.494141 -0.0508261
-0.490234 -0.051502
-0.486328 -0.0496018
-0.486328 -0.0496018
-0.497671 -0.0404131
-0.494141 -0.0408047
-0.49929 -0.0371094
-0.49704 -0.0342523
-0.494141 -0.0319002
-0.488635 -0.0410156
-0.485248 -0.0442734
-0.488635 -0.0410156
-0.488601 -0.0371094
-0.490234 -0.0320902
-0.488601 -0.0371094
-0.482422 -0.0523013
-0.483454 -0.050165
-0.478516 -0.0533467
-0.474609 -0.0541515
-0.470703 -0.0531975
-0.468824 -0.0474227
-0.482422 -0.0457019
-0.479537 -0.0441194
-0.478365 -0.0410156
-0.482422 -0.0372177
-0.481306 -0.0316678
-0.478516 -0.0359042
-0.478516 -0.0359042
-0.469279 -0.0449219
-0.468899 -0.0427613
-0.474609 -0.032754
-0.470703 -0.0330044
-0.498047 -0.0256162
-0.492622 -0.0282323
-0.494141 -0.0259068
-0.490234 -0.0320902
-0.492187 -0.0273437
-0.486328 -0.0300031
-0.483522 -0.0175781
-0.48318 -0.0136719
-0.485619 -0.00585339
-0.485932 -0.00195312
-0.482737 -0.0307003
-0.481314 -0.020201
-0.483522 -0.0175781
-0.478516 -0.0215436
-0.474609 -0.0231679
-0.470703 -0.0252572
-0.474609 -0.0231679
-0.48318 -0.0136719
-0.480942 -0.00976562
-0.477792 -0.00976562
-0.482764 -0.00701025
-0.485932 -0.00195312
-0.478516 -0.00516684
-0.477792 -0.00976562
-0.472656 -0.0078125
-0.473139 -0.00423311
-0.474609 -0.00353696
-0.470703 -0.00653414
-0.468918 -0.00195312
-0.461067 -0.0547275
-0.466797 -0.0527737
-0.466797 -0.0496314
-0.462891 -0.0502352
-0.462891 -0.0502352
-0.458984 -0.0551902
-0.455078 -0.0554659
-0.458984 -0.0551902
-0.466797 -0.0414554
-0.46234 -0.0449219
-0.463578 -0.0419842
-0.466797 -0.03372
-0.462891 -0.0343883
-0.458984 -0.0345619
-0.455078 -0.0347756
-0.451172 -0.0549087
-0.451172 -0.0549087
-0.449219 -0.046875
-0.447323 -0.0527344
-0.447416 -0.0488281
-0.437621 -0.0547536
-0.441551 -0.0508717
-0.44143 -0.0506551
-0.439453 -0.0515644
-0.439453 -0.0515644
-0.448085 -0.0449219
-0.448085 -0.0449219
-0.447266 -0.0416969
-0.449219 -0.0351563
-0.451172 -0.0350062
-0.447064 -0.035333
-0.449157 -0.0351541
-0.443361 -0.0426431
-0.440027 -0.0449219
-0.443359 -0.0354689
-0.439453 -0.0354376
-0.466797 -0.0267536
-0.462483 -0.0275249
-0.464138 -0.0273094
-0.460938 -0.0195313
-0.460937 -0.0175781
-0.458984 -0.0281403
-0.455078 -0.0286374
-0.458856 -0.0209588
-0.460937 -0.0175781
-0.455078 -0.0218632
-0.459655 -0.0136719
-0.466797 -0.00570382
-0.468918 -0.00195312
-0.462891 -0.00522245
-0.464686 -0.00379798
-0.459655 -0.0136719
-0.457735 -0.00976562
-0.459018 -0.00611765
-0.457031 -0.0078125
-0.451172 -0.0289889
-0.447266 -0.0292438
-0.451172 -0.021441
-0.447266 -0.0217539
-0.443359 -0.0293417
-0.439453 -0.0292083
-0.43892 -0.023887
-0.443359 -0.0225868
-0.440592 -0.0232686
-0.446842 -0.00892005
-0.449764 -0.00585938
-0.448355 -0.00195312
-0.448963 -0.00728417
-0.448355 -0.00195312
-0.443359 -0.01011
-0.439453 -0.0109813
-0.439453 0.000640608
-0.435547 -0.055058
-0.431641 -0.0545172
-0.435547 -0.055058
-0.431641 -0.0545172
-0.427734 -0.0535988
-0.423828 -0.0519361
-0.423828 -0.0519361
-0.435547 -0.0352642
-0.433184 -0.0352311
-0.431274 -0.033849
-0.427734 -0.0338359
-0.422494 -0.0332031
-0.419922 -0.046301
-0.415093 -0.0473937
-0.412109 -0.0498572
-0.412109 -0.0498572
-0.408203 -0.0506147
-0.408203 -0.0506147
-0.419922 -0.046301
-0.419092 -0.042351
-0.416016 -0.0445221
-0.416016 -0.0445221
-0.422494 -0.0332031
-0.416946 -0.0318432
-0.414033 -0.0468287
-0.41127 -0.0316311
-0.410136 -0.0312536
-0.435547 -0.029538
-0.435547 -0.0242071
-0.431641 -0.0273294
-0.431641 -0.0273294
-0.429868 -0.0233883
-0.427734 -0.0256936
-0.427734 -0.0256936
-0.423828 -0.0286954
-0.42701 -0.0214844
-0.423828 -0.0186854
-0.423828 -0.0186854
-0.435547 -0.0113535
-0.431641 -0.0109558
-0.435547 -0.000382254
-0.431641 -0.000357251
-0.427734 -0.0100601
-0.423828 -0.00893464
-0.429265 -0.000221006
-0.419565 -0.0288812
-0.416846 -0.0306237
-0.422637 -0.0175781
-0.41288 -0.0292969
-0.410779 -0.0269166
-0.408203 -0.0306863
-0.408203 -0.0256944
-0.412109 -0.0162658
-0.408203 -0.0167367
-0.419577 -0.0150688
-0.421003 -0.00806417
-0.416016 -0.0147247
-0.419224 -0.00732552
-0.416016 -0.00590269
-0.412109 -0.0162658
-0.412109 -0.00471283
-0.408203 -0.00485446
-0.404297 -0.0491033
-0.400391 -0.0471874
-0.390625 -0.046875
-0.400391 -0.0471874
-0.39467 -0.0449219
-0.396484 -0.0416302
-0.39467 -0.0449219
-0.392082 -0.0410156
-0.396578 -0.0371094
-0.394531 -0.0351562
-0.392578 -0.0335612
-0.388672 -0.0445756
-0.390584 -0.042877
-0.384766 -0.0435211
-0.384766 -0.0435211
-0.388751 -0.0371094
-0.389693 -0.0316169
-0.384766 -0.0336737
-0.380859 -0.0414393
-0.376953 -0.0396348
-0.381542 -0.0317954
-0.376953 -0.0396348
-0.404297 -0.0288587
-0.404297 -0.0244828
-0.401521 -0.0275743
-0.400391 -0.026944
-0.404297 -0.0194413
-0.404297 -0.0194413
-0.399833 -0.0229819
-0.396484 -0.0258757
-0.392578 -0.0242175
-0.396484 -0.0211754
-0.394231 -0.0201519
-0.391955 -0.0189382
-0.402649 -0.0136719
-0.402649 -0.0136719
-0.40001 -0.00976562
-0.404297 -0.00538338
-0.399931 -0.0064133
-0.400391 -0.00136347
-0.396484 -0.00548956
-0.396484 -0.00548956
-0.392578 -0.00172117
-0.388258 -0.030255
-0.390625 -0.0234375
-0.385327 -0.0281483
-0.383514 -0.0270018
-0.388672 -0.0224274
-0.388672 -0.0169992
-0.384766 -0.0204607
-0.386615 -0.0194295
-0.379838 -0.0309799
-0.380859 -0.0258156
-0.376953 -0.0297941
-0.377253 -0.0241154
-0.382812 -0.0195313
-0.380859 -0.0181522
-0.375395 -0.0233251
-0.377986 -0.0161904
-0.386719 -0.015625
-0.384634 -0.0146277
-0.388672 0.00114976
-0.381643 -0.0125544
-0.379542 -0.0112561
-0.376063 -0.0150052
-0.377377 -0.00927684
-0.37527 -0.00750047
-0.373047 -0.0380512
-0.370873 -0.0371094
-0.367188 -0.0351562
-0.365234 -0.0346617
-0.365234 -0.0346617
-0.361328 -0.032746
-0.358798 -0.031543
-0.373047 -0.0284313
-0.369141 -0.0277209
-0.373047 -0.0220768
-0.369141 -0.0200208
-0.369141 -0.0200208
-0.365234 -0.0270434
-0.361328 -0.0266952
-0.365234 -0.0178445
-0.361328 -0.0161016
-0.373442 -0.0128731
-0.371467 -0.0115337
-0.369292 -0.00940839
-0.373931 -0.00549945
-0.371911 -0.00253826
-0.367276 -0.00775427
-0.371002 -0.000215043
-0.361328 -0.0161016
-0.365234 -0.00541715
-0.365234 -0.00541715
-0.361328 -0.000680281
-0.354655 -0.0292969
-0.357422 -0.0261397
-0.354655 -0.0292969
-0.354106 -0.0244783
-0.352085 -0.0231619
-0.351088 -0.0275359
-0.349273 -0.0269761
-0.345703 -0.0248892
-0.349609 -0.0208251
-0.349609 -0.0208251
-0.345703 -0.0193567
-0.345703 -0.0193567
-0.357422 -0.0153131
-0.353516 -0.015552
-0.34896 -0.0153732
-0.345703 -0.0139334
-0.33618 -0.0356978
-0.33555 -0.0332031
-0.332295 -0.0391691
-0.330078 -0.0383835
-0.334255 -0.0374864
-0.33555 -0.0332031
-0.330078 -0.0383835
-0.326172 -0.0371931
-0.322266 -0.0366615
-0.318359 -0.0367375
-0.314453 -0.0369609
-0.343479 -0.023576
-0.341519 -0.0226928
-0.341797 -0.0166845
-0.337891 -0.0206734
-0.337891 -0.0143793
-0.330733 -0.0292969
-0.330078 -0.0287742
-0.333984 -0.0185827
-0.330276 -0.016441
-0.341797 -0.0166845
-0.339173 -0.00976562
-0.337891 -0.0143793
-0.339173 -0.00976562
-0.335974 -0.00779092
-0.333984 -0.0129601
-0.330078 -0.01004
-0.330078 -0.01004
-0.333984 -0.00668887
-0.330463 -0.00462827
-0.328511 -0.00368179
-0.326172 -0.0259372
-0.326172 -0.0259372
-0.322266 -0.0230873
-0.322266 -0.0230873
-0.318359 -0.0202523
-0.318359 -0.0202523
-0.316406 -0.0195313
-0.314453 -0.017448
-0.326172 -0.0142539
-0.326172 -0.00806676
-0.32306 -0.0123048
-0.321092 -0.0114002
-0.326172 -0.00806676
-0.326172 -0.00205761
-0.322266 -0.00575514
-0.322266 -0.00575514
-0.318359 -0.00973673
-0.316051 -0.00799043
-0.318359 -0.00331416
-0.318359 -0.00331416
-0.313836 -0.00724015
-0.314453 -0.00181855
-0.310547 -0.0371191
-0.306641 -0.0372553
-0.302734 -0.0374746
-0.298828 -0.0378189
-0.291016 -0.0388895
-0.294922 -0.0382862
-0.291016 -0.0388895
-0.287109 -0.0396299
-0.283203 -0.0404936
-0.310547 -0.0145787
-0.310547 -0.0145787
-0.306641 -0.0117141
-0.306641 -0.0117141
-0.310547 -0.00503572
-0.310547 0.00165913
-0.306641 -0.00282863
-0.302734 -0.00937401
-0.298828 -0.00821121
-0.30349 -0.000676688
-0.285156 -0.0195313
-0.286788 -0.0175781
-0.283203 -0.0209175
-0.283203 -0.0209175
-0.294922 -0.00929558
-0.29023 -0.0136719
-0.291016 -0.012789
-0.29023 -0.0136719
-0.279297 -0.0414563
-0.275391 -0.0425015
-0.275391 -0.0425015
-0.271484 -0.0435885
-0.267578 -0.0446993
-0.259766 -0.0469806
-0.255859 -0.0479674
-0.251953 -0.048962
-0.263672 -0.0458556
-0.259766 -0.0469806
-0.261839 -0.0314093
-0.259766 -0.0327984
-0.251051 -0.0396559
-0.255859 -0.0323162
-0.252058 -0.0371094
-0.251114 -0.0332829
-0.279297 -0.0230368
-0.279297 -0.0230368
-0.275391 -0.0230566
-0.271484 -0.0227829
-0.265858 -0.0275023
-0.267578 -0.0253283
-0.271484 -0.0227829
-0.266602 -0.022321
-0.266316 -0.0175781
-0.266035 -0.0136719
-0.266217 -0.00976562
-0.266369 -0.00585938
-0.264879 -0.00195312
-0.262978 -0.0284928
-0.264638 -0.02632
-0.260515 -0.0302699
-0.259766 -0.0244047
-0.2638 -0.0216151
-0.265625 -0.015625
-0.25885 -0.0229876
-0.258728 -0.0170068
-0.255859 -0.0288361
-0.255859 -0.0288361
-0.251953 -0.0281739
-0.251953 -0.0281739
-0.255464 -0.0214844
-0.257071 -0.0185283
-0.265112 -0.0120491
-0.264482 -0.0110664
-0.261052 -0.0142156
-0.261262 -0.00920771
-0.264879 -0.00195312
-0.258851 -0.00585938
-0.258851 -0.00585938
-0.255732 -0.00195312
-0.248047 -0.0499545
-0.244141 -0.0507371
-0.244141 -0.0507371
-0.240234 -0.0514634
-0.236328 -0.0522838
-0.248371 -0.0395153
-0.247304 -0.0385694
-0.248047 -0.0329806
-0.245589 -0.0359514
-0.244141 -0.0318935
-0.2396 -0.0437301
-0.240974 -0.0410156
-0.236328 -0.0436894
-0.234427 -0.0429111
-0.239989 -0.0373138
-0.236328 -0.0360709
-0.232422 -0.0527803
-0.228516 -0.048877
-0.228516 -0.048877
-0.224609 -0.0533916
-0.224609 -0.0464078
-0.220703 -0.0539882
-0.222656 -0.046875
-0.234001 -0.0410156
-0.228575 -0.0449219
-0.228171 -0.0410843
-0.233797 -0.0382493
-0.232422 -0.0318169
-0.228516 -0.0319751
-0.224609 -0.0464078
-0.224562 -0.0399678
-0.222278 -0.0439843
-0.22221 -0.04206
-0.224609 -0.0327721
-0.220703 -0.0334001
-0.248047 -0.0329806
-0.247988 -0.0247809
-0.244141 -0.0318935
-0.24569 -0.0269853
-0.249914 -0.0234088
-0.240234 -0.0291377
-0.236328 -0.0296105
-0.23344 -0.0175781
-0.234216 -0.0136719
-0.237283 -0.00195312
-0.235975 -0.00571062
-0.237283 -0.00195312
-0.232422 -0.0318169
-0.230946 -0.0198651
-0.23344 -0.0175781
-0.228516 -0.0210289
-0.224609 -0.0226736
-0.220703 -0.0246209
-0.224609 -0.0226736
-0.234216 -0.0136719
-0.230703 -0.00976562
-0.230703 -0.00976562
-0.232422 -0.00636244
-0.225065 -0.00585938
-0.226868 -0.00195312
-0.225065 -0.00585938
-0.226868 -0.00195312
-0.220703 -0.00581245
-0.216797 -0.0545196
-0.212891 -0.0492277
-0.212891 -0.0492277
-0.205078 -0.0552325
-0.209012 -0.0535337
-0.208984 -0.0467879
-0.205078 -0.0552325
-0.213307 -0.0449219
-0.211766 -0.0425347
-0.216797 -0.0338225
-0.212891 -0.034156
-0.208984 -0.0467879
-0.209374 -0.0424855
-0.206743 -0.0459335
-0.207031 -0.0429687
-0.208984 -0.0344418
-0.205078 -0.0347448
-0.201172 -0.0556072
-0.197266 -0.0539713
-0.197266 -0.0539713
-0.195381 -0.0476762
-0.194003 -0.0517954
-0.195223 -0.0480658
-0.189453 -0.0504123
-0.189453 -0.0504123
-0.196082 -0.0453259
-0.201172 -0.0349588
-0.196862 -0.0352358
-0.195477 -0.0351503
-0.193359 -0.0441167
-0.190303 -0.0451121
-0.193359 -0.03536
-0.189453 -0.0354918
-0.216797 -0.0260846
-0.21125 -0.0273917
-0.212891 -0.0270225
-0.211253 -0.0198316
-0.212361 -0.0175781
-0.208984 -0.0277661
-0.205078 -0.0283418
-0.208984 -0.020519
-0.205078 -0.0200492
-0.211323 -0.0136719
-0.217165 -0.00439738
-0.215741 -0.0034368
-0.213195 -0.00329561
-0.211323 -0.0136719
-0.208584 -0.00976562
-0.208362 -0.00585938
-0.208984 -0.00039867
-0.201172 -0.0288548
-0.197266 -0.0293082
-0.201172 -0.0199762
-0.197266 -0.021175
-0.193359 -0.0295405
-0.189453 -0.029243
-0.188864 -0.0241146
-0.193359 -0.0226113
-0.191134 -0.0233637
-0.196843 -0.00894125
-0.199646 -0.00585938
-0.19967 -0.00307926
-0.199646 -0.00585938
-0.197457 -0.00195312
-0.193359 -0.0101683
-0.189453 -0.0110358
-0.193359 0.000490489
-0.189453 0.000603644
-0.185547 -0.0548623
-0.181641 -0.05476
-0.185547 -0.0548623
-0.181641 -0.05476
-0.177734 -0.0528012
-0.175554 -0.0509954
-0.173828 -0.046907
-0.185547 -0.0353874
-0.182936 -0.0353387
-0.180594 -0.0335696
-0.173828 -0.046907
-0.172553 -0.0426604
-0.177734 -0.0332195
-0.172083 -0.0332031
-0.169922 -0.045108
-0.166016 -0.0507243
-0.166016 -0.0507243
-0.162109 -0.0516468
-0.162109 -0.0516468
-0.158203 -0.0503262
-0.158203 -0.0503262
-0.169922 -0.045108
-0.17095 -0.0426869
-0.172083 -0.0332031
-0.166359 -0.0322455
-0.161816 -0.031481
-0.185547 -0.0293829
-0.185547 -0.0247297
-0.181641 -0.0280154
-0.181641 -0.0280154
-0.177734 -0.0255614
-0.177734 -0.0255614
-0.173828 -0.0291131
-0.174754 -0.0214844
-0.173828 -0.0208614
-0.173828 -0.0208614
-0.185547 -0.011393
-0.181641 -0.010945
-0.185547 -0.000427632
-0.181641 -0.000415665
-0.177734 -0.0100053
-0.173828 -0.00882023
-0.179201 -0.000257727
-0.169853 -0.0282697
-0.166263 -0.029935
-0.169922 -0.0178383
-0.166016 -0.0153234
-0.162626 -0.0292969
-0.160523 -0.0271616
-0.158203 -0.0304001
-0.158203 -0.0260244
-0.169922 -0.00757552
-0.166016 -0.0153234
-0.169922 -0.00757552
-0.166016 -0.00609953
-0.162109 -0.0146362
-0.158203 -0.0150387
-0.162109 -0.00497958
-0.160156 -0.00390625
-0.158203 -0.00440033
-0.154297 -0.0482906
-0.152096 -0.04709
-0.150391 -0.0440864
-0.150391 -0.0440864
-0.148797 -0.038431
-0.145656 -0.0449219
-0.146987 -0.0394585
-0.142578 -0.0417599
-0.142578 -0.0417599
-0.146484 -0.0367561
-0.142321 -0.0371094
-0.1418 -0.0340467
-0.138672 -0.0453946
-0.134766 -0.0432262
-0.134766 -0.0432262
-0.138672 -0.0356994
-0.140354 -0.0342622
-0.134766 -0.0342803
-0.130859 -0.0412696
-0.130151 -0.0410156
-0.131386 -0.031972
-0.125122 -0.0390215
-0.128906 -0.03125
-0.154297 -0.0288955
-0.154297 -0.0244384
-0.151161 -0.0276834
-0.149722 -0.0268482
-0.152344 -0.0234375
-0.149792 -0.0230128
-0.146484 -0.0258597
-0.142578 -0.0242299
-0.146484 -0.0212381
-0.144233 -0.0202036
-0.141933 -0.0189368
-0.154297 -0.0143109
-0.151601 -0.0124809
-0.149869 -0.00976562
-0.154297 -0.00386602
-0.154297 -0.00386602
-0.149578 -0.00585938
-0.150176 -0.00195312
-0.149869 -0.00976562
-0.147658 -0.0046251
-0.145165 -0.00389326
-0.142578 -0.00167738
-0.138156 -0.0300872
-0.135196 -0.0280378
-0.133467 -0.027067
-0.138672 -0.0224349
-0.138672 -0.0169956
-0.134766 -0.0204605
-0.136621 -0.0194339
-0.129427 -0.0308488
-0.129667 -0.0253906
-0.126953 -0.0299183
-0.129667 -0.0253906
-0.130859 -0.0181776
-0.12523 -0.0233713
-0.127957 -0.0162078
-0.134642 -0.014613
-0.138672 0.000942981
-0.131679 -0.0125435
-0.129573 -0.0112296
-0.126031 -0.0150288
-0.127408 -0.00924675
-0.125309 -0.00745523
-0.123047 -0.0381213
-0.119141 -0.0364147
-0.116718 -0.0353735
-0.112111 -0.0332031
-0.111328 -0.0328039
-0.108749 -0.0315624
-0.123047 -0.0285754
-0.119141 -0.0278905
-0.123047 -0.0221933
-0.119141 -0.0201297
-0.119141 -0.0201297
-0.113544 -0.0273894
-0.115234 -0.0272224
-0.111328 -0.0268968
-0.115234 -0.0179655
-0.111328 -0.0161934
-0.123411 -0.0128975
-0.121432 -0.0115476
-0.119271 -0.00943417
-0.123951 -0.00545478
-0.121933 -0.00251259
-0.117258 -0.00776507
-0.121011 -0.000191665
-0.111328 -0.0161934
-0.115234 -0.00544214
-0.115234 -0.00544214
-0.111328 -0.000629897
-0.104463 -0.0292969
-0.107422 -0.0262782
-0.104463 -0.0292969
-0.104081 -0.0245024
-0.102068 -0.0231628
-0.100957 -0.0275938
-0.0991988 -0.0269718
-0.0957031 -0.0249236
-0.0996094 -0.020824
-0.0996094 -0.020824
-0.0957031 -0.0193615
-0.0957031 -0.0193615
-0.107422 -0.0153652
-0.103516 -0.0155414
-0.0990358 -0.0153613
-0.0957031 -0.0139434
-0.0861255 -0.0355803
-0.0855015 -0.0332031
-0.0822048 -0.0391314
-0.0800781 -0.0383012
-0.0841538 -0.0373977
-0.0855015 -0.0332031
-0.0800781 -0.0383012
-0.0761719 -0.0371645
-0.0722656 -0.0366473
-0.0683594 -0.0367232
-0.0644531 -0.0369423
-0.0934474 -0.0235918
-0.0914875 -0.0227109
-0.0917969 -0.0167124
-0.0878906 -0.0206994
-0.0878906 -0.0144117
-0.0807186 -0.0292969
-0.0800781 -0.028783
-0.0839844 -0.0186013
-0.0802615 -0.0164488
-0.0917969 -0.0167124
-0.0891263 -0.00976562
-0.0878906 -0.0144117
-0.0891263 -0.00976562
-0.0859526 -0.00780368
-0.0839844 -0.0129879
-0.0800781 -0.0100457
-0.0800781 -0.0100457
-0.0839844 -0.00671488
-0.0804505 -0.00463841
-0.0784976 -0.00368855
-0.0761719 -0.0259433
-0.0761719 -0.0259433
-0.0722656 -0.0230834
-0.0722656 -0.0230834
-0.0683594 -0.0202354
-0.0683594 -0.0202354
-0.0644531 -0.0174119
-0.0761719 -0.014262
-0.0761719 -0.0080703
-0.0730551 -0.0123078
-0.0710903 -0.0114008
-0.0761719 -0.0080703
-0.0761719 -0.00206808
-0.0722656 -0.00575098
-0.0722656 -0.00575098
-0.0683594 -0.00973682
-0.0660522 -0.00798965
-0.0683594 -0.00330914
-0.0683594 -0.00330914
-0.0638384 -0.00723852
-0.0644531 -0.00181171
-0.0605469 -0.0370949
-0.0566406 -0.0372186
-0.0527344 -0.0374175
-0.0488281 -0.0377302
-0.0410156 -0.0387341
-0.0449219 -0.0381603
-0.0410156 -0.0387341
-0.0371094 -0.0394669
-0.0332031 -0.0403244
-0.0371094 -0.0394669
-0.0605469 -0.0145384
-0.0605469 -0.0145384
-0.0566406 -0.0116729
-0.0566406 -0.0116729
-0.0605469 -0.0050313
-0.0605469 0.00166493
-0.0566406 -0.00282357
-0.0527344 -0.00933856
-0.0488281 -0.00818452
-0.0534974 -0.000673442
-0.0365117 -0.0175781
-0.0332031 -0.0206189
-0.0332031 -0.0206189
-0.0449219 -0.00928608
-0.0402038 -0.0136719
-0.0410156 -0.0127938
-0.0402038 -0.0136719
-0.0292969 -0.0413056
-0.0253906 -0.0423783
-0.0214844 -0.04349
-0.0214844 -0.04349
-0.0175781 -0.044593
-0.00976562 -0.0468732
-0.00585938 -0.0478855
-0.00195312 -0.0489136
-0.0136719 -0.0457371
-0.00976562 -0.0468732
-0.0118829 -0.0315512
-0.00976562 -0.0334724
-0.000563558 -0.0395522
-0.00585938 -0.0293264
-0.00117485 -0.0371013
-0.000576782 -0.0339736
-0.0292969 -0.022979
-0.0292969 -0.022979
-0.0253906 -0.0231189
-0.0214844 -0.0226884
-0.0157602 -0.0274303
-0.0175781 -0.0251094
-0.0214844 -0.0226884
-0.0168838 -0.0224041
-0.0162415 -0.0175781
-0.0159236 -0.0136719
-0.0163016 -0.00976562
-0.0168199 -0.00585938
-0.0153763 -0.00195312
-0.0125979 -0.028345
-0.0139742 -0.026655
-0.0109217 -0.0298148
-0.00976562 -0.0252359
-0.013752 -0.0214844
-0.0155675 -0.0159244
-0.0091487 -0.0229247
-0.00856914 -0.0168385
-0.00585938 -0.0293264
-0.00585938 -0.0243337
-0.00195312 -0.0270719
-0.00195312 -0.0270719
-0.0053549 -0.0214844
-0.00707764 -0.0184766
-0.00381042 -0.0233928
-0.0149326 -0.0121801
-0.0136719 -0.0110345
-0.0108335 -0.0140535
-0.0114822 -0.00869968
-0.0153763 -0.00195312
-0.00920735 -0.00585938
-0.00920735 -0.00585938
-0.00587027 -0.00195312
-0.49953 0.00728327
-0.497414 0.00909768
-0.498683 0.0148761
-0.495206 0.0110918
-0.493095 0.0124029
-0.482501 0.00195312
-0.490234 0.0143192
-0.488114 0.0155308
-0.496754 0.0160265
-0.499892 0.0234054
-0.494141 0.0177752
-0.495389 0.0253906
-0.498047 0.0297095
-0.495389 0.0253906
-0.494687 0.0309482
-0.491493 0.019351
-0.489929 0.0201919
-0.486215 0.0165682
-0.486328 0.0220464
-0.491507 0.0270899
-0.48966 0.0280726
-0.486476 0.0301928
-0.482501 0.00195312
-0.47887 0.00585938
-0.478516 0.00621075
-0.46694 0.00195312
-0.470703 0.00443911
-0.474609 0.00832649
-0.470242 0.00976562
-0.482633 0.0187037
-0.480669 0.0232893
-0.478516 0.0209494
-0.482397 0.0240149
-0.478516 0.0257071
-0.474883 0.0228632
-0.474936 0.0271434
-0.473773 0.0276484
-0.470545 0.0245145
-0.470703 0.0287504
-0.498047 0.0396228
-0.492946 0.0315291
-0.498047 0.0396228
-0.494141 0.0414028
-0.494141 0.0414028
-0.490234 0.0331083
-0.487128 0.031571
-0.486328 0.0374678
-0.490234 0.0433295
-0.490234 0.0433295
-0.486328 0.0374678
-0.486328 0.0441728
-0.482422 0.0360741
-0.482422 0.0360741
-0.480347 0.0350356
-0.478462 0.0371094
-0.482422 0.0410769
-0.481655 0.0449219
-0.478516 0.0432415
-0.478516 0.0432415
-0.474609 0.0477157
-0.474609 0.0477157
-0.470703 0.0495172
-0.46694 0.00195312
-0.466797 0.00804654
-0.464079 0.00333597
-0.460937 0.00585938
-0.470242 0.00976562
-0.467612 0.0136719
-0.458984 0.00676016
-0.458984 0.00676016
-0.455078 0.00844374
-0.464251 0.0175781
-0.464251 0.0175781
-0.462891 0.0217429
-0.466797 0.026066
-0.466797 0.0299035
-0.462891 0.0217429
-0.463725 0.0292969
-0.458984 0.0250888
-0.455078 0.0204946
-0.458984 0.0250888
-0.458984 0.0280267
-0.455078 0.0286342
-0.445818 0.000273675
-0.451172 0.00931228
-0.447266 0.00996609
-0.443359 0.000500835
-0.439453 0.000640608
-0.443359 0.0106732
-0.439453 0.0112573
-0.451172 0.0190168
-0.451172 0.0190168
-0.447266 0.0187515
-0.451172 0.0300118
-0.447266 0.0300211
-0.443359 0.0202159
-0.443359 0.0202159
-0.439453 0.0223411
-0.443359 0.0296023
-0.4375 0.0234375
-0.439453 0.0302524
-0.462023 0.0315306
-0.464844 0.046875
-0.461896 0.0424062
-0.462891 0.0451916
-0.458984 0.0323856
-0.453936 0.0332031
-0.458984 0.0445418
-0.458984 0.0445418
-0.457031 0.046875
-0.466797 0.0494658
-0.462891 0.0451916
-0.457961 0.0477684
-0.455078 0.0508769
-0.455078 0.0508769
-0.453936 0.0332031
-0.447868 0.0340076
-0.445859 0.0353001
-0.443359 0.0354606
-0.439453 0.0355807
-0.439453 0.0477026
-0.451172 0.0531927
-0.447266 0.054401
-0.447266 0.054401
-0.443359 0.0540604
-0.439453 0.0477026
-0.440228 0.0517956
-0.443359 0.0540604
-0.435547 -0.000382254
-0.431641 -0.000357251
-0.435547 0.011218
-0.431641 0.0105724
-0.42796 0.00195312
-0.425819 0.00770377
-0.425328 0.00312896
-0.42508 0.00585938
-0.427804 0.00925048
-0.425781 0.0078125
-0.43703 0.0233146
-0.43348 0.0234161
-0.435547 0.0272214
-0.435547 0.0272214
-0.431579 0.0244163
-0.431641 0.0296387
-0.42589 0.0234137
-0.423768 0.0226017
-0.427734 0.0249391
-0.427734 0.0285453
-0.425597 0.0238854
-0.423828 0.0287897
-0.417969 0.0078125
-0.415959 0.0022638
-0.4173 0.00585938
-0.416327 0.00976562
-0.415062 0.0136719
-0.412109 0.00136504
-0.408203 0.00363921
-0.408203 0.00363921
-0.417969 0.0195312
-0.419922 0.0214882
-0.415275 0.0175781
-0.417217 0.0201638
-0.419922 0.0290707
-0.416016 0.0285006
-0.41046 0.027278
-0.412429 0.0277018
-0.405141 0.0253906
-0.410156 0.0273438
-0.435547 0.0347134
-0.435547 0.0352502
-0.431641 0.0296387
-0.431641 0.0353938
-0.435547 0.0452494
-0.433312 0.0460467
-0.427734 0.0356883
-0.423828 0.0355883
-0.422203 0.0460268
-0.435547 0.0452494
-0.434648 0.0517424
-0.431641 0.0544429
-0.431641 0.0544429
-0.423828 0.0551595
-0.427734 0.055652
-0.423828 0.0551595
-0.418347 0.0351006
-0.419922 0.0400323
-0.416016 0.0345768
-0.419922 0.0400323
-0.420684 0.0437755
-0.417661 0.0427992
-0.416078 0.0449219
-0.412109 0.034255
-0.408203 0.033951
-0.406457 0.0425553
-0.406412 0.0439189
-0.420905 0.0493277
-0.419922 0.0530131
-0.416016 0.0498264
-0.416016 0.0498264
-0.412109 0.0547145
-0.408203 0.0547004
-0.412109 0.0547145
-0.408203 0.0547004
-0.405231 0.00195312
-0.404297 0.00678622
-0.400391 -0.00136347
-0.398474 0.00711422
-0.404297 0.00678622
-0.400391 0.00960909
-0.396484 0.00555486
-0.394251 0.00766424
-0.39641 0.00976562
-0.394645 0.0136719
-0.392578 0.0109669
-0.394645 0.0136719
-0.400391 0.0235874
-0.404297 0.0250744
-0.400391 0.0235874
-0.396484 0.0222484
-0.392724 0.0175781
-0.395526 0.0214844
-0.392435 0.0307109
-0.388672 0.00114976
-0.387737 0.00195312
-0.385211 0.00585938
-0.388672 0.0102651
-0.385836 0.00893564
-0.388672 0.0294714
-0.382812 0.0273437
-0.384766 0.0295531
-0.380859 0.0266138
-0.382128 0.0276372
-0.376953 0.0262013
-0.404297 0.0332973
-0.400391 0.0325791
-0.404297 0.0409062
-0.404297 0.0469985
-0.400696 0.0415311
-0.400391 0.0483891
-0.396484 0.0317981
-0.392578 0.0361815
-0.392578 0.0361815
-0.394531 0.0429687
-0.39385 0.0410156
-0.392177 0.0439426
-0.404297 0.0469985
-0.404297 0.0536477
-0.400391 0.0483891
-0.400391 0.0529026
-0.396484 0.0532998
-0.392578 0.0528296
-0.386445 0.0371094
-0.384766 0.0295531
-0.386445 0.0371094
-0.387067 0.041295
-0.388672 0.0442637
-0.386533 0.0391658
-0.386719 0.0429688
-0.380859 0.0321209
-0.376953 0.03392
-0.375814 0.0371094
-0.380859 0.0404431
-0.376988 0.0403606
-0.388672 0.0519952
-0.384766 0.0513532
-0.380859 0.050704
-0.380859 0.050704
-0.376953 0.0498146
-0.369499 0.00195312
-0.366095 0.00585938
-0.367188 0.015625
-0.366095 0.00585938
-0.3593 0.00195312
-0.363505 0.00816918
-0.364994 0.0142099
-0.361328 0.00906783
-0.361328 0.0174117
-0.371894 0.0223691
-0.368057 0.0183222
-0.370041 0.0213126
-0.372313 0.025391
-0.373047 0.0297997
-0.369141 0.0282446
-0.369141 0.0282446
-0.366587 0.0163425
-0.365234 0.0223549
-0.361328 0.0174117
-0.361328 0.0221388
-0.365955 0.0253906
-0.365444 0.0285466
-0.361328 0.0299759
-0.3593 0.00195312
-0.358402 0.00585938
-0.359072 0.00843966
-0.358652 0.017805
-0.357422 0.0242177
-0.353516 0.0228098
-0.357504 0.0253906
-0.357927 0.0290804
-0.349609 0.0229407
-0.345703 0.0216239
-0.373047 0.0297997
-0.367407 0.0351099
-0.369141 0.0357085
-0.365793 0.0329803
-0.366567 0.0356439
-0.365234 0.0469541
-0.361328 0.0457947
-0.373047 0.0488957
-0.369141 0.0479834
-0.365234 0.0469541
-0.357422 0.0446831
-0.353516 0.043593
-0.349609 0.0424819
-0.349609 0.0424819
-0.345703 0.0414114
-0.333984 0.0133942
-0.334219 0.0136719
-0.330078 0.0093884
-0.341797 0.0200079
-0.341797 0.0200079
-0.337891 0.0177769
-0.337712 0.0175781
-0.321364 0.000601361
-0.326172 0.0082872
-0.322266 0.00941717
-0.318359 0.00271026
-0.314453 -0.00181855
-0.314412 0.00491706
-0.318359 0.0116924
-0.318359 0.0116924
-0.314453 0.0145224
-0.314453 0.0145224
-0.341797 0.0404383
-0.337891 0.039577
-0.333984 0.0388443
-0.330078 0.0382614
-0.333984 0.0388443
-0.326172 0.0378271
-0.322266 0.0375259
-0.318359 0.0373588
-0.314453 0.037286
-0.310547 0.00165913
-0.311049 0.00718077
-0.306641 0.00311913
-0.306641 0.00311913
-0.308806 0.00791855
-0.306641 0.00959495
-0.302734 0.00557887
-0.302734 0.00557887
-0.298828 0.00193083
-0.298828 0.00788153
-0.303814 0.0113457
-0.301822 0.0122523
-0.298828 0.00788153
-0.298828 0.0141441
-0.310547 0.0173763
-0.306641 0.0201878
-0.306641 0.0201878
-0.302734 0.0230154
-0.302734 0.0230154
-0.298828 0.0258397
-0.296382 0.00361898
-0.294421 0.0045745
-0.291016 0.0065773
-0.294922 0.00988822
-0.294922 0.00988822
-0.291016 0.0121998
-0.291016 0.0121998
-0.288959 0.00775109
-0.287109 0.00885201
-0.287109 0.0142596
-0.283876 0.0109745
-0.283203 0.0166524
-0.294622 0.0164016
-0.291016 0.0185031
-0.289063 0.0195313
-0.294922 0.0286552
-0.294922 0.0286552
-0.294086 0.0292969
-0.287109 0.0142596
-0.287109 0.0206123
-0.283203 0.0166524
-0.283402 0.022662
-0.28145 0.0235395
-0.310547 0.0372
-0.306641 0.0370288
-0.302734 0.0369408
-0.298828 0.0374078
-0.294922 0.0386501
-0.289119 0.0332031
-0.290322 0.0379341
-0.294922 0.0386501
-0.292395 0.0392973
-0.289119 0.0332031
-0.288533 0.0362507
-0.279297 0.013865
-0.275391 0.015066
-0.271484 0.0149368
-0.267578 0.0149429
-0.279297 0.0192614
-0.279297 0.0192614
-0.275391 0.0216505
-0.279297 0.0248051
-0.275824 0.0268655
-0.273926 0.027559
-0.272799 0.0230999
-0.270683 0.024366
-0.270322 0.0292969
-0.267578 0.0261536
-0.270322 0.0292969
-0.263672 -0.000192717
-0.259766 0.00509214
-0.259766 0.00509214
-0.263672 0.0160838
-0.25412 0.000419714
-0.257665 0.0076888
-0.253019 0.00256248
-0.251002 0.0052734
-0.25565 0.00942672
-0.253562 0.0115094
-0.251555 0.0128866
-0.263672 0.0160838
-0.259766 0.0180218
-0.263672 0.0271174
-0.261719 0.0273437
-0.260374 0.0276135
-0.257445 0.0193649
-0.253393 0.0214844
-0.251953 0.0222442
-0.253906 0.0273437
-0.255859 0.0280331
-0.251953 0.0286376
-0.266067 0.0314697
-0.263672 0.0326738
-0.262628 0.0332031
-0.258155 0.0353156
-0.255859 0.0363073
-0.251953 0.0380102
-0.249506 0.00726991
-0.247415 0.00906819
-0.248921 0.0150265
-0.245237 0.0110752
-0.2431 0.012466
-0.233842 0.00195312
-0.240256 0.0145307
-0.246987 0.0161612
-0.249805 0.0233837
-0.244141 0.0180387
-0.245247 0.0253906
-0.248047 0.0297793
-0.245247 0.0253906
-0.244827 0.0310187
-0.238477 0.0194898
-0.240234 0.0202762
-0.236328 0.0168615
-0.236328 0.0222563
-0.241473 0.0270428
-0.239509 0.0281347
-0.236663 0.0302206
-0.232422 0.00280925
-0.232422 0.00280925
-0.228516 0.0060576
-0.223387 0.00195312
-0.226046 0.00585938
-0.220879 0.00585938
-0.221232 0.00976562
-0.219458 0.0136719
-0.232927 0.0188761
-0.230574 0.0207678
-0.228516 0.0211261
-0.232422 0.0241227
-0.228516 0.0258045
-0.225081 0.0229502
-0.224727 0.0271598
-0.223981 0.0277057
-0.220703 0.0245183
-0.220703 0.0288444
-0.248047 0.0395893
-0.243144 0.0315977
-0.248047 0.0395893
-0.244141 0.0413603
-0.240234 0.0331308
-0.236328 0.0315456
-0.236328 0.0376685
-0.240234 0.0432865
-0.240234 0.0432865
-0.236328 0.0376685
-0.236328 0.0440796
-0.232422 0.0366393
-0.232422 0.0366393
-0.228747 0.0371094
-0.232809 0.0409354
-0.231171 0.0449219
-0.228516 0.0434045
-0.228516 0.0434045
-0.224609 0.0476458
-0.226563 0.046875
-0.224609 0.0476458
-0.220703 0.0494092
-0.216797 0.0019746
-0.212891 0.00272327
-0.219458 0.0136719
-0.208984 -0.00039867
-0.206993 0.00585938
-0.205078 0.00683924
-0.216797 0.0164377
-0.212891 0.0214321
-0.212891 0.0214321
-0.216797 0.0261082
-0.216797 0.0302006
-0.213978 0.0271993
-0.21252 0.0292969
-0.208984 0.020533
-0.205078 0.0207661
-0.209189 0.0285847
-0.205078 0.0284618
-0.201172 0.0084569
-0.195831 0.000278976
-0.201172 0.0084569
-0.197266 0.00985796
-0.193359 0.000490489
-0.189453 0.000603644
-0.193359 0.010929
-0.189453 0.0114867
-0.201172 0.0194431
-0.201172 0.0194431
-0.197266 0.0184459
-0.201172 0.0295855
-0.197266 0.030169
-0.193359 0.0192131
-0.193359 0.0192131
-0.189453 0.0213979
-0.193359 0.0297018
-0.189453 0.0298188
-0.211556 0.0313676
-0.216797 0.0486975
-0.212891 0.0444202
-0.212891 0.0444202
-0.208984 0.0322598
-0.203396 0.0332031
-0.210008 0.0424678
-0.208984 0.0458697
-0.216797 0.0486975
-0.212816 0.0488281
-0.212816 0.0488281
-0.207031 0.0507813
-0.205078 0.0511617
-0.205078 0.0511617
-0.203396 0.0332031
-0.197266 0.0339203
-0.194889 0.0348752
-0.192551 0.0353999
-0.189453 0.0355838
-0.189453 0.0461675
-0.201172 0.0532977
-0.197266 0.0543777
-0.197266 0.0543777
-0.193359 0.0536352
-0.189453 0.0461675
-0.19051 0.0513539
-0.193359 0.0536352
-0.185547 -0.000427632
-0.181641 -0.000415665
-0.185547 0.0112634
-0.181641 0.0104895
-0.177848 0.00195312
-0.175897 0.00751581
-0.175334 0.00311171
-0.175211 0.00585938
-0.177937 0.00915948
-0.189149 0.0214844
-0.18305 0.0233267
-0.183689 0.0234575
-0.185547 0.0307263
-0.181641 0.0283564
-0.181641 0.0283564
-0.173149 0.0229473
-0.177734 0.0247154
-0.177734 0.0288655
-0.175091 0.024491
-0.173828 0.0284126
-0.167969 0.0078125
-0.16587 0.00201068
-0.166981 0.00585938
-0.166006 0.00976562
-0.164937 0.0136719
-0.162109 0.000752048
-0.158203 0.00334329
-0.158203 0.00334329
-0.169922 0.0217091
-0.165346 0.0175781
-0.169803 0.0214844
-0.169922 0.0288425
-0.166016 0.0285587
-0.160344 0.0273022
-0.162321 0.0277461
-0.158203 0.026612
-0.184515 0.0347142
-0.185547 0.0353182
-0.182983 0.0347728
-0.181641 0.0352571
-0.187362 0.0429152
-0.184935 0.0445652
-0.177734 0.0354727
-0.173828 0.0354661
-0.172561 0.045357
-0.185606 0.0488281
-0.184922 0.0521689
-0.181641 0.0547707
-0.183594 0.0546875
-0.181641 0.0547707
-0.172125 0.0479015
-0.173828 0.0541974
-0.177734 0.055657
-0.173828 0.0541974
-0.168522 0.0350588
-0.169922 0.0384124
-0.166016 0.0345158
-0.169922 0.0384124
-0.170936 0.0432871
-0.167808 0.0428613
-0.166581 0.0449219
-0.162109 0.0341918
-0.158203 0.0339118
-0.156618 0.0423222
-0.156661 0.0449219
-0.171137 0.0500487
-0.169922 0.0524009
-0.166016 0.0511735
-0.166016 0.0511735
-0.164063 0.0546875
-0.162109 0.0548132
-0.158203 0.0546649
-0.162109 0.0548132
-0.158203 0.0546649
-0.154297 0.00681663
-0.149648 0.00195312
-0.154297 0.00681663
-0.150391 0.00970851
-0.149648 0.00195312
-0.146321 0.00585938
-0.147061 0.00976562
-0.144457 0.0136719
-0.142578 0.0115858
-0.144457 0.0136719
-0.150391 0.0236624
-0.154297 0.0251562
-0.150391 0.0236624
-0.146484 0.0222802
-0.142601 0.0175781
-0.145445 0.0214844
-0.142356 0.0307334
-0.138672 0.000942981
-0.137607 0.00195312
-0.135725 0.00585938
-0.138672 0.00974367
-0.136261 0.00841591
-0.138672 0.0294476
-0.134766 0.0293515
-0.130859 0.0266133
-0.132174 0.0275634
-0.126953 0.0262811
-0.154297 0.0332378
-0.150391 0.0325173
-0.154297 0.0407758
-0.154297 0.0465176
-0.150915 0.0415881
-0.150006 0.0449219
-0.146484 0.0317784
-0.142578 0.0362596
-0.142578 0.0362596
-0.144531 0.0429687
-0.143837 0.0410156
-0.142151 0.0439237
-0.154297 0.0465176
-0.154297 0.0535359
-0.150391 0.0489859
-0.150391 0.0489859
-0.146484 0.0533315
-0.142578 0.0528125
-0.136547 0.0371094
-0.134766 0.0293515
-0.136547 0.0371094
-0.137088 0.0414167
-0.138672 0.044245
-0.136542 0.0391678
-0.130859 0.0321777
-0.126953 0.0338585
-0.125801 0.0371094
-0.130859 0.0403625
-0.126992 0.0403384
-0.138672 0.0519838
-0.134766 0.0513469
-0.130859 0.0506869
-0.130859 0.0506869
-0.126953 0.049788
-0.119517 0.00195312
-0.116123 0.00585938
-0.117188 0.015625
-0.116123 0.00585938
-0.109414 0.00195312
-0.113492 0.00812249
-0.115234 0.0141562
-0.111457 0.00881664
-0.111328 0.0168474
-0.121916 0.0223736
-0.118079 0.0181663
-0.119989 0.0214459
-0.122473 0.0253906
-0.123047 0.0299617
-0.119141 0.0281102
-0.119141 0.0281102
-0.116731 0.016175
-0.115234 0.0223563
-0.111328 0.0168474
-0.111328 0.0221555
-0.115999 0.0253284
-0.115234 0.0285874
-0.111328 0.0299945
-0.109414 0.00195312
-0.108692 0.00585938
-0.109262 0.00804127
-0.108691 0.0180244
-0.107422 0.0238837
-0.103516 0.022783
-0.107715 0.0253906
-0.108107 0.0289596
-0.0996094 0.022709
-0.0957031 0.0212859
-0.123047 0.0299617
-0.117699 0.0350227
-0.119141 0.0356047
-0.115824 0.0327879
-0.116716 0.0355297
-0.115234 0.0468593
-0.111328 0.0456947
-0.123047 0.0488539
-0.119141 0.047917
-0.115234 0.0468593
-0.107422 0.0445774
-0.103516 0.0434899
-0.103516 0.0434899
-0.0996094 0.0423806
-0.0996094 0.0423806
-0.0957031 0.0413147
-0.0839844 0.0132653
-0.0843068 0.0136719
-0.0800781 0.00924757
-0.0917969 0.0196097
-0.0917969 0.0196097
-0.0878906 0.0174492
-0.085766 0.0158058
-0.0713573 0.000599382
-0.0761719 0.00811665
-0.0722656 0.00933985
-0.0683594 0.00271048
-0.0644531 -0.00181171
-0.0644148 0.00491996
-0.0683594 0.0117129
-0.0683594 0.0117129
-0.0644531 0.0145794
-0.0644531 0.0145794
-0.0917969 0.0403421
-0.0878906 0.0394879
-0.0839844 0.03876
-0.0800781 0.0381928
-0.0839844 0.03876
-0.0761719 0.0377783
-0.0722656 0.0374955
-0.0683594 0.0373391
-0.0644531 0.0372643
-0.0605469 0.00166493
-0.0610573 0.00718301
-0.0566406 0.00313362
-0.0566406 0.00313362
-0.0588149 0.007924
-0.0566406 0.00960759
-0.0527344 0.00559093
-0.0527344 0.00559093
-0.0488281 0.00193928
-0.0488281 0.00790302
-0.0538263 0.0113496
-0.0518365 0.0122615
-0.0488281 0.00790302
-0.0488281 0.0141652
-0.0605469 0.0174333
-0.0566406 0.0202316
-0.0566406 0.0202316
-0.0527344 0.023052
-0.0527344 0.023052
-0.0488281 0.0258717
-0.0463921 0.00362412
-0.0444265 0.00458153
-0.0410156 0.00659641
-0.0449219 0.00991746
-0.0449219 0.00991746
-0.0410156 0.0128983
-0.0389729 0.00775936
-0.0357335 0.00976562
-0.0371094 0.0143081
-0.0357335 0.00976562
-0.0332031 0.0166473
-0.0446466 0.0164141
-0.0410156 0.0185289
-0.0449219 0.0286792
-0.0441163 0.0292969
-0.0371094 0.0143081
-0.0371094 0.0206368
-0.0332031 0.0166473
-0.0334322 0.0226698
-0.0314739 0.0235524
-0.0605469 0.0371606
-0.0566406 0.0369612
-0.0527344 0.0368491
-0.0488281 0.0373082
-0.0449219 0.0385537
-0.0391239 0.0332031
-0.0403904 0.0378916
-0.0449219 0.0385537
-0.0424421 0.0392731
-0.0391239 0.0332031
-0.0385537 0.0362056
-0.0292969 0.0139008
-0.0258925 0.0153495
-0.0214844 0.0155019
-0.0175781 0.0152995
-0.0292969 0.0193132
-0.0292969 0.0193132
-0.0253906 0.0208627
-0.0253906 0.0208627
-0.0292969 0.0248393
-0.0258733 0.0268794
-0.0239879 0.027589
-0.0228054 0.0230899
-0.0206947 0.0243949
-0.0214844 0.0288903
-0.0175781 0.0262663
-0.0181949 0.030269
-0.0136719 0.000342887
-0.00976562 0.00515725
-0.00976562 0.00515725
-0.0136719 0.0161183
-0.00413807 0.000456024
-0.00761005 0.00766709
-0.00307575 0.00264506
-0.00105705 0.00538392
-0.00557794 0.009299
-0.00339762 0.0114193
-0.0014038 0.0127738
-0.0136719 0.0161183
-0.00976562 0.0178719
-0.0142819 0.0271847
-0.0153989 0.0274803
-0.0117187 0.0273437
-0.0101812 0.0276655
-0.00727147 0.0192824
-0.0031188 0.0214844
-0.00195312 0.0221123
-0.00390625 0.0273437
-0.00585938 0.0280461
-0.00195312 0.0286367
-0.0161227 0.0314933
-0.0127353 0.0332031
-0.0127353 0.0332031
-0.00821539 0.0353439
-0.00585938 0.0363647
-0.00195312 0.0380692
0.00195312 -0.0499811
0.00585938 -0.0507823
0.00585938 -0.0507823
0.00976562 -0.0493106
0.00976562 -0.0493106
0.0136719 -0.0517534
0.0127446 -0.0505228
0.00195312 -0.0398231
0.000136166 -0.0390328
0.00195312 -0.0329559
0.00585938 -0.0332477
0.00585938 -0.0332477
0.0111144 -0.0437623
0.0105389 -0.0410156
0.0136719 -0.0448517
0.0110667 -0.0381335
0.0136719 -0.0360062
0.0155134 -0.0315328
0.0175781 -0.0528058
0.015625 -0.0507812
0.0214844 -0.0537569
0.0253906 -0.0536105
0.0292969 -0.0526737
0.0292969 -0.048907
0.0164621 -0.0437535
0.017904 -0.0410156
0.0172129 -0.0371094
0.0175781 -0.0320498
0.0214844 -0.0318974
0.0271404 -0.0449219
0.0272278 -0.0427555
0.0292969 -0.0409549
0.0253906 -0.0322035
0.0292969 -0.0331054
0.00195312 -0.0329559
0.00195312 -0.0246604
0.00585938 -0.0300876
0.004576 -0.0267543
0.00976562 -0.0292485
0.0136719 -0.0294289
0.0110812 -0.00843409
0.0136719 -0.00907679
0.0103717 -0.00585938
0.0123092 -0.00195312
0.0136719 -0.000798673
0.0162964 -0.0310353
0.0210754 -0.0214844
0.0174832 -0.0175781
0.0214844 -0.0219155
0.0253906 -0.0233314
0.0292969 -0.0250436
0.0253906 -0.0233314
0.0188627 -0.0136719
0.0175781 -0.0103024
0.0188627 -0.0136719
0.0223811 -0.00976562
0.019552 -0.00585938
0.019552 -0.00585938
0.0230046 -0.0036768
0.0253906 -0.00887315
0.0253906 -0.00215148
0.0292969 -0.00228796
0.0271594 -0.00195312
0.0371094 -0.0548102
0.0329754 -0.0537669
0.0332031 -0.0484672
0.0371094 -0.0548102
0.0410156 -0.0552864
0.0449219 -0.0552798
0.03436 -0.0449219
0.0331524 -0.0414782
0.03436 -0.0449219
0.0351563 -0.0429687
0.0332031 -0.0340209
0.0371094 -0.0344442
0.0410156 -0.0344806
0.0449219 -0.0347018
0.0488281 -0.0532768
0.0488281 -0.0532768
0.050318 -0.0488281
0.0514098 -0.0520414
0.0508505 -0.0503258
0.0605469 -0.0544113
0.0577064 -0.0524507
0.058132 -0.0488281
0.0605469 -0.0544113
0.0586195 -0.0471192
0.0499318 -0.0452847
0.0513942 -0.043462
0.0537703 -0.0425852
0.0499958 -0.0352385
0.0486571 -0.0350633
0.0527344 -0.0353401
0.0579313 -0.0436537
0.0553256 -0.0426828
0.0591732 -0.0455253
0.0566406 -0.0353806
0.0605469 -0.0353704
0.0332031 -0.0263638
0.0371094 -0.0268915
0.0389718 -0.0198368
0.0392023 -0.0175781
0.0410156 -0.027813
0.0421499 -0.0272147
0.0449219 -0.0287257
0.0410156 -0.0216259
0.0392023 -0.0175781
0.0449219 -0.0225716
0.0302735 -0.00585938
0.0344182 -0.00348932
0.0371094 -0.00274784
0.0407138 -0.0136719
0.0421295 -0.00976562
0.041792 -0.00585938
0.0399021 -0.00322648
0.0488281 -0.0292283
0.0527344 -0.0293921
0.0488281 -0.0218638
0.0527344 -0.021893
0.0566406 -0.0295119
0.0605469 -0.0294671
0.0619849 -0.0236203
0.0566406 -0.0223873
0.0602112 -0.0230801
0.0530571 -0.00906732
0.0503869 -0.00585938
0.0503937 -0.0031919
0.0503869 -0.00585938
0.0526069 -0.00195312
0.0566406 -0.0103704
0.0605469 -0.0112324
0.0566406 0.000485579
0.0605469 0.000609433
0.0644531 -0.0553122
0.0683594 -0.0542921
0.0644531 -0.0553122
0.0683594 -0.0542921
0.0722656 -0.0532377
0.0761719 -0.051216
0.0761719 -0.051216
0.0644531 -0.0353074
0.0670267 -0.0352757
0.0690636 -0.0341648
0.078125 -0.046875
0.0722656 -0.0338037
0.0782203 -0.0332031
0.0793271 -0.047877
0.0839844 -0.0463631
0.0878906 -0.0506793
0.0878906 -0.0506793
0.0917969 -0.0505823
0.0917969 -0.0505823
0.0800781 -0.0446473
0.0800781 -0.0446473
0.0839844 -0.0463631
0.0827435 -0.0425068
0.0782203 -0.0332031
0.0829416 -0.0322071
0.0891403 -0.0314457
0.0925991 -0.031308
0.0644531 -0.0294674
0.0644531 -0.0241137
0.0683594 -0.0282732
0.0683594 -0.0282732
0.0722656 -0.0259356
0.0722656 -0.0259356
0.0761719 -0.0288848
0.0734398 -0.0214844
0.0734398 -0.0214844
0.0772232 -0.0175781
0.0644531 -0.0116365
0.0683594 -0.011202
0.0644531 -0.000426959
0.0683594 -0.000360519
0.0722656 -0.010152
0.078125 -0.015625
0.0761719 -0.00881381
0.0706935 -0.000201944
0.078125 -0.0078125
0.080453 -0.0284543
0.0829816 -0.0296468
0.0772232 -0.0175781
0.0884859 -0.0292969
0.089634 -0.0271578
0.0911703 -0.0304534
0.0917969 -0.0255946
0.0878906 -0.0159826
0.0917969 -0.0163871
0.0801363 -0.0148949
0.078486 -0.0079585
0.0839844 -0.0145055
0.0825181 -0.00585938
0.0839844 -0.00505936
0.0878906 -0.0159826
0.086111 -0.00397628
0.0880972 -0.00305345
0.0917969 -0.00190654
0.0957031 -0.0489954
0.0996094 -0.0470061
0.0996094 -0.0470061
0.105216 -0.0449219
0.103516 -0.0406303
0.105216 -0.0449219
0.107917 -0.0410156
0.103329 -0.0371094
0.107422 -0.0336974
0.111328 -0.0448495
0.114947 -0.0436975
0.116597 -0.0427822
0.110849 -0.0371094
0.110341 -0.0318151
0.113281 -0.0351563
0.115234 -0.033662
0.119141 -0.041431
0.123047 -0.0396618
0.118493 -0.0318035
0.123047 -0.0396618
0.0957031 -0.0291657
0.0957031 -0.0243608
0.0985406 -0.0276564
0.100347 -0.0262042
0.0957031 -0.015089
0.100281 -0.0230153
0.103516 -0.0258839
0.107422 -0.0242161
0.103516 -0.0211926
0.105783 -0.0201565
0.108063 -0.0189442
0.0957031 -0.015089
0.0977166 -0.0136719
0.10082 -0.00976562
0.0957031 -0.00239112
0.101116 -0.00585938
0.0996094 0.000169278
0.101116 -0.00585938
0.103958 -0.00362594
0.107422 -0.0010715
0.111832 -0.0302902
0.114749 -0.0281951
0.116582 -0.0270652
0.111328 -0.0224154
0.111328 -0.0170011
0.115234 -0.020447
0.113385 -0.0194309
0.120227 -0.03095
0.120412 -0.0253906
0.123047 -0.0298049
0.120412 -0.0253906
0.117188 -0.0195313
0.119141 -0.0181743
0.124915 -0.023415
0.122047 -0.0162104
0.113281 -0.015625
0.115364 -0.0146137
0.111328 0.00119501
0.118308 -0.0125483
0.120424 -0.0112237
0.123974 -0.0150404
0.122567 -0.00923907
0.124662 -0.00741754
0.126953 -0.038089
0.130859 -0.0363955
0.133265 -0.0353652
0.137852 -0.0332031
0.138672 -0.0327849
0.141235 -0.0315588
0.126953 -0.0285449
0.125002 -0.0271606
0.130859 -0.0278687
0.126953 -0.0223146
0.130859 -0.0202677
0.130859 -0.0202677
0.13668 -0.0273501
0.134766 -0.0271526
0.138672 -0.0267685
0.134766 -0.01808
0.138672 -0.0162043
0.1266 -0.0129059
0.128582 -0.0115546
0.130735 -0.00944542
0.126017 -0.00541422
0.128039 -0.00245994
0.132746 -0.00776573
0.128962 -0.000130256
0.138672 -0.0162043
0.134766 -0.00543591
0.134766 -0.00543591
0.138672 -0.000569572
0.145434 -0.0292969
0.142578 -0.0261773
0.145434 -0.0292969
0.145937 -0.024476
0.147943 -0.0231778
0.148955 -0.027553
0.150753 -0.0269838
0.154297 -0.0249247
0.150391 -0.0207182
0.150391 -0.0207182
0.154297 -0.0194469
0.154297 -0.0194469
0.142578 -0.0152398
0.146484 -0.0153543
0.150656 -0.0153608
0.154297 -0.0140117
0.163818 -0.0357009
0.164443 -0.0332031
0.167721 -0.0391611
0.169922 -0.0383285
0.165768 -0.0374857
0.164443 -0.0332031
0.169922 -0.0383285
0.173828 -0.0371264
0.177734 -0.0365995
0.181641 -0.0366895
0.185547 -0.0369286
0.156552 -0.0235918
0.158511 -0.0227074
0.158203 -0.0167423
0.162109 -0.0206942
0.162109 -0.014396
0.169303 -0.0292969
0.169922 -0.0288048
0.166016 -0.018598
0.169735 -0.0164475
0.158203 -0.0167423
0.160878 -0.00976562
0.162109 -0.014396
0.160878 -0.00976562
0.164033 -0.00779519
0.166016 -0.0129798
0.169922 -0.0100315
0.169922 -0.0100315
0.166016 -0.00669388
0.169526 -0.00462958
0.171482 -0.00367638
0.173828 -0.0259795
0.173828 -0.0259795
0.177734 -0.0231285
0.177734 -0.0231285
0.181641 -0.0202864
0.181641 -0.0202864
0.185547 -0.0174722
0.173828 -0.0142599
0.173828 -0.0080448
0.176942 -0.012307
0.178908 -0.0114002
0.173828 -0.0080448
0.173828 -0.00203695
0.177734 -0.00572121
0.177734 -0.00572121
0.181641 -0.00973487
0.183944 -0.00798857
0.181641 -0.00327558
0.181641 -0.00327558
0.186161 -0.00723757
0.185547 -0.0017612
0.189453 -0.0370954
0.193359 -0.037221
0.197266 -0.0374124
0.201172 -0.0377224
0.208984 -0.0387818
0.205078 -0.0381696
0.208984 -0.0387818
0.212891 -0.0395475
0.216797 -0.0404204
0.189453 -0.0145978
0.189453 -0.0145978
0.193359 -0.0117178
0.193359 -0.0117178
0.189453 -0.00502901
0.189453 0.00170194
0.193359 -0.00282021
0.197266 -0.00931787
0.201172 -0.0080243
0.196495 -0.000671177
0.213118 -0.0175781
0.216797 -0.0209417
0.216797 -0.0209417
0.205078 -0.00898929
0.20983 -0.0136719
0.208984 -0.012616
0.20983 -0.0136719
0.220703 -0.0413895
0.224609 -0.0424363
0.224609 -0.0424363
0.228516 -0.0435218
0.228516 -0.0435218
0.232422 -0.0446089
0.240234 -0.0468831
0.244141 -0.0479048
0.248047 -0.0489078
0.236328 -0.0457427
0.240234 -0.0468831
0.238103 -0.0315638
0.242187 -0.0351563
0.240234 -0.0334696
0.249391 -0.039596
0.244141 -0.0330998
0.248743 -0.0371094
0.249367 -0.0339021
0.220703 -0.0230485
0.220703 -0.0230485
0.224609 -0.0230557
0.228516 -0.0226329
0.234063 -0.0275379
0.232422 -0.0253406
0.228516 -0.0226329
0.233149 -0.0221497
0.233463 -0.0175781
0.233819 -0.0136719
0.233245 -0.00976562
0.232859 -0.00585938
0.233812 -0.00299462
0.237297 -0.0283858
0.236211 -0.0267712
0.239093 -0.0297994
0.240234 -0.0252599
0.236315 -0.0214844
0.234396 -0.0157658
0.240601 -0.022949
0.241477 -0.0167439
0.244141 -0.02908
0.244141 -0.02908
0.248047 -0.0273649
0.248047 -0.0273649
0.244793 -0.0214844
0.243036 -0.0183532
0.246253 -0.0233557
0.234784 -0.0118487
0.236645 -0.010492
0.239202 -0.014197
0.238288 -0.0078458
0.236328 -5.55407e-05
0.240225 -0.00585938
0.242042 -0.00377783
0.243944 -0.00195312
0.251953 -0.0499276
0.255859 -0.0507013
0.255859 -0.0507013
0.259766 -0.0511951
0.260168 -0.0507069
0.263672 -0.0519257
0.261951 -0.0507177
0.251953 -0.0399229
0.253906 -0.0390625
0.251069 -0.0320947
0.259611 -0.0371094
0.255859 -0.0328383
0.260953 -0.0437395
0.260083 -0.0410156
0.263672 -0.0435335
0.263672 -0.0435335
0.259611 -0.0371094
0.257813 -0.03125
0.263672 -0.0361752
0.267578 -0.0528725
0.271484 -0.0532574
0.275391 -0.0532997
0.275391 -0.0472313
0.279297 -0.0506888
0.279297 -0.0506888
0.266114 -0.0434325
0.267418 -0.0410156
0.273437 -0.0429687
0.267578 -0.034495
0.267578 -0.034495
0.271484 -0.0319164
0.275391 -0.0472313
0.275391 -0.041093
0.279487 -0.0449219
0.278919 -0.0415028
0.275391 -0.0325995
0.279297 -0.0333688
0.253598 -0.0300074
0.251953 -0.024535
0.255859 -0.0328383
0.254733 -0.0266368
0.259766 -0.029335
0.263672 -0.0294924
0.266457 -0.0175781
0.266799 -0.0136719
0.265625 -0.0078125
0.264461 -0.00582733
0.264247 -0.00195312
0.266411 -0.0310061
0.268667 -0.0202133
0.266457 -0.0175781
0.271484 -0.0215464
0.275391 -0.0231135
0.279297 -0.0251363
0.275391 -0.0231135
0.266799 -0.0136719
0.268979 -0.00976562
0.272115 -0.00976562
0.267206 -0.00699322
0.264247 -0.00195312
0.271461 -0.00498752
0.275391 -0.00867283
0.27747 -0.00786735
0.275391 -0.00330924
0.279907 -0.00646056
0.281538 -0.00195312
0.283203 -0.054498
0.287109 -0.0495307
0.287109 -0.0495307
0.294922 -0.0550815
0.291016 -0.0534739
0.291569 -0.0491466
0.294922 -0.0550815
0.292969 -0.046875
0.285156 -0.046875
0.286894 -0.0449219
0.288393 -0.0426183
0.283203 -0.0340351
0.287109 -0.0343101
0.29206 -0.0438051
0.291016 -0.0405045
0.293217 -0.0460791
0.292969 -0.0429687
0.291016 -0.0405045
0.291016 -0.0345969
0.294922 -0.0349026
0.298828 -0.0556255
0.302734 -0.0542102
0.302734 -0.0542102
0.304656 -0.0471402
0.305859 -0.0520683
0.30485 -0.0488281
0.311114 -0.0523629
0.310547 -0.048799
0.30399 -0.0454171
0.29979 -0.0352102
0.299868 -0.0351237
0.302734 -0.0353275
0.305786 -0.043408
0.30825 -0.0429174
0.310547 -0.048799
0.306641 -0.0354373
0.310547 -0.0354647
0.283203 -0.0266557
0.287408 -0.0276002
0.285445 -0.0272919
0.290029 -0.0175781
0.291016 -0.0281759
0.294922 -0.0286313
0.292387 -0.0199192
0.290029 -0.0175781
0.294922 -0.0208459
0.289541 -0.0136719
0.283203 -0.00528358
0.281538 -0.00195312
0.287189 -0.00499364
0.285935 -0.00301096
0.289541 -0.0136719
0.291268 -0.00976562
0.290487 -0.00602533
0.298828 -0.0290537
0.302734 -0.0293346
0.298828 -0.0214758
0.302734 -0.0224023
0.306641 -0.029267
0.307669 -0.0238196
0.310547 -0.029306
0.310547 -0.0242564
0.305651 -0.0232089
0.303101 -0.00901251
0.300371 -0.00585938
0.301628 -0.00195312
0.300371 -0.00585938
0.301628 -0.00195312
0.306641 -0.01029
0.310547 -0.0111508
0.310547 0.000607395
0.314453 -0.0546814
0.318359 -0.054795
0.314453 -0.0546814
0.3125 -0.0507812
0.318359 -0.054795
0.322266 -0.0533955
0.326172 -0.0501749
0.326172 -0.0501749
0.313334 -0.0353277
0.316031 -0.0347762
0.318359 -0.0338583
0.327593 -0.0457938
0.328057 -0.0428897
0.322266 -0.0343127
0.326172 -0.0337067
0.328951 -0.0472547
0.333984 -0.0478326
0.337891 -0.0511419
0.337891 -0.0511419
0.341797 -0.0504965
0.341797 -0.0504965
0.330078 -0.0434537
0.330078 -0.0434537
0.333984 -0.0478326
0.332269 -0.0427559
0.330078 -0.0325648
0.333984 -0.0322562
0.335938 -0.046875
0.337627 -0.0316259
0.339844 -0.03125
0.314453 -0.0288754
0.314453 -0.0288754
0.318359 -0.0264365
0.318359 -0.0264365
0.321852 -0.0214844
0.322266 -0.029825
0.326172 -0.0295228
0.322266 -0.0212858
0.326172 -0.0183553
0.326172 -0.0183553
0.314453 -0.0115028
0.318359 -0.011016
0.314453 -0.000430562
0.318359 -0.000378479
0.322266 -0.00995515
0.326172 -0.0086305
0.320731 -0.000221338
0.330078 -0.029817
0.333157 -0.028574
0.335937 -0.0273437
0.329513 -0.0175781
0.333984 -0.015415
0.339667 -0.0290725
0.33824 -0.0271419
0.341797 -0.0298084
0.341797 -0.0261493
0.337891 -0.0166958
0.341797 -0.0167069
0.330911 -0.0153223
0.328366 -0.00790334
0.333984 -0.015415
0.33027 -0.0070947
0.333984 -0.00544619
0.337392 -0.0041823
0.339501 -0.00386456
0.341864 -0.0041631
0.340802 -0.00351783
0.345703 -0.0488538
0.349609 -0.0468348
0.349609 -0.0468348
0.355231 -0.0449219
0.353516 -0.0410397
0.355231 -0.0449219
0.357722 -0.0410156
0.353419 -0.0371094
0.357422 -0.0361056
0.357422 -0.0361056
0.361328 -0.0448539
0.365234 -0.0434758
0.365234 -0.0434758
0.360952 -0.0367568
0.360148 -0.0320809
0.365234 -0.0337619
0.369141 -0.0414231
0.373047 -0.0396831
0.368629 -0.0318557
0.373047 -0.0396831
0.345703 -0.0288079
0.345703 -0.0246437
0.34919 -0.0277145
0.348363 -0.027001
0.345703 -0.0148424
0.350258 -0.0230402
0.353516 -0.0259724
0.357422 -0.0243293
0.353516 -0.0213808
0.355943 -0.0201431
0.358229 -0.0190128
0.345703 -0.0148424
0.347173 -0.0136719
0.350349 -0.00976562
0.345703 -0.00514565
0.350423 -0.00585938
0.348802 -0.00195312
0.350349 -0.00976562
0.353516 -0.00576645
0.357197 -0.00195312
0.361945 -0.0302869
0.364629 -0.0282347
0.36656 -0.027007
0.361328 -0.0225319
0.361328 -0.0171581
0.365234 -0.0204885
0.363382 -0.0192069
0.370265 -0.0311062
0.369902 -0.0253906
0.373047 -0.0299493
0.369902 -0.0253906
0.369141 -0.018099
0.374421 -0.0232535
0.371933 -0.0161429
0.363281 -0.015625
0.365467 -0.0146553
0.361328 0.00129646
0.368353 -0.0125813
0.370468 -0.011254
0.373851 -0.014961
0.372603 -0.00927778
0.374726 -0.00749815
0.376953 -0.03811
0.380859 -0.0364088
0.384766 -0.0347173
0.384766 -0.0347173
0.388672 -0.032795
0.391241 -0.0315578
0.394531 -0.03125
0.376953 -0.0284929
0.380859 -0.0277589
0.376953 -0.0218786
0.380859 -0.0198185
0.380859 -0.0198185
0.384766 -0.0271325
0.388672 -0.0268426
0.384766 -0.017691
0.388672 -0.0161296
0.376511 -0.0128201
0.378485 -0.0115158
0.380714 -0.0093762
0.376072 -0.00549941
0.378097 -0.00254633
0.382739 -0.00776642
0.379001 -0.000223024
0.388672 -0.0161296
0.384766 -0.00547844
0.384766 -0.00547844
0.388672 -0.000784708
0.395511 -0.0292969
0.392578 -0.0262603
0.395511 -0.0292969
0.3959 -0.0245055
0.396484 -0.0206028
0.396484 -0.0206028
0.399031 -0.0275887
0.400789 -0.0269743
0.404297 -0.0249182
0.400391 -0.0209386
0.400391 -0.0209386
0.404297 -0.0191843
0.404297 -0.0191843
0.392578 -0.0155471
0.398437 -0.015625
0.401225 -0.0153539
0.404297 -0.0137801
0.413777 -0.0357905
0.414425 -0.0332031
0.417646 -0.0391954
0.419922 -0.0384668
0.415654 -0.0375602
0.414425 -0.0332031
0.419922 -0.0384668
0.423828 -0.0372542
0.427734 -0.0367239
0.431641 -0.036787
0.435547 -0.0369795
0.406543 -0.023587
0.408504 -0.0227095
0.408203 -0.0165872
0.412109 -0.0207002
0.412109 -0.0143867
0.419291 -0.0292969
0.419922 -0.028796
0.416016 -0.0186049
0.419742 -0.0164512
0.408203 -0.0165872
0.41074 -0.00976562
0.412109 -0.0143867
0.41074 -0.00976562
0.414019 -0.00778721
0.416016 -0.0129749
0.419922 -0.0100347
0.419922 -0.0100347
0.416016 -0.00667872
0.419534 -0.0046242
0.421483 -0.00367835
0.423828 -0.0259672
0.423828 -0.0259672
0.427734 -0.0231132
0.427734 -0.0231132
0.431641 -0.0202683
0.431641 -0.0202683
0.435547 -0.017448
0.423828 -0.014268
0.423828 -0.00806072
0.426951 -0.0123111
0.428914 -0.0114033
0.423828 -0.00806072
0.423828 -0.0020503
0.427734 -0.00574421
0.427734 -0.00574421
0.431641 -0.00974383
0.433955 -0.00799366
0.431641 -0.003306
0.431641 -0.003306
0.436168 -0.007241
0.435547 -0.00179575
0.439453 -0.0371032
0.443359 -0.0372114
0.447266 -0.0374064
0.451172 -0.0377226
0.458984 -0.0387406
0.455078 -0.0381597
0.458984 -0.0387406
0.462891 -0.0394781
0.466797 -0.0403383
0.439453 -0.0145683
0.439453 -0.0145683
0.443359 -0.0117017
0.443359 -0.0117017
0.439453 -0.00503742
0.439453 0.00167401
0.443359 -0.00282782
0.447266 -0.00936222
0.451172 -0.00818071
0.446505 -0.000675837
0.460937 -0.015625
0.462891 -0.017127
0.466797 -0.0196413
0.466797 -0.0196413
0.455078 -0.00922179
0.459718 -0.0136719
0.458984 -0.0127861
0.459718 -0.0136719
0.470703 -0.041316
0.474609 -0.0423795
0.478516 -0.0434777
0.478516 -0.0434777
0.482422 -0.0445511
0.490234 -0.0468432
0.494141 -0.0479122
0.498047 -0.048819
0.486328 -0.0456633
0.490234 -0.0468432
0.491609 -0.0356611
0.490944 -0.0329227
0.494141 -0.0358398
0.492634 -0.035045
0.50071 -0.0371094
0.498047 -0.0301213
0.470703 -0.0213995
0.474609 -0.0226808
0.483148 -0.0288701
0.482773 -0.0253906
0.478516 -0.0226993
0.482422 -0.0236179
0.483658 -0.0180703
0.484247 -0.00806368
0.483651 -0.00585938
0.484376 -0.00195312
0.486328 -0.0298117
0.490477 -0.028508
0.491017 -0.0253906
0.486328 -0.0221608
0.486328 -0.0168227
0.490234 -0.0223404
0.49176 -0.0161602
0.494141 -0.0286118
0.494141 -0.0286118
0.498047 -0.0301213
0.497498 -0.0258848
0.49487 -0.0214844
0.493037 -0.0181463
0.49687 -0.0225455
0.486328 -0.0168227
0.486416 -0.00881039
0.490234 -0.0141521
0.488492 -0.00812036
0.484376 -0.00195312
0.491128 -0.00585938
0.491128 -0.00585938
0.494556 -0.00195312
0.000400516 0.00737788
0.00250992 0.00911671
0.00120023 0.0149091
0.00475666 0.0111118
0.00684798 0.0124281
0.0136719 -0.000798673
0.00976562 0.0144484
0.0117304 0.0156183
0.00313877 0.0161022
0.000315879 0.0233417
0.00585938 0.0179636
0.00221312 0.024193
0.00195312 0.0297811
0.00585938 0.0258991
0.0048805 0.0308964
0.00851509 0.0194671
0.0098459 0.0202889
0.0136719 0.0167132
0.0136719 0.0222838
0.00863754 0.0270402
0.010531 0.0279154
0.015625 0.0234375
0.0134027 0.0300437
0.0175781 0.00195524
0.0214844 0.00506861
0.0253906 0.00579358
0.0317274 0.00195312
0.0261703 0.00585938
0.031299 0.00976562
0.0318445 0.0136719
0.0171677 0.0188113
0.01942 0.0226231
0.0214844 0.0210503
0.0175781 0.0241396
0.0214844 0.0258308
0.0249532 0.0229154
0.0255627 0.0272103
0.0260001 0.0277069
0.0293712 0.0246096
0.0292969 0.0288726
0.00195312 0.0396417
0.00667894 0.0317262
0.00195312 0.0396417
0.00585938 0.0412773
0.00585938 0.0412773
0.00976562 0.0334182
0.0153455 0.0347455
0.014533 0.0359607
0.00976562 0.0432149
0.00976562 0.0432149
0.0136719 0.0449411
0.017486 0.033786
0.0175781 0.0379008
0.0214844 0.0393304
0.0175781 0.0379008
0.0199681 0.0449219
0.0214844 0.0393304
0.0199681 0.0449219
0.0253906 0.0466005
0.0253906 0.0466005
0.0292969 0.0491495
0.0317274 0.00195312
0.0332031 0.00901897
0.0371094 0.00315493
0.031299 0.00976562
0.0318445 0.0136719
0.0410156 0.00511286
0.0449219 0.00718798
0.0449219 0.00718798
0.0353533 0.0175781
0.0353533 0.0175781
0.0371094 0.0229084
0.0332031 0.0262012
0.0332031 0.0298862
0.0371094 0.0229084
0.0355398 0.028266
0.0410156 0.0203526
0.0449219 0.0207155
0.0415041 0.0286459
0.0449219 0.0298927
0.0542136 0.000257828
0.0488281 0.00870975
0.0527344 0.0100567
0.0566406 0.000485579
0.0605469 0.000609433
0.0566406 0.0110913
0.0605469 0.0116026
0.0488281 0.0201556
0.0488281 0.0201556
0.0527344 0.019816
0.0527344 0.019816
0.0488281 0.0298227
0.0527344 0.0296534
0.0566406 0.0206366
0.0605469 0.0222144
0.0566406 0.0297104
0.0605469 0.0301303
0.0373479 0.0315712
0.0385979 0.0462805
0.0410156 0.0322668
0.0449219 0.0329005
0.0410156 0.0442932
0.0410156 0.0442932
0.0435327 0.0425493
0.0449219 0.0480763
0.0332031 0.050559
0.0332031 0.050559
0.0371094 0.0491088
0.0371094 0.0491088
0.0404552 0.0470448
0.0449219 0.0480763
0.0466322 0.0509974
0.0488281 0.0336617
0.0523938 0.0343815
0.0542833 0.03523
0.0559034 0.0349917
0.0577044 0.0352278
0.0615009 0.0351134
0.061327 0.0352
0.0612875 0.0449219
0.0488281 0.052541
0.0527344 0.0543734
0.0527344 0.0543734
0.0566406 0.0543846
0.0605469 0.0494491
0.0566426 0.0527344
0.0566406 0.0543846
0.0644531 -0.000426959
0.0683594 -0.000360519
0.0644531 0.0113393
0.0683594 0.0106008
0.0719273 0.00195312
0.0746987 0.00585938
0.0745882 0.00324222
0.0746987 0.00585938
0.0721135 0.00924237
0.0636216 0.023221
0.0669822 0.0233832
0.0644531 0.0284003
0.0644531 0.0284003
0.0688743 0.023846
0.0683594 0.0297256
0.0742187 0.0234375
0.0764768 0.0230564
0.0722656 0.0240522
0.0722656 0.0290201
0.0746587 0.0236615
0.0761719 0.028938
0.0844318 0.00247648
0.0828759 0.00585938
0.083561 0.00976562
0.0845424 0.0136719
0.0878906 0.0018409
0.090558 0.00307083
0.0927653 0.00457374
0.0800781 0.0222459
0.0846041 0.0175781
0.0830161 0.020547
0.0800781 0.0289689
0.0839844 0.0286448
0.0878906 0.0280459
0.0922706 0.0268514
0.0903418 0.0275061
0.0626016 0.0351333
0.0644531 0.0353792
0.0683594 0.0355652
0.0644531 0.0442234
0.0669825 0.045568
0.0722656 0.0355791
0.0761719 0.0354415
0.0780463 0.0466242
0.0658425 0.048474
0.0654566 0.0515393
0.0683594 0.0542659
0.0683594 0.0542659
0.0722656 0.0556057
0.0761719 0.0553295
0.0818123 0.0351385
0.0797682 0.0352703
0.0839844 0.034787
0.0800781 0.0415205
0.0800781 0.0415205
0.0827547 0.0426663
0.0839844 0.0478813
0.0878906 0.0341871
0.0917969 0.0339793
0.09375 0.0429687
0.0794136 0.0488281
0.0804302 0.0533475
0.0839844 0.0478813
0.0839844 0.0530854
0.0859375 0.0546875
0.0878906 0.0546209
0.0917969 0.05472
0.0878906 0.0546209
0.0917969 0.05472
0.0957031 0.00713642
0.100365 0.00195312
0.101562 0.0078125
0.0957031 0.00713642
0.101623 0.00976562
0.103516 0.00403843
0.103516 0.00403843
0.107422 0.00975573
0.101623 0.00976562
0.104565 0.0136719
0.107422 0.00975573
0.104565 0.0136719
0.0996094 0.0240493
0.0957031 0.025446
0.0996094 0.0240493
0.10516 0.0214844
0.107152 0.0175781
0.10516 0.0214844
0.101572 0.0234416
0.105469 0.03125
0.107565 0.0306919
0.111328 0.00119501
0.112475 0.00195312
0.11525 0.00585938
0.111328 0.00958233
0.114369 0.00884535
0.111328 0.029462
0.115234 0.0293735
0.119275 0.0268101
0.118152 0.0276961
0.123047 0.026335
0.0957031 0.0334906
0.0996094 0.0327514
0.0957031 0.041105
0.0957031 0.0486641
0.0996094 0.0411047
0.0996094 0.0470807
0.103516 0.0318706
0.107422 0.0358789
0.107422 0.0358789
0.10628 0.0410156
0.107879 0.0439306
0.0957031 0.0486641
0.0957031 0.0538757
0.0996094 0.0470807
0.0996094 0.0529314
0.103516 0.053183
0.107422 0.052874
0.113874 0.0371094
0.115234 0.0293735
0.113874 0.0371094
0.11301 0.0413179
0.111328 0.0443022
0.1135 0.0392059
0.119141 0.0321614
0.123047 0.0338556
0.124309 0.0371094
0.119141 0.0403751
0.123047 0.0404513
0.111328 0.0520631
0.115234 0.0513951
0.119141 0.0507321
0.119141 0.0507321
0.123047 0.0498325
0.130402 0.00195312
0.133771 0.00585938
0.133771 0.00585938
0.140534 0.00195312
0.136446 0.00822368
0.13477 0.0141338
0.138596 0.00890148
0.138672 0.0170246
0.128256 0.0225729
0.131945 0.0181159
0.130079 0.0214844
0.127538 0.0255348
0.126953 0.0298891
0.130859 0.0282263
0.130859 0.0282263
0.133222 0.0161347
0.134766 0.0224292
0.138672 0.0170246
0.138672 0.0221381
0.134017 0.0253906
0.134766 0.0285231
0.138672 0.0299777
0.140534 0.00195312
0.141306 0.00585938
0.140763 0.00810965
0.141279 0.0179854
0.142578 0.0241015
0.146484 0.0228117
0.142346 0.0253906
0.141938 0.0289832
0.150391 0.022791
0.154297 0.0213599
0.126953 0.0298891
0.1324 0.0350684
0.130859 0.0356467
0.134189 0.0328677
0.133356 0.0355853
0.134766 0.0469494
0.138672 0.0457833
0.126953 0.0489081
0.130859 0.0479883
0.134766 0.0469494
0.142578 0.0446666
0.146484 0.043571
0.150391 0.0424505
0.150391 0.0424505
0.154297 0.0413726
0.165722 0.0136719
0.166016 0.0132956
0.165722 0.0136719
0.169922 0.00924464
0.158203 0.0196975
0.158203 0.0196975
0.162109 0.0175812
0.164294 0.015876
0.178601 0.000623856
0.173828 0.00816154
0.177734 0.00936944
0.181641 0.00275091
0.185547 -0.0017612
0.185547 0.00495614
0.181641 0.011704
0.181641 0.011704
0.185547 0.0145555
0.185547 0.0145555
0.158203 0.0403918
0.162109 0.039526
0.166016 0.0387847
0.169922 0.038201
0.166016 0.0387847
0.173828 0.0377723
0.177734 0.0374781
0.181641 0.0373159
0.185547 0.0372439
0.189453 0.00170194
0.188895 0.00720893
0.193359 0.0031829
0.193359 0.0031829
0.19113 0.00795142
0.193359 0.00966428
0.197266 0.00562518
0.197266 0.00562518
0.201172 0.00194703
0.201172 0.0079335
0.196141 0.0113736
0.198124 0.0122771
0.201172 0.0079335
0.201172 0.0141965
0.189453 0.0174143
0.193359 0.0202197
0.193359 0.0202197
0.197266 0.0230449
0.197266 0.0230449
0.201172 0.0258698
0.203598 0.00362958
0.205563 0.00458753
0.208984 0.00660869
0.205078 0.00993977
0.205078 0.00993977
0.208984 0.0122369
0.208984 0.0122369
0.211019 0.00776413
0.212891 0.00889465
0.212891 0.0143179
0.216074 0.0109923
0.216797 0.0166839
0.205329 0.0164213
0.208984 0.0185439
0.205078 0.0286802
0.205883 0.0292969
0.212891 0.0143179
0.212891 0.0206414
0.216797 0.0166839
0.21657 0.0226741
0.218526 0.0235519
0.189453 0.0371504
0.193359 0.0369628
0.197266 0.0368588
0.201172 0.0373217
0.205078 0.0385713
0.210881 0.0332031
0.20963 0.0379082
0.205078 0.0385713
0.207576 0.0392808
0.210881 0.0332031
0.211456 0.0362248
0.220703 0.0139674
0.224609 0.0153397
0.228516 0.0152788
0.232422 0.0151802
0.220703 0.0193735
0.220703 0.0193735
0.224609 0.0216635
0.220703 0.0248328
0.224158 0.0268809
0.226049 0.0275689
0.227182 0.023105
0.229302 0.0243874
0.228516 0.0288278
0.232422 0.0262154
0.231814 0.0302444
0.236328 -5.55407e-05
0.238767 0.00324468
0.24075 0.00553494
0.236328 0.0161715
0.245838 0.00041983
0.242422 0.00760674
0.247053 0.00256998
0.249064 0.00517236
0.24444 0.00934534
0.246529 0.0114451
0.248545 0.0128164
0.236328 0.0161715
0.240234 0.0180515
0.235953 0.0271491
0.234498 0.0274206
0.239822 0.0276554
0.244141 0.0202095
0.244141 0.0202095
0.246542 0.0214844
0.244141 0.0280533
0.25 0.0234375
0.248047 0.0286427
0.233892 0.0314898
0.23729 0.0332031
0.23729 0.0332031
0.241804 0.0353347
0.244141 0.0363441
0.248047 0.0380471
0.250569 0.00718474
0.252664 0.00902517
0.251212 0.0149728
0.254822 0.0110405
0.256979 0.0124321
0.267452 0.00195312
0.259766 0.0143826
0.261807 0.0155755
0.253138 0.0160761
0.250108 0.0234062
0.255859 0.0178253
0.254639 0.0253906
0.251953 0.0297391
0.254639 0.0253906
0.25512 0.0309583
0.258653 0.0193964
0.260062 0.0201716
0.263727 0.0166026
0.263672 0.0220216
0.258543 0.0270643
0.260497 0.0280645
0.263439 0.0301815
0.267452 0.00195312
0.27103 0.00585938
0.269531 0.00390625
0.271484 0.00631337
0.271484 0.00631337
0.275391 0.00922764
0.279297 0.00987004
0.267325 0.0187321
0.269309 0.0232542
0.271484 0.0209995
0.267634 0.0240152
0.271484 0.0257242
0.275072 0.0229008
0.274527 0.0269334
0.276119 0.0277048
0.27954 0.0244628
0.279297 0.0288547
0.251953 0.0396255
0.256888 0.0315932
0.251953 0.0396255
0.255859 0.0413226
0.259766 0.0331003
0.262733 0.0317781
0.26413 0.0367391
0.259766 0.0432416
0.259766 0.0432416
0.263672 0.0444674
0.267578 0.0360319
0.267578 0.0360319
0.269748 0.034969
0.27201 0.0371094
0.267674 0.0410156
0.269147 0.0449219
0.271484 0.0419759
0.271484 0.0419759
0.275391 0.0472873
0.275391 0.0472873
0.279297 0.0493509
0.284289 0.00195312
0.286873 0.00585938
0.284289 0.00195312
0.286873 0.00585938
0.283203 0.0081978
0.283459 0.0136719
0.291016 0.00767155
0.291016 0.00767155
0.294922 0.00874809
0.286107 0.0175781
0.286107 0.0175781
0.287109 0.0186849
0.283147 0.0261805
0.283203 0.0299021
0.286945 0.0292969
0.291016 0.0253147
0.294922 0.0209877
0.291016 0.0253147
0.290424 0.0284537
0.294922 0.028263
0.30416 0.000286118
0.298828 0.00947638
0.302734 0.010064
0.306641 0.000510577
0.310547 0.000607395
0.306641 0.0106946
0.310547 0.0112115
0.298828 0.0196712
0.298828 0.0196712
0.302734 0.0190628
0.298828 0.0296813
0.302734 0.030149
0.306641 0.0200374
0.306641 0.0200374
0.310547 0.0219085
0.306641 0.0296205
0.310547 0.0300175
0.288065 0.0315401
0.288652 0.0426132
0.287109 0.0468463
0.291016 0.0324061
0.296032 0.0332031
0.291016 0.044075
0.291016 0.044075
0.293249 0.0463149
0.283203 0.0499619
0.287109 0.0468463
0.292126 0.0473525
0.294922 0.050174
0.294922 0.050174
0.296032 0.0332031
0.302516 0.0339607
0.304479 0.0352059
0.304793 0.0350935
0.307038 0.0354652
0.310547 0.0356504
0.308594 0.046875
0.310547 0.0480835
0.298828 0.052903
0.302734 0.0543452
0.302734 0.0543452
0.306641 0.0541491
0.310547 0.0480835
0.30985 0.0518868
0.306641 0.0541491
0.314453 -0.000430562
0.318359 -0.000378479
0.314453 0.0111498
0.318359 0.0105395
0.322002 0.00195312
0.324807 0.00585938
0.324635 0.00317514
0.324807 0.00585938
0.322146 0.00923017
0.324219 0.0078125
0.313686 0.0231484
0.316867 0.023342
0.314453 0.0271847
0.314453 0.0271847
0.318359 0.0285134
0.318359 0.0285134
0.326902 0.0229407
0.322266 0.0248821
0.322266 0.0287766
0.324854 0.024485
0.326172 0.0284546
0.334286 0.00257678
0.332818 0.00585938
0.33359 0.00976562
0.334633 0.0136719
0.337891 0.0017819
0.340934 0.00322091
0.342892 0.0044456
0.332031 0.0195312
0.330078 0.0217089
0.334281 0.0175781
0.330162 0.0214844
0.330078 0.0289372
0.333984 0.0285509
0.339486 0.0272569
0.337506 0.0277183
0.341797 0.0264824
0.315343 0.0344296
0.314453 0.0353158
0.316796 0.0347545
0.318457 0.0353223
0.314453 0.0451126
0.316703 0.0460441
0.322266 0.0356196
0.326172 0.0355865
0.328125 0.0429687
0.327767 0.0459698
0.314453 0.0451126
0.315341 0.0517245
0.318359 0.0544472
0.316406 0.0546875
0.318359 0.0544472
0.328103 0.0469679
0.327949 0.0545527
0.322266 0.0556563
0.325817 0.0552441
0.33173 0.035102
0.330078 0.0397206
0.333984 0.0345741
0.330078 0.0397206
0.329319 0.0437203
0.332318 0.0428058
0.333826 0.0449219
0.337891 0.0342435
0.341797 0.0339548
0.343478 0.0424522
0.343493 0.044474
0.329065 0.0494174
0.330078 0.0529363
0.333984 0.0500699
0.333984 0.0500699
0.337891 0.0547316
0.341797 0.0546897
0.337891 0.0547316
0.341797 0.0546897
0.345703 0.00669246
0.349596 0.00195312
0.351397 0.00763034
0.345703 0.00669246
0.353018 0.00976562
0.353516 0.00543337
0.359375 2.45866e-11
0.3559 0.0076123
0.353018 0.00976562
0.355452 0.0136719
0.357537 0.00830853
0.355452 0.0136719
0.349609 0.0234795
0.345703 0.0249659
0.349609 0.0234795
0.353516 0.0221807
0.357281 0.0175781
0.354344 0.0214844
0.357544 0.0307054
0.361328 0.00129646
0.36207 0.00195312
0.364402 0.00585938
0.361328 0.00982652
0.363922 0.00863986
0.361328 0.0294452
0.367187 0.0273437
0.365234 0.0295079
0.369141 0.0266288
0.367865 0.0276133
0.373047 0.026227
0.345703 0.0332834
0.349609 0.0325511
0.345703 0.0408593
0.345703 0.0467916
0.349202 0.0415612
0.349609 0.048653
0.353516 0.0317693
0.357422 0.036198
0.357422 0.036198
0.356148 0.0410156
0.357834 0.0439283
0.345703 0.0467916
0.345703 0.0536041
0.349609 0.048653
0.349609 0.0528982
0.353516 0.0533092
0.357422 0.0528193
0.361328 0.0376839
0.365234 0.0295079
0.366299 0.0371094
0.362905 0.0413526
0.361328 0.0442373
0.363455 0.0391582
0.369141 0.0350143
0.369141 0.0350143
0.373047 0.0339008
0.374182 0.0371094
0.369141 0.0404306
0.373005 0.0403525
0.361328 0.0519865
0.365234 0.0513476
0.369141 0.0506979
0.369141 0.0506979
0.373047 0.0498128
0.380479 0.00195312
0.383786 0.00585938
0.382812 0.015625
0.383786 0.00585938
0.390717 0.00195312
0.386418 0.00830099
0.384975 0.014164
0.388672 0.00916256
0.388672 0.0137163
0.378138 0.0223897
0.38191 0.0182395
0.379938 0.0213727
0.377679 0.0254133
0.376953 0.0298343
0.380859 0.0282139
0.380859 0.0282139
0.383352 0.0162808
0.384766 0.0223743
0.388672 0.0175869
0.388672 0.0175869
0.384035 0.0253906
0.384594 0.0285238
0.388672 0.0300168
0.390717 0.00195312
0.391567 0.00585938
0.390917 0.00845383
0.391364 0.0178058
0.392578 0.0241998
0.396484 0.0228108
0.392518 0.0253906
0.392106 0.0291246
0.400391 0.0230447
0.404297 0.0217421
0.376953 0.0298343
0.382602 0.035112
0.380859 0.0357163
0.384216 0.0329776
0.383441 0.035651
0.384766 0.0469495
0.388672 0.0457998
0.376953 0.0488956
0.380859 0.04798
0.384766 0.0469495
0.392578 0.0446999
0.396484 0.0436116
0.400391 0.0424894
0.400391 0.0424894
0.404297 0.0413991
0.416016 0.0134573
0.415843 0.0136719
0.419922 0.00926863
0.408203 0.019942
0.408203 0.019942
0.412109 0.0176761
0.412144 0.0175781
0.428625 0.00060881
0.423828 0.00812747
0.427734 0.00933831
0.431641 0.00272337
0.435547 -0.00179575
0.435567 0.00493013
0.431641 0.011688
0.431641 0.011688
0.435547 0.0145469
0.435547 0.0145469
0.408203 0.0404069
0.412109 0.0395344
0.416016 0.0387919
0.419922 0.0382079
0.416016 0.0387919
0.423828 0.0377758
0.427734 0.0374772
0.431641 0.0373168
0.435547 0.037257
0.439453 0.00167401
0.438926 0.00719227
0.443359 0.00314546
0.443359 0.00314546
0.441165 0.00793354
0.443359 0.0096287
0.447266 0.00559959
0.447266 0.00559959
0.451172 0.00193746
0.451172 0.0079112
0.446161 0.0113587
0.448148 0.0122676
0.451172 0.0079112
0.451172 0.0141793
0.439453 0.0174057
0.443359 0.020212
0.443359 0.020212
0.447266 0.0230384
0.447266 0.0230384
0.451172 0.025866
0.453606 0.00362454
0.455573 0.00458317
0.458984 0.0066013
0.455078 0.00992269
0.455078 0.00992269
0.458984 0.0122269
0.458984 0.0122269
0.461023 0.00776183
0.462891 0.00888823
0.462891 0.014312
0.466087 0.010986
0.466797 0.0166711
0.455341 0.0164178
0.458984 0.0185367
0.460937 0.0195313
0.455078 0.0286818
0.455078 0.0286818
0.455878 0.0292969
0.462891 0.014312
0.462891 0.0206388
0.466797 0.0166711
0.466571 0.0226726
0.468528 0.0235512
0.439453 0.0371839
0.443359 0.0370179
0.447266 0.0369311
0.451172 0.0374058
0.455078 0.0386683
0.460859 0.0332031
0.459702 0.0379472
0.455078 0.0386683
0.45763 0.0393084
0.460859 0.0332031
0.461471 0.036266
0.470703 0.0139534
0.474385 0.0153417
0.478516 0.0153608
0.482422 0.0152538
0.470703 0.0193578
0.470703 0.0193578
0.474609 0.0207782
0.474609 0.0207782
0.470703 0.0248312
0.474137 0.0268753
0.476023 0.0275834
0.477185 0.0230981
0.4793 0.0243981
0.478516 0.0288762
0.482422 0.0262651
0.481817 0.0302586
0.486328 0.00064915
0.490234 0.00528459
0.490234 0.00528459
0.486328 0.0162032
0.496035 0.000129826
0.492379 0.00767703
0.497015 0.00243274
0.499047 0.00529262
0.494412 0.00926473
0.49665 0.011405
0.498648 0.012719
0.486328 0.0162032
0.490234 0.0180558
0.485691 0.027183
0.484631 0.0274945
0.488281 0.0273437
0.489989 0.0276974
0.492548 0.0193637
0.496554 0.0214844
0.498047 0.0222787
0.496094 0.0273437
0.494141 0.0280768
0.498047 0.0286654
0.483889 0.0314877
0.487284 0.0332031
0.487284 0.0332031
0.491802 0.0353353
0.494141 0.036346
0.498047 0.0380474
