-0.496413 -0.0354451
-0.497413 -0.0332031
-0.494141 -0.0361693
-0.491766 -0.0354476
-0.489852 -0.0332031
-0.48147 -0.0402882
-0.478516 -0.0415449
-0.482137 -0.0371094
-0.480743 -0.0349013
-0.478516 -0.0337424
-0.475711 -0.0400322
-0.474622 -0.0371094
-0.475821 -0.0338495
-0.497052 -0.0293058
-0.494141 -0.0266378
-0.494141 -0.0266378
-0.494141 -0.0163134
-0.490234 -0.0263149
-0.490234 -0.0263149
-0.488273 -0.0312129
-0.489768 -0.0205698
-0.492783 -0.0175781
-0.486328 -0.0218841
-0.498047 -0.0133176
-0.494141 -0.0163134
-0.484402 -0.00585938
-0.48489 -0.00195312
-0.477637 -0.0253906
-0.482422 -0.0223806
-0.479583 -0.023145
-0.476134 -0.0175781
-0.474609 -0.0288484
-0.477637 -0.0253906
-0.470703 -0.0295531
-0.474282 -0.0200577
-0.476134 -0.0175781
-0.470703 -0.0204852
-0.479044 -0.0136719
-0.482768 -0.00976562
-0.479044 -0.0136719
-0.484402 -0.00585938
-0.47333 -0.00910167
-0.470703 -0.0111089
-0.470703 -0.0111089
-0.473792 -0.00585938
-0.474815 -0.00195312
-0.46666 -0.0446909
-0.467648 -0.0410156
-0.462891 -0.0455305
-0.461375 -0.0396229
-0.465212 -0.0387445
-0.462891 -0.0382939
-0.459543 -0.0332031
-0.460679 -0.0434662
-0.460582 -0.0414749
-0.458984 -0.0344807
-0.455078 -0.0339022
-0.449382 -0.0549743
-0.447564 -0.0570002
-0.449757 -0.0527344
-0.44934 -0.0505174
-0.449757 -0.0527344
-0.448179 -0.0484121
-0.443359 -0.0588671
-0.443359 -0.0588671
-0.439453 -0.058842
-0.439453 -0.058842
-0.441781 -0.0469775
-0.439453 -0.0484781
-0.446745 -0.0456989
-0.449883 -0.0353633
-0.451172 -0.0341942
-0.447266 -0.0363364
-0.443359 -0.0446931
-0.439453 -0.0484781
-0.443359 -0.0371049
-0.439453 -0.0370104
-0.439038 -0.0321164
-0.469995 -0.0292969
-0.463174 -0.0253906
-0.464589 -0.0292969
-0.463174 -0.0253906
-0.466797 -0.0217836
-0.465294 -0.0175781
-0.462891 -0.0183125
-0.458984 -0.0265704
-0.451658 -0.0292969
-0.455078 -0.0267549
-0.457225 -0.0196257
-0.458984 -0.0182075
-0.455078 -0.0213816
-0.455383 -0.0165192
-0.4662 -0.0136719
-0.466042 -0.0105863
-0.462891 -0.00965045
-0.466101 -0.00585938
-0.467298 -0.00195312
-0.456999 -0.0136719
-0.459359 -0.010975
-0.456999 -0.0136719
-0.454119 -0.00851439
-0.456082 -0.00585938
-0.457469 -0.00195312
-0.456082 -0.00585938
-0.457469 -0.00195312
-0.451658 -0.0292969
-0.447266 -0.0308676
-0.450185 -0.0229652
-0.45065 -0.0164996
-0.448016 -0.0214844
-0.447266 -0.0141716
-0.443359 -0.0307393
-0.441632 -0.0238704
-0.439453 -0.0265136
-0.439453 -0.0265136
-0.441771 -0.0223636
-0.440525 -0.0205294
-0.437653 -0.0160818
-0.451172 -0.0100809
-0.447266 -0.0141716
-0.448967 -0.0115963
-0.443359 -0.0138747
-0.439453 -0.0149734
-0.438063 -0.00482284
-0.438398 -0.00195312
-0.437438 -0.0586026
-0.435547 -0.058058
-0.431641 -0.0577352
-0.43461 -0.0510766
-0.436637 -0.0505862
-0.432682 -0.0510364
-0.431641 -0.0501252
-0.427734 -0.0577052
-0.423828 -0.0576048
-0.427734 -0.0483103
-0.423828 -0.0470766
-0.435547 -0.0369469
-0.435547 -0.0329735
-0.431641 -0.0374586
-0.431641 -0.0327629
-0.423828 -0.0470766
-0.427734 -0.0376958
-0.427734 -0.0325122
-0.423828 -0.037487
-0.423828 -0.0325096
-0.419922 -0.0574207
-0.416016 -0.0571332
-0.419922 -0.0471389
-0.416016 -0.0475187
-0.412109 -0.0567572
-0.408203 -0.0562707
-0.412109 -0.0470871
-0.408203 -0.0457703
-0.419922 -0.0471389
-0.419922 -0.0371353
-0.419922 -0.0322735
-0.416016 -0.0367546
-0.416016 -0.0317718
-0.412109 -0.0470871
-0.408203 -0.0457703
-0.412109 -0.0362108
-0.413521 -0.0313837
-0.408203 -0.035575
-0.410156 -0.0351562
-0.434996 -0.0265606
-0.432053 -0.0248777
-0.434535 -0.0201326
-0.432216 -0.0221253
-0.427734 -0.0246593
-0.423828 -0.025199
-0.427371 -0.0216922
-0.425791 -0.0156278
-0.424927 -0.0203598
-0.435547 -0.015464
-0.4338 -0.00789064
-0.431641 -0.0155801
-0.43045 -0.00790371
-0.435944 -0.00650178
-0.438398 -0.00195312
-0.432258 -0.00765564
-0.427734 -0.0154457
-0.429034 -0.00786813
-0.423828 -0.0151454
-0.427167 -0.00761759
-0.423828 -0.00664154
-0.419922 -0.0243179
-0.416999 -0.0236772
-0.419922 -0.0197785
-0.416578 -0.0175781
-0.416016 -0.0187906
-0.416578 -0.0175781
-0.411432 -0.0310418
-0.408203 -0.030378
-0.412109 -0.0222366
-0.412109 -0.0160437
-0.408203 -0.0208122
-0.419922 -0.0145732
-0.41642 -0.0130897
-0.414125 -0.0116733
-0.419922 -0.00421618
-0.418142 -0.00195312
-0.418142 -0.00195312
-0.412109 -0.0160437
-0.412622 -0.00973504
-0.408528 -0.0128316
-0.406789 -0.0115609
-0.409913 -0.00585938
-0.409913 -0.00585938
-0.407735 -0.00195312
-0.404297 -0.0557071
-0.400391 -0.0550695
-0.400391 -0.0550695
-0.396484 -0.054349
-0.396484 -0.054349
-0.392578 -0.0535487
-0.404297 -0.0441392
-0.400391 -0.0429674
-0.400391 -0.0429674
-0.406079 -0.0351893
-0.404297 -0.0348708
-0.400391 -0.0339543
-0.396484 -0.0424006
-0.392578 -0.0419407
-0.396484 -0.0328383
-0.392796 -0.0317308
-0.388672 -0.052631
-0.384766 -0.0516572
-0.380859 -0.0506107
-0.380859 -0.0506107
-0.376953 -0.0494931
-0.388672 -0.0410808
-0.384766 -0.0396159
-0.390625 -0.03125
-0.384766 -0.0396159
-0.380859 -0.0378824
-0.376953 -0.0362248
-0.404297 -0.0295181
-0.400391 -0.0284833
-0.404297 -0.0191625
-0.404297 -0.0191625
-0.401644 -0.0175781
-0.39761 -0.0276194
-0.395686 -0.0269573
-0.393742 -0.0311828
-0.391508 -0.0253906
-0.404297 -0.00932404
-0.39848 -0.0155967
-0.4005 -0.00976562
-0.400926 -0.00585938
-0.399333 -0.00195312
-0.396484 -0.0138122
-0.394531 -0.0117187
-0.396337 -0.0136719
-0.392578 -0.00965199
-0.390324 -0.00585938
-0.388672 -0.0305568
-0.391508 -0.0253906
-0.384766 -0.029036
-0.386771 -0.0234146
-0.384766 -0.0224401
-0.3817 -0.0278041
-0.380123 -0.0270819
-0.376953 -0.0258027
-0.382894 -0.0214844
-0.379104 -0.0194202
-0.376953 -0.0180566
-0.390324 -0.00585938
-0.389564 -0.00195312
-0.373047 -0.0482985
-0.369141 -0.0470622
-0.369141 -0.0470622
-0.373047 -0.0348214
-0.373047 -0.0348214
-0.369141 -0.0333173
-0.365234 -0.0457707
-0.361328 -0.0444167
-0.365234 -0.0314433
-0.357422 -0.0430715
-0.357422 -0.0430715
-0.353516 -0.0417183
-0.349609 -0.0403803
-0.345703 -0.0391273
-0.345703 -0.0391273
-0.376161 -0.0253906
-0.371738 -0.0232434
-0.376229 -0.0175781
-0.369141 -0.0220148
-0.365234 -0.0314433
-0.361328 -0.0291121
-0.365234 -0.0198422
-0.365234 -0.0198422
-0.361328 -0.0174405
-0.370934 -0.0136719
-0.369141 -0.0119748
-0.367178 -0.00976562
-0.367178 -0.00976562
-0.36489 -0.00585938
-0.364159 -0.00195312
-0.357422 -0.0266917
-0.357422 -0.0266917
-0.353516 -0.0244425
-0.357422 -0.0150744
-0.349609 -0.0227576
-0.349609 -0.0227576
-0.345703 -0.0212319
-0.357422 -0.0150744
-0.353516 -0.0123821
-0.353516 -0.0123821
-0.349609 -0.00938096
-0.349609 -0.00938096
-0.345703 -0.00611094
-0.341797 -0.0379211
-0.337891 -0.0367839
-0.333984 -0.035748
-0.330078 -0.0347965
-0.330078 -0.0347965
-0.326172 -0.0338547
-0.322266 -0.0330328
-0.318359 -0.0322906
-0.314453 -0.0316177
-0.341797 -0.0194741
-0.341797 -0.0194741
-0.337891 -0.016812
-0.337891 -0.016812
-0.341797 -0.00232163
-0.341445 -0.00195312
-0.341445 -0.00195312
-0.333984 -0.0137713
-0.330078 -0.0108305
-0.330078 -0.0108305
-0.326172 -0.00851299
-0.322266 -0.00669318
-0.318359 -0.00405801
-0.318359 -0.00405801
-0.314453 -0.00212009
-0.314453 -0.00212009
-0.310547 -0.0310675
-0.310547 -0.0310675
-0.306641 -0.0304592
-0.302734 -0.0298728
-0.298828 -0.0293358
-0.313837 -0.00195312
-0.294922 -0.0288751
-0.291016 -0.0285609
-0.287109 -0.0284502
-0.283203 -0.0284004
-0.283385 -0.0136719
-0.287613 -0.00976562
-0.283203 -0.013912
-0.288271 -0.00585938
-0.286579 -0.00195312
-0.259766 -0.0310865
-0.279297 -0.028107
-0.275391 -0.027502
-0.275391 -0.027502
-0.279297 -0.0155782
-0.275391 -0.0172076
-0.271484 -0.0269565
-0.266811 -0.0277232
-0.268295 -0.0271121
-0.27015 -0.0197926
-0.274672 -0.0175781
-0.267578 -0.0203847
-0.279297 -0.0155782
-0.263672 -0.0294558
-0.259766 -0.0310865
-0.263672 -0.0206496
-0.259766 -0.0204328
-0.255859 -0.0294876
-0.253894 -0.0273621
-0.253501 -0.0253906
-0.255859 -0.0216987
-0.253784 -0.0232458
-0.257199 -0.00585938
-0.259609 -0.00195312
-0.255859 -0.00734183
-0.251953 -0.010616
-0.251953 -0.010616
-0.257199 -0.00585938
-0.246497 -0.0355244
-0.247519 -0.0332031
-0.244141 -0.0362876
-0.241708 -0.0354956
-0.239779 -0.0332031
-0.231317 -0.0402718
-0.228516 -0.0416595
-0.231707 -0.0371094
-0.230507 -0.0351189
-0.228516 -0.0339634
-0.225499 -0.0402332
-0.224382 -0.0371094
-0.225683 -0.0339064
-0.2471 -0.0293492
-0.244141 -0.0266017
-0.244141 -0.0266017
-0.244141 -0.0163059
-0.240234 -0.026541
-0.240234 -0.026541
-0.23825 -0.0311057
-0.239757 -0.0205884
-0.24276 -0.0175781
-0.236328 -0.0219126
-0.248047 -0.0133519
-0.248047 -0.0133519
-0.244141 -0.0163059
-0.234363 -0.00585938
-0.234784 -0.00195312
-0.226585 -0.0273979
-0.227666 -0.0253906
-0.232422 -0.0223821
-0.228516 -0.0237652
-0.226084 -0.0175781
-0.224609 -0.028932
-0.227666 -0.0253906
-0.220703 -0.029585
-0.224306 -0.0201405
-0.226084 -0.0175781
-0.220703 -0.0206386
-0.232422 -0.0101055
-0.232874 -0.00976562
-0.228862 -0.0136719
-0.234363 -0.00585938
-0.223345 -0.00919142
-0.220703 -0.0112067
-0.220703 -0.0112067
-0.223785 -0.00585938
-0.22492 -0.00195312
-0.21875 -0.00390625
-0.216777 -0.0446601
-0.217772 -0.0410156
-0.212891 -0.0452981
-0.211415 -0.0399032
-0.215639 -0.038375
-0.214879 -0.0312729
-0.212891 -0.038179
-0.209212 -0.0332031
-0.210817 -0.0432155
-0.210734 -0.041882
-0.207031 -0.0390625
-0.208984 -0.0342201
-0.205078 -0.0337943
-0.199348 -0.0549166
-0.197266 -0.0571652
-0.199721 -0.0527344
-0.199322 -0.0505406
-0.197266 -0.04662
-0.193359 -0.0588395
-0.193359 -0.0588395
-0.189453 -0.0588211
-0.189453 -0.0588211
-0.192086 -0.0471475
-0.189453 -0.0490561
-0.197266 -0.04662
-0.200011 -0.0354378
-0.201172 -0.0342312
-0.197266 -0.0365723
-0.199219 -0.03125
-0.193359 -0.0446891
-0.194962 -0.0391409
-0.190846 -0.0462189
-0.193359 -0.0373123
-0.189453 -0.0369868
-0.188865 -0.0322311
-0.220439 -0.0292969
-0.213351 -0.0253906
-0.214692 -0.0292969
-0.213351 -0.0253906
-0.216797 -0.0219307
-0.215274 -0.0175781
-0.212891 -0.0183045
-0.208984 -0.0265936
-0.201861 -0.0292969
-0.205175 -0.0269105
-0.207419 -0.019762
-0.208984 -0.0177757
-0.205078 -0.0215872
-0.206529 -0.0159421
-0.216404 -0.0136719
-0.215806 -0.0105671
-0.212891 -0.00949439
-0.216224 -0.00585938
-0.217662 -0.00195312
-0.207257 -0.0136719
-0.209526 -0.0109388
-0.207257 -0.0136719
-0.204128 -0.00849295
-0.206151 -0.00585938
-0.207565 -0.00195312
-0.206151 -0.00585938
-0.207565 -0.00195312
-0.201861 -0.0292969
-0.203125 -0.0234375
-0.197266 -0.0308372
-0.200282 -0.0227926
-0.200511 -0.0166538
-0.198155 -0.0214844
-0.197266 -0.0139805
-0.193359 -0.0305053
-0.191718 -0.0240646
-0.189453 -0.0269099
-0.189453 -0.0269099
-0.191856 -0.0221708
-0.190588 -0.0203832
-0.187664 -0.0161095
-0.201172 -0.0101075
-0.197266 -0.0139805
-0.19902 -0.0116219
-0.193359 -0.0139165
-0.189453 -0.0150162
-0.188084 -0.00485035
-0.188433 -0.00195312
-0.187453 -0.0586001
-0.185547 -0.0580606
-0.181641 -0.0577597
-0.185215 -0.0510498
-0.186248 -0.0506695
-0.183163 -0.0509547
-0.181641 -0.0497146
-0.177734 -0.057687
-0.173828 -0.0575829
-0.177734 -0.0478205
-0.173828 -0.0469841
-0.185547 -0.0368173
-0.185547 -0.0332061
-0.181641 -0.0375002
-0.181641 -0.0327445
-0.173828 -0.0469841
-0.177734 -0.0377786
-0.177734 -0.0324293
-0.173828 -0.0374935
-0.173828 -0.0325212
-0.169922 -0.0574016
-0.166016 -0.0571194
-0.169922 -0.0475149
-0.166016 -0.0479786
-0.162109 -0.0567464
-0.158203 -0.0562592
-0.162109 -0.0473
-0.169922 -0.0371391
-0.169922 -0.0323129
-0.166016 -0.0367727
-0.166016 -0.0317807
-0.162109 -0.0473
-0.158203 -0.04568
-0.162109 -0.0362343
-0.163496 -0.0313863
-0.158203 -0.0355979
-0.185056 -0.0264007
-0.182095 -0.0247037
-0.184581 -0.0202565
-0.1875 -0.0156253
-0.182274 -0.0222672
-0.177734 -0.0247446
-0.173828 -0.025227
-0.177408 -0.0214859
-0.174948 -0.0202358
-0.185557 -0.0154921
-0.183809 -0.00789494
-0.181641 -0.0155853
-0.18044 -0.00790338
-0.185958 -0.0065241
-0.182262 -0.00766213
-0.177734 -0.0154303
-0.179037 -0.00786773
-0.173828 -0.0151217
-0.177181 -0.00761067
-0.173828 -0.00661849
-0.169922 -0.0242853
-0.167018 -0.0236699
-0.169922 -0.0196884
-0.166381 -0.0175781
-0.166016 -0.0185275
-0.166381 -0.0175781
-0.161402 -0.0310466
-0.158203 -0.0303918
-0.162109 -0.0222368
-0.162109 -0.0159451
-0.158203 -0.0208307
-0.169922 -0.0145286
-0.166464 -0.0129711
-0.164189 -0.0116283
-0.169922 -0.00417448
-0.168177 -0.00195312
-0.168177 -0.00195312
-0.162109 -0.0159451
-0.162624 -0.00967001
-0.158572 -0.0128516
-0.156806 -0.011519
-0.160525 -0.00721781
-0.159579 -0.00512814
-0.157661 -0.00195312
-0.154297 -0.0556948
-0.150391 -0.0550556
-0.146484 -0.0543335
-0.146484 -0.0543335
-0.142578 -0.0535404
-0.154297 -0.0439332
-0.150391 -0.0428431
-0.150391 -0.0428431
-0.156006 -0.0352021
-0.15423 -0.0348778
-0.147794 -0.0332031
-0.146484 -0.0424318
-0.142578 -0.0420469
-0.147794 -0.0332031
-0.142685 -0.0317588
-0.138672 -0.0526354
-0.134766 -0.0516686
-0.130859 -0.0506248
-0.130859 -0.0506248
-0.126953 -0.0495099
-0.138672 -0.0411694
-0.134766 -0.0396488
-0.134766 -0.0396488
-0.130859 -0.0378746
-0.130859 -0.0378746
-0.126953 -0.036211
-0.154297 -0.0295301
-0.150391 -0.0285304
-0.154297 -0.0191822
-0.154297 -0.0191822
-0.150391 -0.0167758
-0.147507 -0.0276711
-0.145654 -0.0269621
-0.143834 -0.03119
-0.141472 -0.0253906
-0.154297 -0.00918086
-0.150391 -0.0167758
-0.154297 -0.00918086
-0.151028 -0.00578012
-0.149398 -0.00195312
-0.146484 -0.0138049
-0.142684 -0.00976562
-0.146346 -0.0136719
-0.142684 -0.00976562
-0.140376 -0.00585938
-0.138672 -0.0305673
-0.141472 -0.0253906
-0.134766 -0.0290478
-0.136755 -0.0234219
-0.134766 -0.022455
-0.131689 -0.0278091
-0.130116 -0.0270845
-0.126953 -0.0258115
-0.132867 -0.0214844
-0.129093 -0.0194264
-0.126953 -0.0180674
-0.140376 -0.00585938
-0.139592 -0.00195312
-0.123047 -0.0483194
-0.119141 -0.0470885
-0.119141 -0.0470885
-0.123047 -0.034829
-0.123047 -0.034829
-0.119141 -0.0333469
-0.115234 -0.0458006
-0.111328 -0.044449
-0.115234 -0.031464
-0.107422 -0.0431072
-0.107422 -0.0431072
-0.103516 -0.0417591
-0.0996094 -0.0404247
-0.0957031 -0.0391733
-0.0957031 -0.0391733
-0.126145 -0.0253906
-0.121731 -0.023246
-0.126215 -0.0175781
-0.119141 -0.0220218
-0.115234 -0.031464
-0.111328 -0.0291469
-0.115234 -0.0198473
-0.115234 -0.0198473
-0.111328 -0.017446
-0.120945 -0.0136719
-0.119141 -0.0119461
-0.117224 -0.00976562
-0.117224 -0.00976562
-0.114971 -0.00585938
-0.114268 -0.00195312
-0.107422 -0.0267107
-0.107422 -0.0267107
-0.103516 -0.0244531
-0.107422 -0.0150801
-0.0996094 -0.02276
-0.0996094 -0.02276
-0.0957031 -0.0212305
-0.107422 -0.0150801
-0.103516 -0.012387
-0.103516 -0.012387
-0.0996094 -0.00938527
-0.0957031 -0.00611227
-0.0917969 -0.0379698
-0.0878906 -0.0368281
-0.0839844 -0.0357888
-0.0800781 -0.0348378
-0.0800781 -0.0348378
-0.0761719 -0.033896
-0.0722656 -0.0330714
-0.0683594 -0.032324
-0.0644531 -0.031641
-0.0917969 -0.0194757
-0.0917969 -0.0194757
-0.0878906 -0.0168192
-0.0839844 -0.0137815
-0.0878906 -0.0168192
-0.0917969 -0.00231347
-0.0914534 -0.00195312
-0.0914534 -0.00195312
-0.0839844 -0.0137815
-0.0800781 -0.0108372
-0.0800781 -0.0108372
-0.0761719 -0.00851552
-0.0722656 -0.00669601
-0.0683594 -0.00406039
-0.0683594 -0.00406039
-0.0644531 -0.00212352
-0.0644531 -0.00212352
-0.0605469 -0.0310759
-0.0605469 -0.0310759
-0.0566406 -0.0304608
-0.0527344 -0.0298668
-0.0488281 -0.0293283
-0.0638339 -0.00195312
-0.0449219 -0.0288707
-0.0410156 -0.0285576
-0.0371094 -0.0284401
-0.0332031 -0.0283855
-0.0333737 -0.0136719
-0.0376039 -0.00976562
-0.0332031 -0.013902
-0.0382774 -0.00585938
-0.0365958 -0.00195312
-0.00976562 -0.03099
-0.0292969 -0.028121
-0.0253906 -0.0275735
-0.0253906 -0.0275735
-0.0292969 -0.0155935
-0.0253906 -0.0172229
-0.0214844 -0.0270594
-0.0167721 -0.0276705
-0.0181571 -0.0271478
-0.0200918 -0.0197668
-0.0246905 -0.0175781
-0.0175781 -0.0203716
-0.0292969 -0.0155935
-0.0136719 -0.0292849
-0.00976562 -0.03099
-0.0136719 -0.02071
-0.00976562 -0.0205195
-0.00585938 -0.0296834
-0.0037663 -0.0275409
-0.00329827 -0.0253906
-0.00585938 -0.0216479
-0.00371152 -0.0231529
-0.00715783 -0.00585938
-0.00959636 -0.00195312
-0.00585938 -0.00728582
-0.00195312 -0.0105735
-0.00195312 -0.0105735
-0.00715783 -0.00585938
-0.484951 0.00195312
-0.48414 0.00585938
-0.498047 0.0180817
-0.495925 0.019436
-0.492176 0.0214844
-0.498047 0.0257663
-0.494845 0.0270722
-0.493261 0.0277898
-0.492176 0.0214844
-0.488273 0.023434
-0.488281 0.0234375
-0.490234 0.0290125
-0.486328 0.0243174
-0.486328 0.03054
-0.48414 0.00585938
-0.482248 0.00976562
-0.478795 0.0136719
-0.482248 0.00976562
-0.478516 0.0139366
-0.475316 0.00195312
-0.473782 0.00563804
-0.470703 0.00929141
-0.470703 0.00929141
-0.482422 0.0258826
-0.481302 0.0311789
-0.47938 0.0269797
-0.477461 0.0276446
-0.474609 0.0168407
-0.470703 0.0191823
-0.470703 0.0191823
-0.474609 0.0285254
-0.470703 0.0295591
-0.498047 0.0362993
-0.494141 0.0380818
-0.490234 0.0398737
-0.484375 0.03125
-0.490234 0.0398737
-0.486328 0.0413053
-0.498047 0.0495306
-0.494141 0.050667
-0.494141 0.050667
-0.490234 0.0517333
-0.486328 0.0527366
-0.482194 0.0317264
-0.477072 0.0332031
-0.482422 0.0420394
-0.478516 0.042334
-0.477072 0.0332031
-0.470703 0.0348629
-0.468887 0.0351802
-0.474609 0.0427673
-0.474609 0.0427673
-0.470703 0.0439444
-0.482422 0.0536315
-0.478516 0.0544477
-0.478516 0.0544477
-0.474609 0.0551799
-0.470703 0.0558309
-0.467036 0.00195312
-0.46548 0.00563221
-0.464772 0.00767923
-0.468429 0.0116415
-0.466642 0.0130342
-0.462708 0.00976562
-0.462891 0.0160543
-0.45671 0.00195312
-0.45671 0.00195312
-0.45427 0.00484559
-0.45885 0.0127777
-0.455078 0.01427
-0.466797 0.0207924
-0.462891 0.0160543
-0.462891 0.022134
-0.466797 0.0304268
-0.463705 0.03106
-0.45909 0.0175781
-0.458984 0.0182265
-0.455078 0.0191787
-0.455078 0.0191787
-0.457812 0.0236233
-0.455078 0.0241059
-0.451172 0.00650446
-0.447604 0.00756363
-0.451172 0.0149514
-0.445766 0.00784633
-0.447266 0.0153547
-0.442965 0.00766094
-0.43904 0.00658959
-0.444784 0.00787562
-0.443359 0.0155728
-0.441184 0.00789687
-0.439285 0.0155218
-0.451172 0.0202027
-0.451172 0.0202027
-0.447316 0.0214844
-0.451172 0.025027
-0.447266 0.0248071
-0.443091 0.0222096
-0.4376 0.0157005
-0.440357 0.0202845
-0.443248 0.0246448
-0.439742 0.0263221
-0.466797 0.0355482
-0.461576 0.0314063
-0.462891 0.036186
-0.466797 0.0457189
-0.462891 0.0472257
-0.458984 0.0318045
-0.458984 0.0367466
-0.455078 0.0322903
-0.455078 0.0371444
-0.462891 0.0472257
-0.466797 0.0564004
-0.462891 0.0568913
-0.458984 0.0477839
-0.455078 0.0473507
-0.458984 0.0572685
-0.455078 0.0575477
-0.451172 0.0325209
-0.451172 0.0374815
-0.447266 0.032502
-0.447266 0.037713
-0.451172 0.0471294
-0.445313 0.0390625
-0.443359 0.0327496
-0.443359 0.037493
-0.439453 0.0330865
-0.439453 0.0369108
-0.451172 0.0471294
-0.447266 0.0482452
-0.451172 0.057716
-0.447266 0.057799
-0.443359 0.0500399
-0.442021 0.0509503
-0.43866 0.0505378
-0.44056 0.0510048
-0.443359 0.057853
-0.439453 0.0581386
-0.437706 0.0586216
-0.436343 0.00195312
-0.436839 0.0049284
-0.435547 0.0150878
-0.431641 0.0140125
-0.42585 0.0116848
-0.427734 0.0136971
-0.423828 0.0101284
-0.423828 0.0169162
-0.43732 0.0162254
-0.434178 0.0200945
-0.432996 0.0217773
-0.435547 0.0271014
-0.435547 0.0271014
-0.433166 0.024275
-0.431641 0.0301973
-0.427734 0.0136971
-0.426633 0.0213714
-0.423828 0.0169162
-0.424534 0.0225382
-0.427734 0.030776
-0.422866 0.0292969
-0.41904 0.00625197
-0.417389 0.00195312
-0.417825 0.00491965
-0.420864 0.00842032
-0.419031 0.0152669
-0.415495 0.0107764
-0.41704 0.0132475
-0.412109 0.00934681
-0.407252 0.00195312
-0.40878 0.00585938
-0.412109 0.00934681
-0.40832 0.010569
-0.408504 0.0136719
-0.418968 0.0163526
-0.419833 0.0220994
-0.416016 0.0172073
-0.417476 0.0200804
-0.418927 0.0262384
-0.422866 0.0292969
-0.416016 0.0261197
-0.412109 0.018127
-0.408925 0.0175781
-0.407522 0.0215261
-0.412109 0.0265698
-0.41164 0.0253906
-0.404865 0.0292969
-0.43599 0.0322313
-0.435547 0.0369733
-0.431641 0.0371523
-0.435547 0.0484533
-0.431641 0.0449066
-0.427734 0.0364495
-0.423792 0.0341558
-0.425058 0.0354207
-0.427734 0.0471372
-0.435547 0.0484533
-0.433051 0.0469891
-0.435547 0.0589074
-0.435547 0.0589074
-0.431641 0.0589825
-0.427734 0.0471372
-0.42565 0.0505217
-0.425066 0.0527344
-0.427734 0.0575965
-0.426679 0.0566406
-0.419922 0.0335931
-0.416016 0.0343589
-0.417969 0.0390625
-0.41418 0.0421075
-0.414109 0.0430671
-0.415297 0.0332031
-0.412109 0.0404382
-0.410012 0.0314133
-0.409144 0.0380479
-0.412109 0.0404382
-0.412109 0.0452116
-0.40692 0.0409103
-0.408203 0.0449125
-0.406025 0.00325532
-0.400263 0.00195312
-0.40118 0.00585938
-0.404297 0.0107342
-0.401412 0.00949117
-0.390633 0.00585938
-0.395097 0.0113029
-0.396677 0.0136719
-0.392578 0.00968392
-0.404297 0.0196908
-0.404297 0.0196908
-0.400391 0.0194336
-0.400391 0.0194336
-0.404297 0.028943
-0.400391 0.0314673
-0.397733 0.0172959
-0.396484 0.0237935
-0.392578 0.0218941
-0.39711 0.0253906
-0.398232 0.027796
-0.390062 0.00195312
-0.390633 0.00585938
-0.380859 0.0164713
-0.376953 0.0133924
-0.388672 0.0219097
-0.381927 0.0175781
-0.384944 0.0207104
-0.386719 0.03125
-0.384766 0.0265941
-0.384766 0.0265941
-0.381927 0.0175781
-0.380859 0.0265377
-0.380859 0.0265377
-0.377803 0.0292969
-0.400391 0.0314673
-0.400012 0.0371094
-0.39914 0.0399161
-0.396484 0.0338394
-0.394295 0.0349419
-0.392831 0.0371094
-0.396484 0.0413931
-0.396484 0.0413931
-0.393505 0.0402655
-0.386766 0.0332031
-0.386766 0.0332031
-0.383224 0.0354563
-0.380859 0.0362783
-0.377344 0.0332031
-0.378434 0.0355691
-0.367499 0.00585938
-0.373047 0.0107623
-0.373047 0.0107623
-0.369141 0.00761694
-0.365004 0.00195312
-0.367499 0.00585938
-0.371228 0.0232354
-0.369141 0.0217553
-0.37155 0.0253906
-0.371163 0.0274355
-0.369141 0.0294335
-0.365234 0.0204993
-0.361328 0.020504
-0.365234 0.0307323
-0.361328 0.0291587
-0.345703 0.0158518
-0.357422 0.0201871
-0.349723 0.0175781
-0.354884 0.0197359
-0.356438 0.0272021
-0.358043 0.0276941
-0.353516 0.0271048
-0.355469 0.0273438
-0.349609 0.0175113
-0.345703 0.0158518
-0.349609 0.0274796
-0.349609 0.0274796
-0.345703 0.028004
-0.338361 0.00195312
-0.336677 0.00585938
-0.341797 0.0140803
-0.337295 0.00976562
-0.341286 0.0136719
-0.341797 0.0283733
-0.337891 0.028509
-0.333984 0.0286136
-0.330078 0.028875
-0.311135 0.00195312
-0.326172 0.029295
-0.322266 0.0298097
-0.318359 0.030381
-0.314453 0.0309985
-0.310547 0.00208718
-0.310547 0.00208718
-0.306641 0.00406488
-0.306641 0.00406488
-0.302734 0.00669446
-0.302734 0.00669446
-0.298828 0.00850771
-0.294922 0.0108221
-0.294922 0.0108221
-0.291016 0.0137679
-0.283474 0.00195312
-0.283474 0.00195312
-0.283203 0.00223539
-0.287109 0.0168086
-0.287109 0.0168086
-0.283203 0.0194589
-0.283203 0.0194589
-0.310547 0.031537
-0.306641 0.032212
-0.302734 0.0329623
-0.298828 0.0337911
-0.294922 0.0347358
-0.294922 0.0347358
-0.291016 0.0356921
-0.287109 0.0367326
-0.283203 0.037874
-0.279297 0.00603401
-0.279297 0.00603401
-0.275391 0.0093109
-0.271484 0.0123162
-0.271484 0.0123162
-0.267578 0.0150132
-0.279297 0.0212094
-0.275391 0.0227546
-0.275391 0.0227546
-0.267578 0.0150132
-0.271484 0.0244599
-0.267578 0.0267068
-0.267578 0.0267068
-0.260449 0.00195312
-0.259836 0.00585938
-0.257683 0.00976562
-0.257683 0.00976562
-0.255859 0.0118843
-0.254024 0.0136719
-0.263672 0.0173906
-0.259766 0.019802
-0.259766 0.019802
-0.263672 0.0290796
-0.259766 0.0313577
-0.255859 0.0219615
-0.248787 0.0175781
-0.253207 0.0232255
-0.24875 0.0253906
-0.279297 0.0390909
-0.279297 0.0390909
-0.275391 0.0403528
-0.271484 0.0417009
-0.267578 0.0430629
-0.267578 0.0430629
-0.259766 0.0313577
-0.263672 0.0444156
-0.259766 0.0457791
-0.255859 0.0332014
-0.251953 0.0348014
-0.251953 0.0348014
-0.255859 0.0470788
-0.255859 0.0470788
-0.251953 0.0483225
-0.234979 0.00195312
-0.234259 0.00585938
-0.248787 0.0175781
-0.246094 0.0195313
-0.245914 0.0194301
-0.244141 0.0204654
-0.24875 0.0253906
-0.244841 0.027069
-0.24325 0.0277855
-0.240234 0.0224628
-0.238255 0.0234261
-0.240234 0.0290045
-0.233552 0.0253906
-0.236328 0.0305295
-0.234259 0.00585938
-0.232277 0.00976562
-0.228685 0.0136719
-0.228516 0.0138313
-0.225488 0.00195312
-0.223844 0.00562652
-0.220703 0.009146
-0.224609 0.0167346
-0.220703 0.009146
-0.228516 0.0138313
-0.233552 0.0253906
-0.231349 0.031175
-0.229351 0.0269717
-0.227431 0.0276327
-0.224609 0.0167346
-0.220703 0.0191006
-0.220703 0.0191006
-0.224609 0.0285015
-0.220703 0.0295329
-0.248047 0.0363268
-0.244141 0.0380873
-0.240234 0.0397975
-0.234375 0.03125
-0.240234 0.0397975
-0.236328 0.0411194
-0.248047 0.0495301
-0.244141 0.0506641
-0.244141 0.0506641
-0.240234 0.0517268
-0.236328 0.0527249
-0.232167 0.0317199
-0.227025 0.0332031
-0.232422 0.0418521
-0.228516 0.0422583
-0.227025 0.0332031
-0.220703 0.0348571
-0.218853 0.0351756
-0.224609 0.0429435
-0.224609 0.0429435
-0.220703 0.0442742
-0.232422 0.0536136
-0.228516 0.0544238
-0.228516 0.0544238
-0.224609 0.0551513
-0.220703 0.0557978
-0.21719 0.00195312
-0.215463 0.00549927
-0.214705 0.00756311
-0.218172 0.0115737
-0.216511 0.0129095
-0.212677 0.00976562
-0.212891 0.0162524
-0.206787 0.00195312
-0.206787 0.00195312
-0.204296 0.00486304
-0.208909 0.0127964
-0.205078 0.0143751
-0.216797 0.0207522
-0.212891 0.0162524
-0.212891 0.0221328
-0.216797 0.0304033
-0.213656 0.0310514
-0.208958 0.0175781
-0.208984 0.0183605
-0.208958 0.0175781
-0.205078 0.0192173
-0.20786 0.0236306
-0.205078 0.0240871
-0.201172 0.00651307
-0.197479 0.00755498
-0.201172 0.0150129
-0.195548 0.00783194
-0.197266 0.0153601
-0.193139 0.00763969
-0.189073 0.00655849
-0.194888 0.00785909
-0.193359 0.0155255
-0.191202 0.00788836
-0.189453 0.0154432
-0.200192 0.0201521
-0.197155 0.0214844
-0.201172 0.0250197
-0.197266 0.0248816
-0.193026 0.0223921
-0.190356 0.0204644
-0.193303 0.0244357
-0.189523 0.0260601
-0.216797 0.035544
-0.211536 0.0313988
-0.212891 0.0361809
-0.216797 0.0459711
-0.212891 0.0472191
-0.208984 0.0317913
-0.208984 0.0367433
-0.205078 0.0322812
-0.205078 0.0371409
-0.208984 0.0475182
-0.205078 0.0470953
-0.216797 0.0459711
-0.212891 0.0472191
-0.216797 0.0563623
-0.212891 0.0568492
-0.208984 0.0475182
-0.205078 0.0470953
-0.208984 0.0572264
-0.205078 0.0575098
-0.201172 0.0325248
-0.201172 0.0374673
-0.197266 0.0325012
-0.197266 0.0377035
-0.201172 0.0471069
-0.193359 0.0327243
-0.193359 0.0375077
-0.189453 0.0330639
-0.189453 0.036921
-0.201172 0.0471069
-0.197266 0.0484068
-0.201172 0.0576795
-0.197266 0.0577588
-0.193359 0.0501563
-0.191874 0.050888
-0.188834 0.0504118
-0.191087 0.0508827
-0.193359 0.05783
-0.191406 0.0585938
-0.189453 0.0581163
-0.18761 0.0586084
-0.186382 0.00195312
-0.186864 0.00489674
-0.185547 0.0149924
-0.181641 0.0139441
-0.177734 0.0135799
-0.177734 0.0135799
-0.173828 0.0101063
-0.173828 0.0172056
-0.187358 0.0168499
-0.18372 0.0196316
-0.18258 0.0214844
-0.185547 0.0272094
-0.185547 0.0272094
-0.182969 0.0245054
-0.181641 0.0294856
-0.176145 0.0179482
-0.176636 0.0212463
-0.173828 0.0172056
-0.174527 0.0224388
-0.177734 0.030786
-0.172852 0.0292969
-0.16871 0.00585938
-0.167373 0.00195312
-0.16871 0.00585938
-0.171063 0.00834064
-0.170788 0.0153724
-0.165273 0.0106468
-0.166875 0.0136719
-0.156976 0.00195312
-0.158332 0.00585938
-0.162109 0.00901387
-0.158203 0.0085829
-0.157811 0.0136719
-0.16848 0.0161423
-0.169482 0.0222321
-0.166129 0.0165126
-0.167643 0.0203038
-0.168616 0.0257709
-0.172852 0.0292969
-0.166016 0.025718
-0.162109 0.0174457
-0.158619 0.0175189
-0.157342 0.0214844
-0.162109 0.0263523
-0.161964 0.0253906
-0.155374 0.0292969
-0.186001 0.0322283
-0.185547 0.0369657
-0.181641 0.0371482
-0.185547 0.0480191
-0.181641 0.0448999
-0.177734 0.0364448
-0.173768 0.034149
-0.175065 0.0354174
-0.177734 0.0474969
-0.185547 0.0480191
-0.183236 0.0469057
-0.185547 0.0588752
-0.185547 0.0588752
-0.181641 0.0590033
-0.177734 0.0474969
-0.175708 0.0506429
-0.175048 0.0527344
-0.177734 0.0576739
-0.176577 0.0566406
-0.169922 0.0335955
-0.166016 0.0345168
-0.166016 0.0345168
-0.167969 0.0390625
-0.164267 0.0417001
-0.164201 0.043247
-0.165251 0.0332031
-0.162109 0.0407156
-0.160036 0.0314046
-0.159273 0.0381371
-0.162109 0.0407156
-0.162109 0.0453775
-0.157031 0.0410156
-0.158203 0.0448232
-0.156172 0.00357074
-0.150082 0.00195312
-0.150972 0.00585938
-0.153985 0.0102258
-0.157811 0.0136719
-0.151456 0.0091454
-0.140058 0.00195312
-0.140649 0.00585938
-0.145075 0.0112588
-0.146594 0.0136719
-0.142578 0.00954863
-0.15459 0.0192145
-0.155742 0.0197742
-0.150391 0.0192629
-0.150391 0.0192629
-0.154297 0.0285348
-0.150391 0.031158
-0.147674 0.0172452
-0.146484 0.0234054
-0.142578 0.0218278
-0.147025 0.0253906
-0.148183 0.0279553
-0.140058 0.00195312
-0.140649 0.00585938
-0.140625 0.0078125
-0.130859 0.0165249
-0.126953 0.0133799
-0.138672 0.0218981
-0.131856 0.0175781
-0.134887 0.0206857
-0.136719 0.03125
-0.134766 0.0257496
-0.134766 0.0257496
-0.131856 0.0175781
-0.130859 0.0265143
-0.129154 0.0274482
-0.127638 0.0292969
-0.151422 0.0371094
-0.150391 0.031158
-0.151422 0.0371094
-0.149013 0.0397972
-0.146484 0.0335322
-0.14401 0.0346845
-0.142445 0.0371094
-0.146484 0.0413836
-0.143325 0.0403384
-0.136719 0.03125
-0.134707 0.0332031
-0.133004 0.0352984
-0.128906 0.0351562
-0.130859 0.0360598
-0.127267 0.0332031
-0.12845 0.0355194
-0.11759 0.00585938
-0.123047 0.0107011
-0.123047 0.0107011
-0.119141 0.0075265
-0.115107 0.00195312
-0.11759 0.00585938
-0.121242 0.0232108
-0.119141 0.0217027
-0.121551 0.0253906
-0.121139 0.0273979
-0.119141 0.0293749
-0.115234 0.0204863
-0.111328 0.0205538
-0.115234 0.0307383
-0.111328 0.0291664
-0.0957031 0.015809
-0.107422 0.0202333
-0.0997971 0.0175781
-0.104887 0.019742
-0.106501 0.0272034
-0.108047 0.0276877
-0.103516 0.0271436
-0.0996094 0.0174759
-0.0957031 0.015809
-0.0996094 0.0275354
-0.0996094 0.0275354
-0.0957031 0.0280414
-0.119141 0.0293749
-0.115234 0.0307383
-0.088384 0.00195312
-0.0867335 0.00585938
-0.0917969 0.0139983
-0.087398 0.00976562
-0.0914341 0.0136719
-0.0917969 0.0283727
-0.0878906 0.0284928
-0.0839844 0.0285933
-0.0800781 0.0288436
-0.0611326 0.00195312
-0.0761719 0.0292463
-0.0722656 0.0297497
-0.0683594 0.0303194
-0.0644531 0.0309449
-0.0644531 0.0309449
-0.0605469 0.00208449
-0.0605469 0.00208449
-0.0566406 0.00406555
-0.0566406 0.00406555
-0.0527344 0.00669453
-0.0488281 0.00850876
-0.0488281 0.00850876
-0.0449219 0.0108244
-0.0449219 0.0108244
-0.0410156 0.0137717
-0.0334949 0.00195312
-0.0334949 0.00195312
-0.0332031 0.00225771
-0.0371094 0.0168125
-0.0371094 0.0168125
-0.0332031 0.0194626
-0.0332031 0.0194626
-0.0605469 0.0314954
-0.0566406 0.0321717
-0.0527344 0.0329362
-0.0488281 0.0337807
-0.0449219 0.034741
-0.0449219 0.034741
-0.0410156 0.0357086
-0.0371094 0.0367577
-0.0332031 0.0379037
-0.0292969 0.00605307
-0.0292969 0.00605307
-0.0253906 0.00932553
-0.0214844 0.0123261
-0.0214844 0.0123261
-0.0175781 0.0150183
-0.0292969 0.0212129
-0.0253906 0.0227581
-0.0253906 0.0227581
-0.0175781 0.0150183
-0.0214844 0.0244637
-0.0175781 0.0267107
-0.0175781 0.0267107
-0.0104447 0.00195312
-0.00983061 0.00585938
-0.00767609 0.00976562
-0.00767609 0.00976562
-0.00585938 0.0118771
-0.00401952 0.0136719
-0.0136719 0.0173929
-0.00976562 0.0198049
-0.00976562 0.0198049
-0.0136719 0.029084
-0.00976562 0.0313615
-0.00585938 0.0219691
0.00120692 0.0175781
-0.00321625 0.0232285
-0.0014461 0.0241403
-0.0292969 0.0391163
-0.0292969 0.0391163
-0.0253906 0.0403706
-0.0214844 0.0417068
-0.0175781 0.043058
-0.0175781 0.043058
-0.00976562 0.0313615
-0.0136719 0.044402
-0.00976562 0.0457587
-0.00585938 0.0332019
-0.00195312 0.034795
-0.00195312 0.034795
-0.00585938 0.0470575
-0.00585938 0.0470575
-0.00195312 0.0483045
0.00357773 -0.0354551
0.00258393 -0.0332031
0.00585938 -0.0361832
0.00390625 -0.0351562
0.00823972 -0.0354533
0.0101448 -0.0332031
0.0185276 -0.0402789
0.0214844 -0.0415056
0.0178568 -0.0371094
0.0192218 -0.0348711
0.0214844 -0.0337669
0.0242602 -0.0400089
0.0253058 -0.0371094
0.0241925 -0.0339914
0.00294773 -0.0293029
0.00429026 -0.0276038
0.00603773 -0.0264913
0.00585938 -0.0163008
0.00976562 -0.0263407
0.00976562 -0.0263407
0.0117259 -0.0312173
0.0102551 -0.0205867
0.00725252 -0.0175781
0.0136719 -0.0219488
0.00195312 -0.0133466
0.00585938 -0.0163008
0.0155186 -0.00802162
0.0154953 -0.00585938
0.0151992 -0.00195312
0.0222728 -0.0253906
0.0175781 -0.0225134
0.020428 -0.0232894
0.0242324 -0.0175781
0.0253906 -0.0286456
0.0222728 -0.0253906
0.0292969 -0.0293513
0.0257642 -0.0205426
0.0242324 -0.0175781
0.0292969 -0.0213371
0.0175781 -0.0104243
0.0175781 -0.0104243
0.0217033 -0.0134865
0.0195313 -0.0117187
0.0154953 -0.00585938
0.0237793 -0.0136719
0.0267315 -0.00976562
0.0292969 -0.0116023
0.0292969 -0.0116023
0.0266832 -0.00585938
0.0254103 -0.00195312
0.0273438 -0.00390625
0.0308619 -0.00382803
0.0332031 -0.0447073
0.0321148 -0.0410156
0.0371094 -0.0452757
0.0386548 -0.0399139
0.0342003 -0.0381898
0.0350305 -0.0313411
0.0371094 -0.0380163
0.0406891 -0.0332031
0.0391702 -0.0431884
0.0392439 -0.0418553
0.0410156 -0.034257
0.0410156 -0.034257
0.0449219 -0.0337445
0.0522045 -0.0566406
0.0527344 -0.0571544
0.0502158 -0.0527344
0.0506226 -0.0504203
0.0527344 -0.0465333
0.0566406 -0.0588226
0.0605469 -0.0587901
0.0605469 -0.0587901
0.0581163 -0.0470535
0.0605469 -0.0487831
0.0527344 -0.0465333
0.0499662 -0.0354377
0.0488281 -0.0343167
0.0527344 -0.0364422
0.0507813 -0.03125
0.0566406 -0.0446962
0.0605469 -0.0487831
0.0566406 -0.0371114
0.0605469 -0.0369284
0.060978 -0.0322293
0.0296072 -0.0292969
0.03666 -0.0253906
0.0352524 -0.0305671
0.03666 -0.0253906
0.0332031 -0.0223315
0.0347531 -0.0172878
0.0364842 -0.0184634
0.0410156 -0.0267029
0.0480837 -0.0292969
0.0434863 -0.0270748
0.0412611 -0.0200688
0.0400948 -0.0194472
0.0449219 -0.0217294
0.0465798 -0.0162427
0.0337517 -0.0133198
0.0341716 -0.0101301
0.0351563 -0.0117188
0.0371094 -0.0104037
0.033953 -0.00585938
0.0325798 -0.00195312
0.041698 -0.0122972
0.0407466 -0.0114358
0.0449219 -0.0144494
0.0460154 -0.00891873
0.0440326 -0.00585938
0.0425387 -0.00195312
0.0440326 -0.00585938
0.0480837 -0.0292969
0.0527344 -0.0307926
0.0491884 -0.0221238
0.0494152 -0.0175781
0.0513185 -0.0210116
0.0509791 -0.0185026
0.0566406 -0.0302305
0.0581827 -0.0243395
0.0605469 -0.0270033
0.0605469 -0.0270033
0.0579767 -0.0219025
0.059226 -0.0201326
0.0623512 -0.0163413
0.0488281 -0.0102532
0.0527344 -0.0127108
0.0527344 -0.0127108
0.0566406 -0.0138326
0.0605469 -0.0149713
0.0619282 -0.00483365
0.0615811 -0.00195312
0.0625 -0.0585938
0.0644531 -0.0580102
0.0683594 -0.0576874
0.0651152 -0.0511133
0.0631974 -0.0506567
0.0672944 -0.0510674
0.0683594 -0.0500482
0.0722656 -0.0576628
0.0761719 -0.0575577
0.0722656 -0.0481881
0.0761719 -0.0469935
0.0644531 -0.0369133
0.0644531 -0.0330472
0.0683594 -0.0375234
0.0683594 -0.03269
0.0761719 -0.0469935
0.0722656 -0.0377095
0.0722656 -0.0324889
0.0761719 -0.0374593
0.0761719 -0.0325313
0.0800781 -0.0573763
0.0839844 -0.0570867
0.0800781 -0.0471225
0.0839844 -0.0475354
0.0878906 -0.0567154
0.0917969 -0.0562372
0.0878906 -0.0471295
0.0800781 -0.037139
0.0800781 -0.0322798
0.0839844 -0.0367638
0.0839844 -0.0317699
0.0878906 -0.0471295
0.0917969 -0.045826
0.0878906 -0.0362195
0.0864986 -0.0313849
0.0917969 -0.035586
0.0648745 -0.0263091
0.0679793 -0.0246587
0.0653993 -0.0203189
0.0677769 -0.0222956
0.0722656 -0.0248027
0.0761719 -0.0251938
0.0725311 -0.0214844
0.0741519 -0.0156471
0.0751017 -0.0202378
0.0644531 -0.0154758
0.066199 -0.00789009
0.0683594 -0.0155963
0.0696141 -0.00789394
0.0640576 -0.00650927
0.0678081 -0.00765276
0.0722656 -0.0154534
0.0708908 -0.00785998
0.0761719 -0.0151202
0.0727565 -0.00760332
0.0761719 -0.0066094
0.0800781 -0.0242576
0.0830089 -0.0236723
0.0800781 -0.0195881
0.0836745 -0.0175781
0.0839844 -0.0185545
0.0836745 -0.0175781
0.088578 -0.0310444
0.0917969 -0.0303834
0.0878906 -0.0222369
0.0878906 -0.0161982
0.0917969 -0.0208273
0.0800781 -0.0144898
0.0836816 -0.0129113
0.0859122 -0.0117018
0.0800781 -0.00417883
0.0818267 -0.00195312
0.0818267 -0.00195312
0.0878906 -0.0161982
0.0874639 -0.00976562
0.0913617 -0.0128351
0.0931068 -0.0114863
0.0895853 -0.00737169
0.0904212 -0.00528502
0.0922552 -0.00195312
0.0957031 -0.0556764
0.0996094 -0.0550386
0.0996094 -0.0550386
0.103516 -0.0543169
0.103516 -0.0543169
0.107422 -0.0535239
0.0957031 -0.0441918
0.0996094 -0.042998
0.0996094 -0.042998
0.0939486 -0.0351953
0.0957031 -0.0348775
0.102109 -0.0332031
0.103516 -0.0423973
0.107422 -0.0419379
0.102109 -0.0332031
0.107208 -0.0317319
0.111328 -0.0526194
0.115234 -0.0516533
0.119141 -0.0506113
0.119141 -0.0506113
0.123047 -0.0494984
0.111328 -0.0410481
0.115234 -0.0396063
0.115234 -0.0396063
0.119141 -0.0378865
0.123047 -0.036232
0.0957031 -0.029525
0.0996094 -0.0284903
0.0957031 -0.0191808
0.0957031 -0.0191808
0.0996094 -0.0167938
0.102402 -0.0276223
0.104323 -0.0269605
0.106252 -0.0311836
0.108511 -0.0253906
0.0957031 -0.00895945
0.0996094 -0.0167938
0.0957031 -0.00895945
0.0988238 -0.00556846
0.100421 -0.00195312
0.103516 -0.0138257
0.103674 -0.0136719
0.107211 -0.00976562
0.109298 -0.00585938
0.111328 -0.0305579
0.108511 -0.0253906
0.115234 -0.0290362
0.113238 -0.0234187
0.115234 -0.0224488
0.1183 -0.0278042
0.119876 -0.0270824
0.123047 -0.0258039
0.117122 -0.0214844
0.120903 -0.0194244
0.123047 -0.0180645
0.109298 -0.00585938
0.110045 -0.00195312
0.126953 -0.0483073
0.130859 -0.0470738
0.130859 -0.0470738
0.126953 -0.0348247
0.126953 -0.0348247
0.130859 -0.0333163
0.134766 -0.0457849
0.138672 -0.0444325
0.134766 -0.0314409
0.142578 -0.0430879
0.142578 -0.0430879
0.146484 -0.0417351
0.150391 -0.0403957
0.154297 -0.0391401
0.154297 -0.0391401
0.123842 -0.0253906
0.128263 -0.0232444
0.123781 -0.0175781
0.130859 -0.0220177
0.134766 -0.0314409
0.138672 -0.02911
0.134766 -0.019845
0.134766 -0.019845
0.138672 -0.0174441
0.129063 -0.0136719
0.130859 -0.0119612
0.132798 -0.00976562
0.132798 -0.00976562
0.135073 -0.00585938
0.135804 -0.00195312
0.142578 -0.0266902
0.142578 -0.0266902
0.146484 -0.0244409
0.142578 -0.0150788
0.150391 -0.0227564
0.150391 -0.0227564
0.154297 -0.0212322
0.142578 -0.0150788
0.146484 -0.0123871
0.146484 -0.0123871
0.150391 -0.00938792
0.150391 -0.00938792
0.154297 -0.00612018
0.158203 -0.0379326
0.162109 -0.0367948
0.166016 -0.0357612
0.166016 -0.0357612
0.169922 -0.0348142
0.169922 -0.0348142
0.173828 -0.0338768
0.177734 -0.0330568
0.181641 -0.0323139
0.185547 -0.031638
0.158203 -0.0194762
0.158203 -0.0194762
0.162109 -0.016815
0.166016 -0.0137733
0.162109 -0.016815
0.158203 -0.0023317
0.158564 -0.00195312
0.158564 -0.00195312
0.166016 -0.0137733
0.169922 -0.0108294
0.169922 -0.0108294
0.173828 -0.00851071
0.177734 -0.0066901
0.181641 -0.00405689
0.181641 -0.00405689
0.185547 -0.00211682
0.185547 -0.00211682
0.189453 -0.0310814
0.189453 -0.0310814
0.193359 -0.0304757
0.197266 -0.029886
0.201172 -0.0293464
0.186159 -0.00195312
0.205078 -0.0288843
0.208984 -0.0285665
0.212891 -0.0284456
0.216797 -0.0283872
0.21661 -0.0136719
0.21238 -0.00976562
0.216797 -0.0139109
0.211714 -0.00585938
0.213406 -0.00195312
0.240234 -0.0309943
0.220703 -0.028115
0.224609 -0.0275615
0.224609 -0.0275615
0.220703 -0.0155964
0.224609 -0.0172303
0.228516 -0.0270463
0.23323 -0.0276723
0.231829 -0.0271444
0.22991 -0.0197644
0.225296 -0.0175781
0.232422 -0.0203558
0.220703 -0.0155964
0.236328 -0.0292889
0.240234 -0.0309943
0.236328 -0.0206959
0.240234 -0.0205311
0.244141 -0.0296966
0.246239 -0.02755
0.246698 -0.0253906
0.244141 -0.0216722
0.246281 -0.0231648
0.242827 -0.00585938
0.24042 -0.00195312
0.244141 -0.00731395
0.248047 -0.0105919
0.248047 -0.0105919
0.242827 -0.00585938
0.253578 -0.0354552
0.252581 -0.0332031
0.255859 -0.0361849
0.258242 -0.0354547
0.260152 -0.0332031
0.268549 -0.0402978
0.271484 -0.0415844
0.267925 -0.0371094
0.269299 -0.0349395
0.271484 -0.0337841
0.274325 -0.0400697
0.275429 -0.0371094
0.274213 -0.0338704
0.252946 -0.0293009
0.255859 -0.0266166
0.255859 -0.0266166
0.255859 -0.0162779
0.259766 -0.0263431
0.259766 -0.0263431
0.26173 -0.0311981
0.260263 -0.0205778
0.257275 -0.0175781
0.263672 -0.021918
0.251953 -0.0133308
0.255859 -0.0162779
0.265645 -0.00585938
0.265222 -0.00195312
0.272342 -0.0253906
0.267578 -0.0224327
0.270467 -0.0232109
0.274152 -0.0175781
0.275391 -0.0288286
0.272342 -0.0253906
0.279297 -0.0296358
0.275625 -0.0202895
0.274152 -0.0175781
0.279297 -0.0207388
0.267578 -0.0100335
0.267183 -0.00976562
0.271439 -0.0136719
0.265645 -0.00585938
0.27354 -0.0152459
0.276734 -0.00928435
0.279297 -0.0113058
0.279297 -0.0113058
0.276457 -0.00585938
0.275255 -0.00195312
0.277344 -0.0078125
0.283389 -0.0446878
0.282422 -0.0410156
0.287109 -0.0455766
0.28863 -0.0395773
0.284824 -0.0387793
0.287109 -0.0383378
0.290471 -0.0332031
0.289354 -0.0435245
0.289449 -0.0414316
0.290471 -0.0332031
0.294922 -0.0339976
0.30063 -0.0549556
0.302447 -0.0569852
0.300272 -0.0527344
0.300695 -0.050598
0.300272 -0.0527344
0.301907 -0.0485018
0.306641 -0.0588543
0.306641 -0.0588543
0.310547 -0.0588088
0.310547 -0.0588088
0.308321 -0.0469258
0.310547 -0.0482032
0.303384 -0.0457816
0.300143 -0.035343
0.298828 -0.0341745
0.302734 -0.0362825
0.306641 -0.0446981
0.310547 -0.0482032
0.306641 -0.0370824
0.310547 -0.0370284
0.310981 -0.0320709
0.283203 -0.0291704
0.286789 -0.0253906
0.2855 -0.0292969
0.286789 -0.0253906
0.283203 -0.0217182
0.284758 -0.0175781
0.287109 -0.018405
0.289063 -0.0273438
0.291016 -0.0267244
0.295549 -0.0281674
0.294922 -0.0267594
0.291016 -0.0182877
0.294922 -0.0212042
0.294922 -0.0168381
0.283623 -0.01341
0.284076 -0.0103912
0.287109 -0.00982423
0.283881 -0.00585938
0.282638 -0.00195312
0.293282 -0.0136719
0.290734 -0.0110763
0.293282 -0.0136719
0.295887 -0.00858664
0.293965 -0.00585938
0.292535 -0.00195312
0.293965 -0.00585938
0.298828 -0.0299488
0.302734 -0.0309088
0.299909 -0.0231124
0.299114 -0.0164133
0.302152 -0.0214844
0.302734 -0.0143986
0.306641 -0.0307972
0.308387 -0.0238031
0.310547 -0.0264057
0.310547 -0.0264057
0.308259 -0.0224647
0.309525 -0.0206204
0.312346 -0.0160617
0.298828 -0.0100766
0.302734 -0.0143986
0.301104 -0.0115625
0.306641 -0.0138585
0.310547 -0.0149682
0.311934 -0.00482529
0.311584 -0.00195312
0.312502 -0.058594
0.314453 -0.0580502
0.318359 -0.0577304
0.315704 -0.051
0.313586 -0.0505024
0.31715 -0.0509672
0.318359 -0.050138
0.322266 -0.057655
0.326172 -0.0575705
0.322266 -0.0483567
0.326172 -0.0470992
0.314453 -0.036956
0.314453 -0.0329382
0.318359 -0.0374303
0.318359 -0.0327772
0.326172 -0.0470992
0.322266 -0.0376772
0.322266 -0.0325177
0.326172 -0.0374834
0.326172 -0.0325007
0.330078 -0.0573935
0.333984 -0.0570997
0.330078 -0.0471084
0.333984 -0.0474856
0.337891 -0.056725
0.341797 -0.0562447
0.337891 -0.0471136
0.341797 -0.045837
0.330078 -0.0471084
0.330078 -0.0371318
0.330078 -0.0322706
0.333984 -0.0367538
0.333984 -0.0317746
0.337891 -0.0471136
0.341797 -0.045837
0.337891 -0.036215
0.336488 -0.0313857
0.341797 -0.0355835
0.339844 -0.0351562
0.315002 -0.0266046
0.317976 -0.0248957
0.315501 -0.0200774
0.317824 -0.022086
0.322266 -0.0246617
0.326172 -0.0251894
0.322603 -0.0217228
0.325081 -0.0203604
0.314453 -0.0154632
0.316203 -0.00788944
0.318359 -0.0155739
0.319593 -0.00789892
0.314062 -0.00650323
0.317782 -0.00765231
0.322266 -0.0154331
0.320925 -0.00786413
0.326172 -0.015126
0.322796 -0.00761105
0.326172 -0.00662544
0.330078 -0.0243185
0.333009 -0.0236781
0.330078 -0.0197267
0.333517 -0.0175781
0.333984 -0.0187373
0.333517 -0.0175781
0.338582 -0.031045
0.341797 -0.0303855
0.337891 -0.0222469
0.337891 -0.0160186
0.341797 -0.0208246
0.330078 -0.0145494
0.333609 -0.0130598
0.335877 -0.0116744
0.330078 -0.00419231
0.331835 -0.00195312
0.331835 -0.00195312
0.337891 -0.0160186
0.337378 -0.00973504
0.341452 -0.0128454
0.343197 -0.0115406
0.340065 -0.00585938
0.340065 -0.00585938
0.342291 -0.00195312
0.345703 -0.0556813
0.349609 -0.05504
0.353516 -0.0543144
0.353516 -0.0543144
0.357422 -0.0535178
0.345703 -0.0441799
0.349609 -0.0429251
0.349609 -0.0429251
0.343952 -0.0351948
0.345746 -0.0348749
0.349609 -0.033954
0.353516 -0.0423045
0.357422 -0.0418774
0.353516 -0.032868
0.357305 -0.0317552
0.361328 -0.0526106
0.365234 -0.0516424
0.369141 -0.0505983
0.369141 -0.0505983
0.373047 -0.0494831
0.361328 -0.0411159
0.365234 -0.0397327
0.365234 -0.0397327
0.369141 -0.0380068
0.373047 -0.036282
0.345703 -0.0295231
0.349609 -0.0285265
0.345703 -0.0191734
0.345703 -0.0191734
0.348377 -0.0175781
0.352491 -0.027671
0.354343 -0.026962
0.356188 -0.0311877
0.358525 -0.0253906
0.345703 -0.00924625
0.351535 -0.0156067
0.347656 -0.0078125
0.348995 -0.00585938
0.35068 -0.00195312
0.353516 -0.0138285
0.35368 -0.0136719
0.357354 -0.00976562
0.359634 -0.00585938
0.361328 -0.0305631
0.358525 -0.0253906
0.365234 -0.0290469
0.363243 -0.0234209
0.365234 -0.0224522
0.368313 -0.0278093
0.369884 -0.0270856
0.373047 -0.0258153
0.367126 -0.0214844
0.370902 -0.0194232
0.373047 -0.0180596
0.359634 -0.00585938
0.36038 -0.00195312
0.376953 -0.0482901
0.380859 -0.0470563
0.380859 -0.0470563
0.376953 -0.0347965
0.376953 -0.0347965
0.380859 -0.0332516
0.384766 -0.0457695
0.388672 -0.044423
0.384766 -0.0313976
0.392578 -0.0430858
0.392578 -0.0430858
0.396484 -0.0417414
0.400391 -0.0404099
0.404297 -0.0391585
0.404297 -0.0391585
0.373863 -0.0253906
0.378275 -0.0232479
0.373773 -0.0175781
0.380859 -0.0220268
0.384766 -0.0313976
0.388672 -0.0291013
0.384766 -0.0198512
0.384766 -0.0198512
0.388672 -0.0174516
0.379049 -0.0136719
0.380859 -0.0119478
0.382788 -0.00976562
0.382788 -0.00976562
0.385066 -0.00585938
0.385791 -0.00195312
0.392578 -0.0267063
0.392578 -0.0267063
0.396484 -0.0244508
0.392578 -0.0150873
0.400391 -0.022748
0.400391 -0.022748
0.404297 -0.0212112
0.392578 -0.0150873
0.396484 -0.0123956
0.396484 -0.0123956
0.400391 -0.00939818
0.404297 -0.00612927
0.404297 -0.00612927
0.408203 -0.0379524
0.412109 -0.0368096
0.416016 -0.0357692
0.416016 -0.0357692
0.419922 -0.0348174
0.419922 -0.0348174
0.423828 -0.0338782
0.427734 -0.0330593
0.431641 -0.0323164
0.435547 -0.0316353
0.408203 -0.0194637
0.408203 -0.0194637
0.412109 -0.0168162
0.412109 -0.0168162
0.408203 -0.0023346
0.408566 -0.00195312
0.408566 -0.00195312
0.416016 -0.0137801
0.419922 -0.0108352
0.419922 -0.0108352
0.423828 -0.00851355
0.427734 -0.00669236
0.431641 -0.00405925
0.431641 -0.00405925
0.435547 -0.00211853
0.435547 -0.00211853
0.439453 -0.0310691
0.439453 -0.0310691
0.443359 -0.0304485
0.447266 -0.0298523
0.451172 -0.0293137
0.436163 -0.00195312
0.455078 -0.0288562
0.458984 -0.0285421
0.462891 -0.0284238
0.466797 -0.0283754
0.466663 -0.0136719
0.462412 -0.00976562
0.466797 -0.0138829
0.461736 -0.00585938
0.463419 -0.00195312
0.490234 -0.0309873
0.470703 -0.0281287
0.474609 -0.0275946
0.474609 -0.0275946
0.470703 -0.0155742
0.474609 -0.0172076
0.478548 -0.0270872
0.483212 -0.0276694
0.481848 -0.0271572
0.479913 -0.0197667
0.475341 -0.0175781
0.482422 -0.020386
0.470703 -0.0155742
0.486328 -0.0292799
0.490234 -0.0309873
0.486328 -0.0207301
0.490234 -0.0205286
0.494141 -0.029689
0.496237 -0.0275458
0.496709 -0.0253906
0.494141 -0.0216441
0.496292 -0.0231488
0.492847 -0.00585938
0.490418 -0.00195312
0.494141 -0.00728159
0.498047 -0.0105529
0.498047 -0.0105529
0.492847 -0.00585938
0.0151413 0.00195312
0.0158732 0.00585938
0.00195312 0.0180761
0.00407991 0.0194334
0.00783217 0.0214844
0.00195312 0.0257658
0.00515365 0.027072
0.00673847 0.0277903
0.00783217 0.0214844
0.0117284 0.0234333
0.0117187 0.0234375
0.00976562 0.029014
0.0136719 0.0243177
0.0136719 0.0305387
0.0158732 0.00585938
0.0177 0.00976562
0.0211576 0.0136719
0.0214844 0.0139767
0.0246236 0.00195312
0.0262085 0.00560631
0.0292969 0.00920653
0.0292969 0.00920653
0.0175781 0.0258825
0.0186796 0.0311772
0.0206306 0.0269783
0.0225492 0.0276385
0.0253906 0.0168421
0.0292969 0.0191595
0.0292969 0.0191595
0.0253906 0.0285112
0.0292969 0.0295404
0.00195312 0.0363182
0.00585938 0.0380978
0.00976562 0.0398494
0.015625 0.03125
0.00976562 0.0398494
0.0136719 0.0412225
0.00195312 0.0495139
0.00585938 0.0506471
0.00585938 0.0506471
0.00976562 0.0517081
0.0136719 0.0526992
0.0178169 0.0317223
0.02296 0.0332031
0.0175781 0.0419421
0.0214844 0.0423159
0.02296 0.0332031
0.0292969 0.0348582
0.0311387 0.0351769
0.0253906 0.042894
0.0253906 0.042894
0.0292969 0.0441429
0.0175781 0.0536201
0.0214844 0.0544185
0.0214844 0.0544185
0.0253906 0.0551526
0.0292969 0.0558017
0.0329268 0.00195312
0.0345706 0.00548285
0.0352943 0.00755836
0.0316641 0.0116122
0.0334003 0.0130091
0.0372961 0.00976562
0.0371094 0.0160673
0.0432554 0.00195312
0.0432554 0.00195312
0.0449219 0.00408471
0.0411148 0.0128242
0.0449219 0.0143369
0.0332031 0.0207621
0.0371094 0.0160673
0.0371094 0.0221053
0.0332031 0.0304096
0.0363252 0.0310526
0.0409527 0.0175781
0.0410156 0.0182961
0.0449219 0.0192246
0.0449219 0.0192246
0.0422122 0.0236183
0.0449219 0.0240953
0.0488281 0.00651978
0.0524218 0.00756468
0.0488281 0.0149818
0.0542888 0.00784332
0.0527344 0.0153576
0.0570015 0.00765541
0.063637 0.00195312
0.0609517 0.00657865
0.0551976 0.00787191
0.0566406 0.0155582
0.0588116 0.00789473
0.0605469 0.0155005
0.0499554 0.0202028
0.0527106 0.0216174
0.0488281 0.0249915
0.0527344 0.0247601
0.0585937 0.015625
0.0568418 0.0220762
0.0624971 0.0156271
0.059598 0.0201627
0.0567266 0.0247267
0.0602653 0.0264378
0.0332031 0.0355457
0.0384577 0.0314015
0.0371094 0.0361835
0.0332031 0.045824
0.0371094 0.0471314
0.0410156 0.0317989
0.0410156 0.0367436
0.0449219 0.0322857
0.0449219 0.0371424
0.0371094 0.0471314
0.0332031 0.0563669
0.0371094 0.0568543
0.0410156 0.0475349
0.0449219 0.0471656
0.0410156 0.0572326
0.0449219 0.0575175
0.0488281 0.0325171
0.0488281 0.0374971
0.0527344 0.0325203
0.0527344 0.0377037
0.0566406 0.0327785
0.0566406 0.03747
0.0605469 0.0330394
0.0605469 0.0369418
0.0488281 0.04717
0.0527344 0.0484281
0.0488281 0.0576904
0.0527344 0.0577741
0.0566406 0.0501608
0.0579662 0.050931
0.0613082 0.0504712
0.0591696 0.0509572
0.0566406 0.0578381
0.0605469 0.0581258
0.0623482 0.0586142
0.063637 0.00195312
0.0631513 0.00491697
0.0644531 0.0150508
0.0683594 0.0139767
0.0741 0.0116597
0.0722656 0.0141356
0.0761719 0.0100916
0.0742728 0.0155565
0.0626698 0.0161528
0.0656867 0.0203004
0.0668828 0.0220253
0.0644531 0.0268102
0.0644531 0.0268102
0.0667377 0.0240584
0.0683594 0.0305048
0.0722656 0.0141356
0.0731389 0.0214844
0.0753024 0.0162987
0.0753639 0.0227026
0.0722656 0.0308617
0.078125 0.0234375
0.0769534 0.0292969
0.0812722 0.00585938
0.0825865 0.00195312
0.0812722 0.00585938
0.079161 0.0083733
0.0812224 0.0153286
0.0844453 0.0106817
0.0828355 0.0134863
0.0927192 0.00195312
0.09133 0.00585938
0.0878906 0.00929067
0.0917969 0.0105399
0.0916371 0.0136719
0.0806646 0.016772
0.080373 0.0219271
0.0839844 0.0170325
0.0823292 0.0198969
0.0806471 0.0263413
0.0769534 0.0292969
0.0839844 0.0261664
0.0878906 0.0181791
0.0912066 0.0175781
0.0923842 0.0214844
0.0878906 0.0267823
0.0883912 0.0253906
0.0950216 0.0292969
0.0640483 0.0321781
0.0644531 0.0370117
0.0683594 0.0371477
0.0644531 0.0481767
0.0683594 0.0448545
0.0722656 0.0363943
0.0761719 0.0341322
0.0748831 0.0353798
0.0722656 0.0473046
0.0644531 0.0481767
0.0667835 0.0469285
0.0644531 0.0588926
0.0644531 0.0588926
0.0683594 0.0589994
0.0722656 0.0473046
0.074321 0.0505831
0.0749549 0.0527344
0.0722656 0.0576532
0.0733957 0.0566406
0.0800781 0.033765
0.0839844 0.0346119
0.0820312 0.0429687
0.0855287 0.0413856
0.0856198 0.0435699
0.0847974 0.0332031
0.0878906 0.0403562
0.0901008 0.0388177
0.0878906 0.0403562
0.0878906 0.0456728
0.0926281 0.0410156
0.0916533 0.0447473
0.0859375 0.046875
0.0898437 0.046875
0.09382 0.00345081
0.0998863 0.00195312
0.0990845 0.00585938
0.0958708 0.0105082
0.09375 0.0117188
0.098647 0.00934019
0.101562 0.0117188
0.10947 0.00585938
0.10487 0.0113072
0.1033 0.0136719
0.107422 0.0098278
0.0946929 0.019383
0.094352 0.0197471
0.100802 0.0190462
0.100008 0.0196985
0.0957031 0.0291314
0.102912 0.0253906
0.0996094 0.0293765
0.102241 0.0173673
0.103516 0.0238388
0.107422 0.0218492
0.102912 0.0253906
0.101792 0.0278588
0.109808 0.00195312
0.10947 0.00585938
0.119141 0.0164811
0.123047 0.013377
0.111328 0.0219061
0.118085 0.0175781
0.115061 0.0207092
0.115234 0.0267617
0.115234 0.0267617
0.118085 0.0175781
0.119141 0.0265869
0.119141 0.0265869
0.121094 0.0273437
0.122152 0.0293369
0.0989143 0.0371094
0.101009 0.0335529
0.0989143 0.0371094
0.100737 0.040015
0.103516 0.0338465
0.105601 0.0350311
0.107026 0.0371094
0.103516 0.0414765
0.106436 0.0402662
0.114823 0.0332031
0.116718 0.0354965
0.119141 0.0363351
0.122631 0.0332031
0.121569 0.0355825
0.132488 0.00585938
0.126953 0.0107236
0.126953 0.0107236
0.130859 0.0075946
0.134975 0.00195312
0.132488 0.00585938
0.128828 0.0233139
0.130859 0.0218093
0.127102 0.0253906
0.128906 0.0273438
0.130859 0.0293606
0.134766 0.0204292
0.138672 0.0204831
0.134766 0.0309256
0.138672 0.0294033
0.154297 0.0158001
0.142578 0.0202733
0.150224 0.0175781
0.145265 0.0197983
0.143639 0.0271642
0.141972 0.0277617
0.146484 0.02698
0.150391 0.0174731
0.154297 0.0158001
0.150391 0.0274128
0.150391 0.0274128
0.154297 0.0280327
0.134766 0.0309256
0.161639 0.00195312
0.163298 0.00585938
0.158203 0.0140259
0.162639 0.00976562
0.158611 0.0136719
0.158203 0.0284292
0.162109 0.0285314
0.166016 0.0286025
0.169922 0.0288466
0.188861 0.00195312
0.173828 0.0292561
0.177734 0.0297648
0.181641 0.0303368
0.185547 0.0309644
0.189453 0.00209219
0.189453 0.00209219
0.193359 0.00406479
0.193359 0.00406479
0.197266 0.00669893
0.201172 0.00851253
0.201172 0.00851253
0.205078 0.0108243
0.205078 0.0108243
0.208984 0.013766
0.216517 0.00195312
0.216517 0.00195312
0.216797 0.00224522
0.212891 0.0168123
0.212891 0.0168123
0.216797 0.0194816
0.216797 0.0194816
0.189453 0.0315157
0.193359 0.0322005
0.197266 0.0329657
0.201172 0.0338074
0.205078 0.0347615
0.205078 0.0347615
0.208984 0.0357201
0.212891 0.0367595
0.216797 0.0378964
0.220703 0.00603679
0.220703 0.00603679
0.224609 0.00931142
0.228516 0.0123165
0.228516 0.0123165
0.232422 0.0150137
0.220703 0.0212462
0.224609 0.022774
0.224609 0.022774
0.232422 0.0150137
0.228516 0.0244546
0.232422 0.0266959
0.232422 0.0266959
0.239582 0.00195312
0.240187 0.00585938
0.242326 0.00976562
0.242326 0.00976562
0.244141 0.0118804
0.245974 0.0136719
0.236328 0.0173913
0.240234 0.0198022
0.240234 0.0198022
0.236328 0.0291068
0.240234 0.0314298
0.244141 0.0219605
0.2512 0.0175781
0.246796 0.0232251
0.248564 0.024135
0.220703 0.0391035
0.220703 0.0391035
0.224609 0.0403546
0.228516 0.0416911
0.232422 0.043045
0.232422 0.043045
0.240234 0.0314298
0.236328 0.0443918
0.240234 0.0457515
0.244141 0.0332958
0.248047 0.0347952
0.248047 0.0347952
0.244141 0.047053
0.240234 0.0457515
0.244141 0.047053
0.248047 0.0483028
0.265075 0.00195312
0.265771 0.00585938
0.2512 0.0175781
0.253906 0.0195313
0.254078 0.0194346
0.255859 0.0204737
0.251953 0.0257546
0.255158 0.0270687
0.25675 0.0277866
0.259766 0.0224756
0.261729 0.0234329
0.261719 0.0234375
0.259766 0.0290097
0.263672 0.0243171
0.263672 0.0305392
0.265771 0.00585938
0.267606 0.00976562
0.271114 0.0136719
0.271484 0.0140105
0.2747 0.00195312
0.276278 0.00552085
0.277562 0.00749587
0.279663 0.00952525
0.28125 0.0117188
0.271484 0.0140105
0.267578 0.0258823
0.268691 0.0311786
0.27063 0.0269779
0.272554 0.027639
0.275391 0.0168401
0.276553 0.0175781
0.280767 0.0197749
0.275391 0.028515
0.279297 0.0295481
0.251953 0.036215
0.251953 0.036215
0.255859 0.0379453
0.259766 0.0397956
0.259766 0.0397956
0.263672 0.0413745
0.251953 0.0495162
0.255859 0.0506547
0.255859 0.0506547
0.259766 0.0517243
0.263672 0.0527323
0.267811 0.0317248
0.272956 0.0332031
0.267578 0.0422356
0.271484 0.042517
0.272956 0.0332031
0.279297 0.0348553
0.28111 0.0351817
0.275391 0.0427898
0.275391 0.0427898
0.279297 0.0438029
0.267578 0.0536312
0.271484 0.0544492
0.271484 0.0544492
0.275391 0.0551806
0.279297 0.0558296
0.282974 0.00195312
0.284555 0.00559727
0.285239 0.00765552
0.281575 0.0116291
0.283343 0.0131021
0.28723 0.00976562
0.287109 0.0160102
0.293263 0.00195312
0.293263 0.00195312
0.294922 0.00408088
0.291047 0.0127736
0.294922 0.0143035
0.283203 0.020785
0.287109 0.0160102
0.287109 0.0221314
0.283203 0.0304122
0.286329 0.0310531
0.290631 0.0175781
0.291016 0.0181404
0.294922 0.0191265
0.294922 0.0191265
0.292195 0.0236202
0.294922 0.0241045
0.298828 0.00653324
0.302371 0.00757271
0.298828 0.0149731
0.304207 0.00784828
0.302734 0.0153657
0.307064 0.00766037
0.313634 0.00195312
0.31096 0.00658273
0.305242 0.00787782
0.306641 0.0155705
0.308815 0.00789629
0.310594 0.0155093
0.298828 0.0201728
0.298828 0.0201728
0.302706 0.021529
0.298828 0.025016
0.302734 0.0248005
0.308594 0.015625
0.306871 0.0221661
0.31245 0.0156642
0.309615 0.0202557
0.306716 0.0246431
0.310324 0.0263151
0.283203 0.035562
0.288439 0.0313993
0.287109 0.03621
0.283203 0.0455627
0.287109 0.0472286
0.291016 0.031796
0.291016 0.0367628
0.294922 0.0323023
0.294922 0.03714
0.287109 0.0472286
0.283203 0.0563984
0.287109 0.0568912
0.291016 0.0479595
0.294922 0.0475509
0.291016 0.0572715
0.294922 0.0575521
0.298828 0.0325522
0.298828 0.0374575
0.302734 0.0325168
0.302734 0.0377042
0.298828 0.0471075
0.306641 0.0327076
0.306641 0.0375351
0.310547 0.0330534
0.310547 0.0369424
0.298828 0.0471075
0.302734 0.0479814
0.304687 0.0507813
0.298828 0.0577203
0.302734 0.0578058
0.306641 0.0498172
0.308273 0.0508804
0.311076 0.0505675
0.309563 0.0509825
0.306641 0.0578689
0.310547 0.0581531
0.312266 0.0586252
0.313634 0.00195312
0.313153 0.00492055
0.314453 0.0150606
0.318359 0.013985
0.324116 0.0116678
0.322266 0.0139684
0.326172 0.0101079
0.324279 0.0155487
0.312673 0.0162873
0.315861 0.0200685
0.316997 0.0217148
0.314453 0.0268961
0.314453 0.0268961
0.316833 0.0242303
0.318359 0.0302097
0.322266 0.0139684
0.32325 0.0214844
0.325323 0.0163652
0.325415 0.0226669
0.322266 0.0307622
0.328125 0.0234375
0.327128 0.0292969
0.331266 0.00585938
0.332596 0.00195312
0.331266 0.00585938
0.329165 0.00840417
0.33114 0.0152815
0.334511 0.0107164
0.332863 0.0133451
0.342835 0.00195312
0.341175 0.00585938
0.337891 0.00919188
0.341557 0.0107081
0.34146 0.0136719
0.33064 0.0166907
0.330232 0.0219683
0.333984 0.0172337
0.332419 0.0199381
0.330983 0.0262672
0.327128 0.0292969
0.333984 0.0260895
0.337891 0.0182781
0.340904 0.0175781
0.342376 0.0217913
0.337891 0.026272
0.337999 0.0253906
0.344597 0.0292969
0.314111 0.0322666
0.314453 0.0369405
0.318359 0.0371337
0.314453 0.0486607
0.318359 0.0449277
0.324219 0.03125
0.322266 0.0364967
0.326566 0.0340792
0.324974 0.0354627
0.321671 0.0457937
0.314453 0.0486607
0.318359 0.0449277
0.314453 0.0589182
0.314453 0.0589182
0.318359 0.0589982
0.32307 0.0484246
0.324959 0.0527344
0.324353 0.0505118
0.324959 0.0527344
0.323365 0.0566406
0.323365 0.0566406
0.330078 0.0333247
0.333984 0.0341391
0.333984 0.0341391
0.328125 0.0390625
0.335937 0.0429687
0.334852 0.0332031
0.337891 0.0404356
0.34016 0.0317192
0.341117 0.0377685
0.337891 0.0404356
0.337891 0.044905
0.343409 0.0400036
0.341797 0.0452661
0.343991 0.00324624
0.349742 0.00195312
0.348698 0.00585938
0.346235 0.0106007
0.34375 0.0117188
0.348507 0.00950126
0.359331 0.00585938
0.355062 0.0114003
0.353508 0.0136719
0.357422 0.00973836
0.343803 0.019528
0.345227 0.0201421
0.349609 0.0194164
0.349609 0.0194164
0.345703 0.028482
0.349609 0.0295829
0.352353 0.0170335
0.353516 0.0229442
0.357422 0.0222126
0.352979 0.0253906
0.351768 0.0279031
0.359883 0.00195312
0.359331 0.00585938
0.369141 0.0165519
0.373047 0.0134036
0.361328 0.0219675
0.36814 0.0175781
0.365234 0.024922
0.365234 0.024922
0.36469 0.0292969
0.36814 0.0175781
0.369141 0.0266141
0.369141 0.0266141
0.371094 0.0273437
0.372487 0.0292969
0.349609 0.0295829
0.350954 0.0371094
0.343874 0.0418346
0.343847 0.0431664
0.351422 0.0392626
0.353516 0.0333089
0.356613 0.0341861
0.358062 0.0371094
0.353516 0.0408336
0.356991 0.0403097
0.365511 0.0332031
0.367101 0.0352238
0.369141 0.0360242
0.372897 0.0332031
0.371668 0.0355875
0.382468 0.00585938
0.376953 0.0107102
0.376953 0.0107102
0.380859 0.00757226
0.384959 0.00195312
0.382468 0.00585938
0.378838 0.0233306
0.380859 0.021812
0.377524 0.0253906
0.378906 0.0273438
0.380859 0.0293525
0.384766 0.0204218
0.388672 0.0204748
0.384766 0.0309092
0.388672 0.0293882
0.404297 0.0157885
0.392578 0.0202599
0.400189 0.0175781
0.395242 0.01979
0.393627 0.0271634
0.391965 0.0277568
0.396484 0.0269802
0.400391 0.017458
0.404297 0.0157885
0.400391 0.0274072
0.400391 0.0274072
0.404297 0.0280172
0.41163 0.00195312
0.41163 0.00195312
0.413278 0.00585938
0.408203 0.0140151
0.412617 0.00976562
0.40859 0.0136719
0.408203 0.028408
0.412109 0.0285144
0.416016 0.0285959
0.419922 0.0288491
0.438864 0.00195312
0.423828 0.0292614
0.427734 0.0297668
0.431641 0.030331
0.435547 0.0309505
0.439453 0.00208965
0.439453 0.00208965
0.443359 0.00406439
0.443359 0.00406439
0.447266 0.00669676
0.451172 0.00850926
0.451172 0.00850926
0.455078 0.0108242
0.455078 0.0108242
0.458984 0.013771
0.466521 0.00195312
0.466521 0.00195312
0.466797 0.00224069
0.462891 0.0168121
0.462891 0.0168121
0.466797 0.0194626
0.466797 0.0194626
0.439453 0.0314987
0.443359 0.0321766
0.447266 0.0329419
0.451172 0.0337846
0.455078 0.0347396
0.455078 0.0347396
0.458984 0.0357012
0.462891 0.0367448
0.466797 0.0378885
0.470703 0.00604155
0.470703 0.00604155
0.474609 0.00931845
0.478516 0.0123218
0.478516 0.0123218
0.482422 0.0150162
0.470703 0.0212127
0.474609 0.0227562
0.474609 0.0227562
0.482422 0.0150162
0.478516 0.0244619
0.482422 0.0267121
0.482422 0.0267121
0.489569 0.00195312
0.490174 0.00585938
0.492319 0.00976562
0.492319 0.00976562
0.494141 0.011885
0.495972 0.0136719
0.486328 0.0173927
0.490234 0.0198058
0.490234 0.0198058
0.486328 0.0290937
0.490234 0.0313772
0.494141 0.0219703
0.501198 0.0175781
0.496783 0.0232289
0.498553 0.0241404
0.470703 0.0391048
0.470703 0.0391048
0.474609 0.0403656
0.478516 0.0417105
0.478516 0.0417105
0.482422 0.0430683
0.482422 0.0430683
0.490234 0.0313772
0.486328 0.0444174
0.490234 0.0457784
0.494141 0.0332175
0.498047 0.034795
0.498047 0.034795
0.494141 0.0470772
0.490234 0.0457784
0.494141 0.0470772
0.498047 0.0483213
