t ke gpe 
0 3.56022e-37 -1.24974
0.000293666 7.54607e-06 -1.24974
0.00104031 8.33665e-06 -1.24974
0.00203583 9.69806e-06 -1.24974
0.00317357 1.08695e-05 -1.24974
0.00453885 1.28816e-05 -1.24974
0.00590414 1.50949e-05 -1.24974
0.00726943 1.76416e-05 -1.24974
0.00863471 2.03644e-05 -1.24974
0.01 2.32562e-05 -1.24974
0.012 2.76101e-05 -1.24974
0.014 3.21685e-05 -1.24974
0.016 3.68164e-05 -1.24974
0.018 4.15313e-05 -1.24974
0.02 4.62433e-05 -1.24974
0.0225 5.20359e-05 -1.24974
0.025 5.77382e-05 -1.24974
0.0275 6.33237e-05 -1.24974
0.03 6.87676e-05 -1.24974
0.0325 7.40627e-05 -1.24974
0.035 7.91826e-05 -1.24974
0.0375 8.41322e-05 -1.24974
0.04 8.89034e-05 -1.24974
0.0425 9.35171e-05 -1.24974
0.045 9.79844e-05 -1.24974
0.0475 0.00010234 -1.24974
0.05 0.0001066 -1.24974
0.0525 0.000110807 -1.24974
0.055 0.00011497 -1.24974
0.0575 0.000119143 -1.24974
0.06 0.000123332 -1.24974
0.0625 0.000127579 -1.24974
0.065 0.000131889 -1.24974
0.0675 0.000136292 -1.24974
0.07 0.000140784 -1.24974
0.0725 0.000145382 -1.24974
0.075 0.000150078 -1.24975
0.0775 0.000154886 -1.24975
0.08 0.000159794 -1.24975
0.0825 0.000164805 -1.24975
0.085 0.000169911 -1.24975
0.0875 0.000175105 -1.24975
0.09 0.000180375 -1.24975
0.0925 0.000185693 -1.24975
0.095 0.000191102 -1.24975
0.0975 0.000196617 -1.24975
0.1 0.000202232 -1.24975
0.1025 0.000207946 -1.24975
0.105 0.000213747 -1.24975
0.1075 0.000219637 -1.24975
0.11 0.000225613 -1.24975
0.1125 0.000231674 -1.24976
0.115 0.000237811 -1.24976
0.1175 0.000244016 -1.24976
0.12 0.000250289 -1.24976
0.1225 0.000256634 -1.24976
0.125 0.000263049 -1.24976
0.1275 0.000269542 -1.24976
0.13 0.000276093 -1.24976
0.1325 0.000282727 -1.24976
0.135 0.000289443 -1.24976
0.1375 0.000296241 -1.24976
0.14 0.000303123 -1.24976
0.1425 0.000310081 -1.24977
0.145 0.000317103 -1.24977
0.1475 0.00032426 -1.24977
0.15 0.000331501 -1.24977
0.1525 0.000338815 -1.24977
0.155 0.000346245 -1.24977
0.1575 0.000353793 -1.24977
0.16 0.000361452 -1.24977
0.1625 0.000369215 -1.24977
0.165 0.000377109 -1.24977
0.1675 0.000385118 -1.24978
0.17 0.000393254 -1.24978
0.1725 0.000401485 -1.24978
0.175 0.000409815 -1.24978
0.1775 0.000418259 -1.24978
0.18 0.000426817 -1.24978
0.1825 0.000435453 -1.24978
0.185 0.000444173 -1.24978
0.1875 0.000452957 -1.24978
0.19 0.000461798 -1.24979
0.1925 0.000470693 -1.24979
0.195 0.000479615 -1.24979
0.1975 0.000488564 -1.24979
0.2 0.000497552 -1.24979
0.2025 0.000506566 -1.24979
0.205 0.000515537 -1.24979
0.2075 0.000524522 -1.24979
0.21 0.00053353 -1.24979
0.2125 0.000542591 -1.24979
0.215 0.000551729 -1.2498
0.2175 0.000560976 -1.2498
0.22 0.000570298 -1.2498
0.2225 0.000579705 -1.2498
0.225 0.000589214 -1.2498
0.2275 0.000598771 -1.2498
0.23 0.000608225 -1.2498
0.2325 0.000617736 -1.2498
0.235 0.000627666 -1.2498
0.2375 0.00063764 -1.2498
0.24 0.000647785 -1.2498
0.2425 0.000658034 -1.24981
0.245 0.000668319 -1.24981
0.2475 0.000678678 -1.24981
0.25 0.000689138 -1.24981
0.2525 0.000699774 -1.24981
0.255 0.000710579 -1.24981
0.2575 0.000721564 -1.24981
0.26 0.00073272 -1.24981
0.2625 0.000743816 -1.24981
0.265 0.000755324 -1.24981
0.2675 0.000767002 -1.24982
0.27 0.000778826 -1.24982
0.2725 0.000790819 -1.24982
0.275 0.00080296 -1.24982
0.2775 0.00081525 -1.24982
0.28 0.000827692 -1.24982
0.2825 0.000840221 -1.24982
0.285 0.000852961 -1.24982
0.2875 0.000865847 -1.24982
0.29 0.000878874 -1.24982
0.2925 0.000892052 -1.24982
0.295 0.000905367 -1.24983
0.2975 0.000918819 -1.24983
0.3 0.000932425 -1.24983
0.3025 0.000946143 -1.24983
0.305 0.000959987 -1.24983
0.3075 0.00097396 -1.24983
0.31 0.000988025 -1.24983
0.3125 0.00100221 -1.24983
0.315 0.00101646 -1.24983
0.3175 0.00103083 -1.24983
0.32 0.00104529 -1.24983
0.3225 0.0010599 -1.24983
0.325 0.00107463 -1.24983
0.3275 0.00108949 -1.24983
0.33 0.00110449 -1.24984
0.3325 0.00111962 -1.24984
0.335 0.00113488 -1.24984
0.3375 0.00115023 -1.24984
0.34 0.00116576 -1.24984
0.3425 0.00118143 -1.24984
0.345 0.0011972 -1.24984
0.3475 0.00121308 -1.24984
0.35 0.00122906 -1.24984
0.3525 0.00124514 -1.24984
0.355 0.00126113 -1.24984
0.3575 0.00127738 -1.24984
0.36 0.00129361 -1.24984
0.3625 0.00130999 -1.24984
0.365 0.00132642 -1.24984
0.3675 0.00134266 -1.24984
0.37 0.00135916 -1.24984
0.3725 0.00137565 -1.24985
0.375 0.00139212 -1.24985
0.3775 0.00140855 -1.24985
0.38 0.00142 -1.24985
0.3825 0.00143622 -1.24985
0.385 0.00145229 -1.24985
0.3875 0.00146812 -1.24985
0.39 0.00148368 -1.24985
0.3925 0.00149893 -1.24985
0.395 0.00151388 -1.24985
0.3975 0.00151901 -1.24985
0.4 0.00152289 -1.24985
0.4025 0.00153715 -1.24985
0.405 0.00155126 -1.24985
0.4075 0.00156697 -1.24985
0.41 0.00158093 -1.24985
0.4125 0.00159486 -1.24985
0.415 0.00160875 -1.24985
0.4175 0.00162265 -1.24985
0.42 0.00163655 -1.24985
0.4225 0.00165049 -1.24985
0.425 0.00166448 -1.24985
0.4275 0.00167856 -1.24985
0.43 0.0016927 -1.24985
0.4325 0.00170695 -1.24985
0.435 0.00172129 -1.24985
0.4375 0.00173576 -1.24985
0.44 0.00175033 -1.24985
0.4425 0.00176503 -1.24985
0.445 0.00177985 -1.24985
0.4475 0.00179478 -1.24985
0.45 0.00180984 -1.24985
0.4525 0.00182501 -1.24984
0.455 0.00184031 -1.24984
0.4575 0.00185568 -1.24984
0.46 0.00186508 -1.24984
0.4625 0.00187767 -1.24984
0.465 0.00189327 -1.24984
0.4675 0.00190886 -1.24984
0.47 0.00192452 -1.24984
0.4725 0.00194018 -1.24984
0.475 0.0019559 -1.24984
0.4775 0.00197158 -1.24984
0.48 0.00198724 -1.24984
0.4825 0.0020029 -1.24984
0.485 0.00201854 -1.24984
0.4875 0.00203415 -1.24984
0.49 0.00204973 -1.24984
0.4925 0.00206524 -1.24984
0.495 0.00208076 -1.24984
0.4975 0.00209624 -1.24984
0.5 0.00211167 -1.24984
0.5025 0.00212705 -1.24984
0.505 0.0021424 -1.24984
0.5075 0.00215771 -1.24983
0.51 0.00217223 -1.24983
0.5125 0.00218729 -1.24983
0.515 0.00220142 -1.24983
0.5175 0.00221631 -1.24983
0.52 0.00223142 -1.24983
0.5225 0.00224652 -1.24983
0.525 0.00226159 -1.24983
0.5275 0.00227481 -1.24983
0.53 0.00228986 -1.24983
0.5325 0.00230485 -1.24982
0.535 0.00231991 -1.24982
0.5375 0.002335 -1.24982
0.54 0.0023501 -1.24982
0.5425 0.00236522 -1.24982
0.545 0.00238037 -1.24982
0.5475 0.00239551 -1.24982
0.55 0.00241066 -1.24982
0.5525 0.00242577 -1.24981
0.555 0.00244088 -1.24981
0.5575 0.0024559 -1.24981
0.56 0.00247091 -1.24981
0.5625 0.00248576 -1.24981
0.565 0.00249938 -1.24981
0.5675 0.00251351 -1.24981
0.57 0.00252806 -1.24981
0.5725 0.00254235 -1.2498
0.575 0.0025568 -1.2498
0.5775 0.00257073 -1.2498
0.58 0.00258506 -1.2498
0.5825 0.00259852 -1.2498
0.585 0.00260781 -1.2498
0.5875 0.00262096 -1.2498
0.59 0.00263548 -1.24979
0.5925 0.00264807 -1.24979
0.595 0.00266003 -1.24979
0.5975 0.00267309 -1.24979
0.6 0.00268597 -1.24979
0.6025 0.00269933 -1.24979
0.605 0.00271193 -1.24979
0.6075 0.00272152 -1.24978
0.61 0.00273013 -1.24978
0.6125 0.00274398 -1.24978
0.615 0.00275565 -1.24978
0.6175 0.00276713 -1.24978
0.62 0.00277974 -1.24978
0.6225 0.00279202 -1.24978
0.625 0.00280513 -1.24977
0.6275 0.00281721 -1.24977
0.63 0.00282718 -1.24977
0.6325 0.00283495 -1.24977
0.635 0.00284931 -1.24977
0.6375 0.00286288 -1.24977
0.64 0.00287535 -1.24976
0.6425 0.00288468 -1.24976
0.645 0.00289688 -1.24976
0.6475 0.00290927 -1.24976
0.65 0.00291895 -1.24976
0.6525 0.00293387 -1.24976
0.655 0.00294784 -1.24976
0.6575 0.00295731 -1.24975
0.66 0.00296264 -1.24975
0.6625 0.00296693 -1.24975
0.665 0.00298177 -1.24975
0.6675 0.00299352 -1.24975
0.67 0.00300564 -1.24975
0.6725 0.00301885 -1.24974
0.675 0.00303189 -1.24974
0.6775 0.00304038 -1.24974
0.68 0.00304955 -1.24974
0.6825 0.00306277 -1.24974
0.685 0.00307429 -1.24974
0.6875 0.00308797 -1.24974
0.69 0.0030985 -1.24973
0.6925 0.00311171 -1.24973
0.695 0.00312392 -1.24973
0.6975 0.00313514 -1.24973
0.7 0.0031473 -1.24973
0.7025 0.00315791 -1.24972
0.705 0.00316946 -1.24972
0.7075 0.0031797 -1.24972
0.71 0.00319235 -1.24972
0.7125 0.00320191 -1.24972
0.715 0.00321523 -1.24972
0.7175 0.00322383 -1.24971
0.72 0.00323346 -1.24971
0.7225 0.00324458 -1.24971
0.725 0.00325494 -1.24971
0.7275 0.00326669 -1.24971
0.73 0.00327668 -1.24971
0.7325 0.00328888 -1.24971
0.735 0.00329737 -1.2497
0.7375 0.0033107 -1.2497
0.74 0.00331932 -1.2497
0.7425 0.00333321 -1.2497
0.745 0.00334097 -1.2497
0.7475 0.00335618 -1.2497
0.75 0.00336694 -1.24969
0.7525 0.00337712 -1.24969
0.755 0.00338824 -1.24969
0.7575 0.00339826 -1.24969
0.76 0.00341012 -1.24969
0.7625 0.00341976 -1.24969
0.765 0.00343196 -1.24969
0.7675 0.0034411 -1.24968
0.77 0.00345383 -1.24968
0.7725 0.0034613 -1.24968
0.775 0.00347663 -1.24968
0.7775 0.00348429 -1.24968
0.78 0.0035002 -1.24968
0.7825 0.0035096 -1.24968
0.785 0.00351851 -1.24967
0.7875 0.00352796 -1.24967
0.79 0.00353632 -1.24967
0.7925 0.00354553 -1.24967
0.795 0.00355339 -1.24967
0.7975 0.0035624 -1.24967
0.8 0.00356978 -1.24967
0.8025 0.00357256 -1.24967
0.805 0.00357946 -1.24967
0.8075 0.00358507 -1.24966
0.81 0.00359147 -1.24966
0.8125 0.00360004 -1.24966
0.815 0.00360592 -1.24966
0.8175 0.00361495 -1.24966
0.82 0.00362028 -1.24966
0.8225 0.00362944 -1.24966
0.825 0.0036342 -1.24966
0.8275 0.00364356 -1.24966
0.83 0.00364772 -1.24966
0.8325 0.00365733 -1.24965
0.835 0.00366086 -1.24965
0.8375 0.00367075 -1.24965
0.84 0.00367361 -1.24965
0.8425 0.00368381 -1.24965
0.845 0.00368603 -1.24965
0.8475 0.00369682 -1.24965
0.85 0.00367912 -1.24965
0.8525 0.00368477 -1.24965
0.855 0.00369069 -1.24965
0.8575 0.00369651 -1.24965
0.86 0.00370229 -1.24965
0.8625 0.00370787 -1.24965
0.865 0.0037135 -1.24965
0.8675 0.00371894 -1.24965
0.87 0.0037244 -1.24964
0.8725 0.00373116 -1.24964
0.875 0.00373644 -1.24964
0.8775 0.00374152 -1.24964
0.88 0.00374663 -1.24964
0.8825 0.00375154 -1.24964
0.885 0.00375402 -1.24964
0.8875 0.00375897 -1.24964
0.89 0.00376373 -1.24964
0.8925 0.00376829 -1.24964
0.895 0.00377288 -1.24964
0.8975 0.00376748 -1.24964
0.9 0.00376237 -1.24964
0.9025 0.00376716 -1.24964
0.905 0.00376062 -1.24964
0.9075 0.0037647 -1.24964
0.91 0.00376877 -1.24964
0.9125 0.00377267 -1.24964
0.915 0.00377656 -1.24964
0.9175 0.00378029 -1.24964
0.92 0.003784 -1.24964
0.9225 0.00378115 -1.24964
0.925 0.00378468 -1.24964
0.9275 0.00378807 -1.24964
0.93 0.00379141 -1.24964
0.9325 0.00379462 -1.24964
0.935 0.00379777 -1.24964
0.9375 0.0038008 -1.24964
0.94 0.00380376 -1.24964
0.9425 0.00380661 -1.24964
0.945 0.00380939 -1.24964
0.9475 0.00381206 -1.24964
0.95 0.00381466 -1.24964
0.9525 0.00381715 -1.24964
0.955 0.00381956 -1.24964
0.9575 0.00382187 -1.24965
0.96 0.00382027 -1.24965
0.9625 0.00382238 -1.24965
0.965 0.00382447 -1.24965
0.9675 0.00382639 -1.24965
0.97 0.00382823 -1.24965
0.9725 0.00382996 -1.24965
0.975 0.0038316 -1.24965
0.9775 0.00383174 -1.24965
0.98 0.0038332 -1.24965
0.9825 0.00383458 -1.24965
0.985 0.00383573 -1.24965
0.9875 0.00383693 -1.24965
0.99 0.00383803 -1.24965
0.9925 0.00383529 -1.24966
0.995 0.00383623 -1.24966
0.9975 0.00383715 -1.24966
1 0.00383791 -1.24966
1.0025 0.00383859 -1.24966
1.005 0.00383918 -1.24966
1.0075 0.00383969 -1.24966
1.01 0.00384012 -1.24966
1.0125 0.00384046 -1.24966
1.015 0.00384072 -1.24967
1.0175 0.00384091 -1.24967
1.02 0.00384101 -1.24967
1.0225 0.0038392 -1.24967
1.025 0.00383915 -1.24967
1.0275 0.00383903 -1.24967
1.03 0.00383883 -1.24967
1.0325 0.00383856 -1.24967
1.035 0.00383821 -1.24968
1.0375 0.00383267 -1.24968
1.04 0.00383218 -1.24968
1.0425 0.00383163 -1.24968
1.045 0.003831 -1.24968
1.0475 0.00383031 -1.24968
1.05 0.00382085 -1.24969
1.0525 0.00382018 -1.24969
1.055 0.00381292 -1.24969
1.0575 0.00381196 -1.24969
1.06 0.00381093 -1.24969
1.0625 0.00380985 -1.24969
1.065 0.0038087 -1.2497
1.0675 0.0038075 -1.2497
1.07 0.00380622 -1.2497
1.0725 0.00380489 -1.2497
1.075 0.00380349 -1.2497
1.0775 0.00380204 -1.24971
1.08 0.00380055 -1.24971
1.0825 0.00379898 -1.24971
1.085 0.00379734 -1.24971
1.0875 0.00379565 -1.24971
1.09 0.0037939 -1.24971
1.0925 0.0037929 -1.24972
1.095 0.00379103 -1.24972
1.0975 0.00378912 -1.24972
1.1 0.00378713 -1.24972
1.1025 0.00378509 -1.24973
1.105 0.00378298 -1.24973
1.1075 0.00378081 -1.24973
1.11 0.00377856 -1.24973
1.1125 0.00377625 -1.24973
1.115 0.00377387 -1.24974
1.1175 0.00377142 -1.24974
1.12 0.00377131 -1.24974
1.1225 0.00376871 -1.24974
1.125 0.00376602 -1.24975
1.1275 0.00376325 -1.24975
1.13 0.00376038 -1.24975
1.1325 0.00375666 -1.24975
1.135 0.00375454 -1.24975
1.1375 0.00374118 -1.24976
1.14 0.00373642 -1.24976
1.1425 0.00373305 -1.24976
1.145 0.00371999 -1.24976
1.1475 0.00371518 -1.24977
1.15 0.0037114 -1.24977
1.1525 0.00370747 -1.24977
1.155 0.00370335 -1.24977
1.1575 0.00369831 -1.24978
1.16 0.00369323 -1.24978
1.1625 0.00368854 -1.24978
1.165 0.00368285 -1.24978
1.1675 0.0036772 -1.24979
1.17 0.00367449 -1.24979
1.1725 0.00366861 -1.24979
1.175 0.00366234 -1.24979
1.1775 0.00365554 -1.2498
1.18 0.00364787 -1.2498
1.1825 0.00364157 -1.2498
1.185 0.00363267 -1.2498
1.1875 0.00362295 -1.2498
1.19 0.00361328 -1.24981
1.1925 0.00360364 -1.24981
1.195 0.00358556 -1.24981
1.1975 0.00357601 -1.24981
1.2 0.00355018 -1.24982
1.2025 0.00353271 -1.24982
1.205 0.00352332 -1.24982
1.2075 0.00351392 -1.24982
1.21 0.00349626 -1.24983
1.2125 0.00348928 -1.24983
1.215 0.00347261 -1.24983
1.2175 0.00346356 -1.24983
1.22 0.00345892 -1.24983
1.2225 0.00345004 -1.24984
1.225 0.00344123 -1.24984
1.2275 0.00343252 -1.24984
1.23 0.00342389 -1.24984
1.2325 0.00340772 -1.24985
1.235 0.00339928 -1.24985
1.2375 0.00339286 -1.24985
1.24 0.0033846 -1.24985
1.2425 0.00336771 -1.24986
1.245 0.00335968 -1.24986
1.2475 0.00335174 -1.24986
1.25 0.00334579 -1.24986
1.2525 0.00333807 -1.24987
1.255 0.00333263 -1.24987
1.2575 0.00330716 -1.24987
1.26 0.00329977 -1.24987
1.2625 0.00329435 -1.24988
1.265 0.0032868 -1.24988
1.2675 0.00327981 -1.24988
1.27 0.00327284 -1.24988
1.2725 0.00325805 -1.24988
1.275 0.00324564 -1.24989
1.2775 0.00323732 -1.24989
1.28 0.00322409 -1.24989
1.2825 0.00321181 -1.24989
1.285 0.00320436 -1.2499
1.2875 0.00319732 -1.2499
1.29 0.00319396 -1.2499
1.2925 0.00318954 -1.2499
1.295 0.0031834 -1.2499
1.2975 0.0031767 -1.24991
1.3 0.00316995 -1.24991
1.3025 0.00316298 -1.24991
1.305 0.00313643 -1.24991
1.3075 0.00313058 -1.24992
1.31 0.00312132 -1.24992
1.3125 0.00311894 -1.24992
1.315 0.0031145 -1.24992
1.3175 0.00310274 -1.24992
1.32 0.0030981 -1.24992
1.3225 0.00309088 -1.24993
1.325 0.00307823 -1.24993
1.3275 0.00307111 -1.24993
1.33 0.00306235 -1.24993
1.3325 0.00305489 -1.24993
1.335 0.00304443 -1.24994
1.3375 0.00303235 -1.24994
1.34 0.00301935 -1.24994
1.3425 0.0030059 -1.24994
1.345 0.00299117 -1.24994
1.3475 0.00297471 -1.24994
1.35 0.00295806 -1.24994
1.3525 0.00294193 -1.24995
1.355 0.00292587 -1.24995
1.3575 0.00291037 -1.24995
1.36 0.0028949 -1.24995
1.3625 0.00288006 -1.24995
1.365 0.0028652 -1.24995
1.3675 0.00285103 -1.24995
1.37 0.00283678 -1.24996
1.3725 0.0028233 -1.24996
1.375 0.00280967 -1.24996
1.3775 0.0027969 -1.24996
1.38 0.00278389 -1.24996
1.3825 0.00277184 -1.24996
1.385 0.00275945 -1.24996
1.3875 0.00274812 -1.24996
1.39 0.00273631 -1.24997
1.3925 0.00272567 -1.24997
1.395 0.00271439 -1.24997
1.3975 0.0027045 -1.24997
1.4 0.00269388 -1.24997
1.4025 0.00268485 -1.24997
1.405 0.00267487 -1.24997
1.4075 0.00266673 -1.24997
1.41 0.00265739 -1.24997
1.4125 0.00265017 -1.24997
1.415 0.00264146 -1.24997
1.4175 0.00263517 -1.24997
1.42 0.0026271 -1.24998
1.4225 0.0026218 -1.24998
1.425 0.00261436 -1.24998
1.4275 0.00261006 -1.24998
1.43 0.00260493 -1.24998
1.4325 0.00259974 -1.24998
1.435 0.0025951 -1.24998
1.4375 0.00259047 -1.24998
1.44 0.00258638 -1.24998
1.4425 0.00258245 -1.24998
1.445 0.00257877 -1.24998
1.4475 0.00257562 -1.24998
1.45 0.0025721 -1.24999
1.4525 0.00256972 -1.24999
1.455 0.00256552 -1.24999
1.4575 0.00256268 -1.24999
1.46 0.00255956 -1.24999
1.4625 0.00255524 -1.24999
1.465 0.00255109 -1.24999
1.4675 0.00254327 -1.24999
1.47 0.00253387 -1.24999
1.4725 0.00252005 -1.24999
1.475 0.00250999 -1.24999
1.4775 0.00249517 -1.24999
1.48 0.00248426 -1.24999
1.4825 0.00247415 -1.24999
1.485 0.00246213 -1.24999
1.4875 0.00245255 -1.24999
1.49 0.00244006 -1.24999
1.4925 0.00243208 -1.24999
1.495 0.00241863 -1.24998
1.4975 0.00241303 -1.24998
1.5 0.00240064 -1.24998
1.5025 0.00238756 -1.24998
1.505 0.00237873 -1.24998
1.5075 0.00236618 -1.24998
1.51 0.00235891 -1.24998
1.5125 0.00234541 -1.24998
1.515 0.00234058 -1.24998
1.5175 0.00232504 -1.24998
1.52 0.00231729 -1.24998
1.5225 0.00231125 -1.24998
1.525 0.00230053 -1.24998
1.5275 0.00229531 -1.24997
1.53 0.002283 -1.24997
1.5325 0.00228045 -1.24997
1.535 0.00226595 -1.24997
1.5375 0.00226016 -1.24997
1.54 0.00225622 -1.24997
1.5425 0.00224693 -1.24997
1.545 0.00224368 -1.24997
1.5475 0.00223255 -1.24997
1.55 0.00223198 -1.24997
1.5525 0.00221852 -1.24997
1.555 0.00221446 -1.24996
1.5575 0.00221191 -1.24996
1.56 0.00220473 -1.24996
1.5625 0.00220272 -1.24996
1.565 0.00219436 -1.24996
1.5675 0.00219447 -1.24996
1.57 0.00218502 -1.24996
1.5725 0.002188 -1.24996
1.575 0.00217691 -1.24995
1.5775 0.00217644 -1.24995
1.58 0.00217618 -1.24995
1.5825 0.00217307 -1.24995
1.585 0.00217227 -1.24995
1.5875 0.00216856 -1.24995
1.59 0.00216808 -1.24995
1.5925 0.00216429 -1.24994
1.595 0.00216424 -1.24994
1.5975 0.0021606 -1.24994
1.6 0.00216103 -1.24994
1.6025 0.00215783 -1.24994
1.605 0.00215871 -1.24994
1.6075 0.00215595 -1.24994
1.61 0.00215565 -1.24993
1.6125 0.00215178 -1.24993
1.615 0.00215092 -1.24993
1.6175 0.00214748 -1.24993
1.62 0.00214657 -1.24993
1.6225 0.00214381 -1.24993
1.625 0.00214302 -1.24992
1.6275 0.00214098 -1.24992
1.63 0.00214044 -1.24992
1.6325 0.00213921 -1.24992
1.635 0.00213911 -1.24992
1.6375 0.00213869 -1.24991
1.64 0.00213901 -1.24991
1.6425 0.00213915 -1.24991
1.645 0.00213967 -1.24991
1.6475 0.00214004 -1.24991
1.65 0.00214053 -1.2499
1.6525 0.00214086 -1.2499
1.655 0.00214123 -1.2499
1.6575 0.00214127 -1.2499
1.66 0.00214162 -1.24989
1.6625 0.00214198 -1.24989
1.665 0.00214241 -1.24989
1.6675 0.00214291 -1.24989
1.67 0.00214354 -1.24989
1.6725 0.00214427 -1.24988
1.675 0.00214514 -1.24988
1.6775 0.00214019 -1.24988
1.68 0.00214138 -1.24988
1.6825 0.00214273 -1.24987
1.685 0.00214428 -1.24987
1.6875 0.002146 -1.24987
1.69 0.00214793 -1.24987
1.6925 0.00215007 -1.24986
1.695 0.00215243 -1.24986
1.6975 0.002155 -1.24986
1.7 0.00214951 -1.24986
1.7025 0.00214343 -1.24986
1.705 0.00214667 -1.24985
1.7075 0.00215014 -1.24985
1.71 0.00215385 -1.24985
1.7125 0.00215777 -1.24985
1.715 0.00216193 -1.24984
1.7175 0.00216632 -1.24984
1.72 0.00217094 -1.24984
1.7225 0.00217578 -1.24984
1.725 0.00218065 -1.24983
1.7275 0.00218387 -1.24983
1.73 0.00218624 -1.24983
1.7325 0.00218814 -1.24983
1.735 0.00218972 -1.24982
1.7375 0.00219109 -1.24982
1.74 0.00219233 -1.24982
1.7425 0.00218827 -1.24982
1.745 0.00218685 -1.24982
1.7475 0.00218791 -1.24981
1.75 0.00218895 -1.24981
1.7525 0.00219001 -1.24981
1.755 0.0021911 -1.24981
1.7575 0.00219222 -1.2498
1.76 0.00219339 -1.2498
1.7625 0.00219462 -1.2498
1.765 0.00219593 -1.2498
1.7675 0.00219732 -1.24979
1.77 0.00219879 -1.24979
1.7725 0.00220034 -1.24979
1.775 0.00220198 -1.24979
1.7775 0.00220372 -1.24978
1.78 0.00220556 -1.24978
1.7825 0.00220749 -1.24978
1.785 0.00220952 -1.24978
1.7875 0.00221162 -1.24978
1.79 0.00221382 -1.24977
1.7925 0.00221611 -1.24977
1.795 0.00221849 -1.24977
1.7975 0.00222096 -1.24977
1.8 0.00222352 -1.24976
1.8025 0.00222513 -1.24976
1.805 0.00222788 -1.24976
1.8075 0.0022307 -1.24976
1.81 0.00223361 -1.24976
1.8125 0.0022366 -1.24975
1.815 0.00223969 -1.24975
1.8175 0.00224284 -1.24975
1.82 0.00224607 -1.24975
1.8225 0.00224938 -1.24974
1.825 0.00225276 -1.24974
1.8275 0.00225621 -1.24974
1.83 0.00225973 -1.24974
1.8325 0.0022633 -1.24974
1.835 0.00226693 -1.24973
1.8375 0.00227057 -1.24973
1.84 0.0022743 -1.24973
1.8425 0.00227807 -1.24973
1.845 0.00228189 -1.24973
1.8475 0.00228568 -1.24972
1.85 0.00228957 -1.24972
1.8525 0.0022931 -1.24972
1.855 0.00229611 -1.24972
1.8575 0.00229882 -1.24972
1.86 0.00230135 -1.24972
1.8625 0.0023037 -1.24971
1.865 0.00230592 -1.24971
1.8675 0.00230803 -1.24971
1.87 0.00231004 -1.24971
1.8725 0.00231195 -1.24971
1.875 0.00231373 -1.2497
1.8775 0.00231549 -1.2497
1.88 0.00231718 -1.2497
1.8825 0.00231881 -1.2497
1.885 0.00232039 -1.2497
1.8875 0.00232192 -1.2497
1.89 0.0023234 -1.2497
1.8925 0.00232483 -1.24969
1.895 0.00232622 -1.24969
1.8975 0.00232756 -1.24969
1.9 0.00232887 -1.24969
1.9025 0.00233014 -1.24969
1.905 0.00233137 -1.24969
1.9075 0.00233256 -1.24968
1.91 0.00233372 -1.24968
1.9125 0.00233485 -1.24968
1.915 0.00233594 -1.24968
1.9175 0.002337 -1.24968
1.92 0.00233803 -1.24968
1.9225 0.00233903 -1.24968
1.925 0.00234001 -1.24968
1.9275 0.00234054 -1.24967
1.93 0.00234145 -1.24967
1.9325 0.00234234 -1.24967
1.935 0.00234214 -1.24967
1.9375 0.00234297 -1.24967
1.94 0.00234378 -1.24967
1.9425 0.00234456 -1.24967
1.945 0.00234531 -1.24967
1.9475 0.00234603 -1.24967
1.95 0.00234672 -1.24966
1.9525 0.00234738 -1.24966
1.955 0.00234801 -1.24966
1.9575 0.0023486 -1.24966
1.96 0.00234917 -1.24966
1.9625 0.00234964 -1.24966
1.965 0.00235016 -1.24966
1.9675 0.00235064 -1.24966
1.97 0.00235109 -1.24966
1.9725 0.00235152 -1.24966
1.975 0.00235191 -1.24966
1.9775 0.00235228 -1.24966
1.98 0.00235261 -1.24966
1.9825 0.0023529 -1.24965
1.985 0.00235317 -1.24965
1.9875 0.00235341 -1.24965
1.99 0.00235361 -1.24965
1.9925 0.00235379 -1.24965
1.995 0.00235393 -1.24965
1.9975 0.00235405 -1.24965
2 0.00235413 -1.24965
