t ke gpe 
0 0.501599 0
0.000568182 0.500942 0
0.00191558 0.499755 0
0.00353247 0.498561 0
0.00568831 0.497254 0
0.00784416 0.496164 0
0.01 0.495226 0
0.0125 0.494281 0
0.015 0.493442 0
0.0175 0.492683 0
0.02 0.491985 0
0.0233333 0.491133 0
0.0266667 0.490347 0
0.03 0.489608 0
0.0333333 0.488913 0
0.0366667 0.488255 0
0.04 0.48763 0
0.045 0.486746 0
0.05 0.485913 0
0.055 0.485121 0
0.06 0.484366 0
0.065 0.483644 0
0.07 0.482949 0
0.075 0.482279 0
0.08 0.481631 0
0.085 0.481005 0
0.09 0.480395 0
0.095 0.479804 0
0.1 0.479228 0
0.105 0.478665 0
0.11 0.478116 0
0.115 0.47758 0
0.12 0.477056 0
0.125 0.476543 0
0.13 0.47604 0
0.135 0.475548 0
0.14 0.475066 0
0.145 0.474592 0
0.15 0.474127 0
0.155 0.47367 0
0.16 0.473221 0
0.165 0.472779 0
0.17 0.472345 0
0.175 0.471915 0
0.18 0.471492 0
0.185 0.471076 0
0.19 0.470666 0
0.195 0.470261 0
0.2 0.469862 0
0.205 0.469467 0
0.21 0.469078 0
0.215 0.468693 0
0.22 0.468314 0
0.225 0.467939 0
0.23 0.467569 0
0.235 0.467203 0
0.24 0.46684 0
0.245 0.466482 0
0.25 0.466128 0
0.255 0.465777 0
0.26 0.46543 0
0.265 0.465087 0
0.27 0.464746 0
0.275 0.464409 0
0.28 0.464075 0
0.285 0.463744 0
0.29 0.463416 0
0.295 0.463091 0
0.3 0.462769 0
0.305 0.46245 0
0.31 0.462133 0
0.315 0.461819 0
0.32 0.461508 0
0.325 0.461199 0
0.33 0.460891 0
0.335 0.460587 0
0.34 0.460284 0
0.345 0.459982 0
0.35 0.459684 0
0.355 0.459387 0
0.36 0.459094 0
0.365 0.458803 0
0.37 0.458513 0
0.375 0.458225 0
0.38 0.45794 0
0.385 0.457656 0
0.39 0.457373 0
0.395 0.457092 0
0.4 0.456814 0
0.405 0.456537 0
0.41 0.456262 0
0.415 0.455987 0
0.42 0.455714 0
0.425 0.455444 0
0.43 0.455174 0
0.435 0.454907 0
0.4375 0.454774 0
0.44 0.45464 0
0.443333 0.454463 0
0.446667 0.454286 0
0.45 0.454111 0
0.453333 0.453936 0
0.456667 0.453761 0
0.46 0.453587 0
0.463333 0.453413 0
0.466667 0.45324 0
0.47 0.453068 0
0.473333 0.452896 0
0.476667 0.452724 0
0.48 0.452553 0
0.483333 0.452383 0
0.486667 0.452213 0
0.49 0.452043 0
0.493333 0.451875 0
0.496667 0.451707 0
0.5 0.451539 0
0.503333 0.451371 0
0.506667 0.451204 0
0.51 0.451038 0
0.513333 0.450872 0
0.516667 0.450706 0
0.52 0.450539 0
0.523333 0.450374 0
0.526667 0.45021 0
0.53 0.450046 0
0.533333 0.449882 0
0.536667 0.449718 0
0.54 0.449555 0
0.543333 0.449392 0
0.546667 0.44923 0
0.55 0.449068 0
0.553333 0.448906 0
0.556667 0.448745 0
0.56 0.448583 0
0.563333 0.448423 0
0.566667 0.448262 0
0.57 0.448102 0
0.573333 0.447942 0
0.576667 0.447782 0
0.58 0.447622 0
0.583333 0.447463 0
0.586667 0.447303 0
0.59 0.447144 0
0.593333 0.446985 0
0.596667 0.446827 0
0.6 0.446669 0
0.603333 0.446512 0
0.606667 0.446355 0
0.61 0.446198 0
0.613333 0.446041 0
0.616667 0.445885 0
0.62 0.445727 0
0.623333 0.44557 0
0.626667 0.445414 0
0.63 0.445257 0
0.633333 0.445101 0
0.636667 0.444946 0
0.64 0.44479 0
0.643333 0.444634 0
0.646667 0.444479 0
0.65 0.444323 0
0.653333 0.444168 0
0.656667 0.444013 0
0.66 0.443857 0
0.663333 0.443702 0
0.666667 0.443548 0
0.67 0.443393 0
0.673333 0.443239 0
0.676667 0.443085 0
0.68 0.442931 0
0.683333 0.442776 0
0.686667 0.442623 0
0.69 0.442469 0
0.693333 0.442314 0
0.696667 0.442161 0
0.7 0.442008 0
0.703333 0.441855 0
0.706667 0.441701 0
0.71 0.441548 0
0.713333 0.441394 0
0.716667 0.441241 0
0.72 0.441089 0
0.723333 0.440935 0
0.726667 0.440783 0
0.73 0.440631 0
0.733333 0.440478 0
0.736667 0.440326 0
0.74 0.440174 0
0.743333 0.440022 0
0.746667 0.43987 0
0.75 0.439719 0
0.753333 0.439567 0
0.756667 0.439415 0
0.76 0.439265 0
0.763333 0.439113 0
0.766667 0.438962 0
0.77 0.438812 0
0.773333 0.438661 0
0.776667 0.438511 0
0.78 0.438361 0
0.783333 0.43821 0
0.786667 0.43806 0
0.79 0.437909 0
0.793333 0.43776 0
0.796667 0.43761 0
0.8 0.43746 0
0.803333 0.437311 0
0.806667 0.437161 0
0.81 0.437011 0
0.813333 0.436862 0
0.816667 0.436713 0
0.82 0.436565 0
0.823333 0.436417 0
0.826667 0.436268 0
0.83 0.43612 0
0.833333 0.435973 0
0.836667 0.435825 0
0.84 0.435679 0
0.843333 0.435533 0
0.846667 0.435386 0
0.85 0.43524 0
0.853333 0.435094 0
0.856667 0.434948 0
0.86 0.434802 0
0.863333 0.434657 0
0.866667 0.434512 0
0.87 0.434367 0
0.873333 0.434222 0
0.876667 0.434078 0
0.88 0.433934 0
0.883333 0.43379 0
0.886667 0.433647 0
0.89 0.433502 0
0.893333 0.433359 0
0.896667 0.433216 0
0.9 0.433074 0
0.903333 0.432931 0
0.906667 0.432789 0
0.91 0.432648 0
0.913333 0.432507 0
0.916667 0.432366 0
0.92 0.432225 0
0.923333 0.432085 0
0.926667 0.431945 0
0.93 0.431806 0
0.933333 0.431667 0
0.936667 0.431527 0
0.94 0.431389 0
0.943333 0.43125 0
0.946667 0.431113 0
0.95 0.430975 0
0.953333 0.430838 0
0.956667 0.430701 0
0.96 0.430566 0
0.963333 0.430429 0
0.966667 0.430294 0
0.97 0.430159 0
0.973333 0.430024 0
0.976667 0.429889 0
0.98 0.429755 0
0.983333 0.429623 0
0.986667 0.429489 0
0.99 0.429357 0
0.993333 0.429226 0
0.996667 0.429092 0
1 0.42896 0
1.00333 0.428829 0
1.00667 0.428699 0
1.01 0.428568 0
1.01333 0.428439 0
1.01667 0.42831 0
1.02 0.428181 0
1.02333 0.428052 0
1.02667 0.427925 0
1.03 0.427797 0
1.03333 0.427671 0
1.03667 0.427544 0
1.04 0.427418 0
1.04333 0.427291 0
1.04667 0.427165 0
1.05 0.42704 0
1.05333 0.426916 0
1.05667 0.426791 0
1.06 0.426666 0
1.06333 0.426542 0
1.06667 0.42642 0
1.07 0.426296 0
1.07333 0.426174 0
1.07667 0.426053 0
1.08 0.425931 0
1.08333 0.42581 0
1.08667 0.42569 0
1.09 0.42557 0
1.09333 0.42545 0
1.09667 0.425331 0
1.1 0.425212 0
1.10333 0.425093 0
1.10667 0.424975 0
1.11 0.424857 0
1.11333 0.424739 0
1.11667 0.424622 0
1.12 0.424505 0
1.12333 0.424388 0
1.12667 0.424272 0
1.13 0.424156 0
1.13333 0.42404 0
1.13667 0.423925 0
1.14 0.42381 0
1.14333 0.423695 0
1.14667 0.42358 0
1.15 0.423467 0
1.15333 0.423353 0
1.15667 0.42324 0
1.16 0.423125 0
1.16333 0.423013 0
1.16667 0.4229 0
1.17 0.422789 0
1.17333 0.422676 0
1.17667 0.422567 0
1.18 0.422456 0
1.18333 0.422345 0
1.18667 0.422234 0
1.19 0.422123 0
1.19333 0.422012 0
1.19667 0.421901 0
1.2 0.421791 0
1.20333 0.421682 0
1.20667 0.421573 0
1.21 0.421463 0
1.21333 0.421353 0
1.21667 0.421244 0
1.22 0.421136 0
1.22333 0.421027 0
1.22667 0.420919 0
1.23 0.420811 0
1.23333 0.420703 0
1.23667 0.420596 0
1.24 0.42049 0
1.24333 0.420382 0
1.24667 0.420276 0
1.25 0.420168 0
1.25333 0.420062 0
1.25667 0.419955 0
1.26 0.419849 0
1.26333 0.419744 0
1.26667 0.419639 0
1.27 0.419534 0
1.27333 0.419428 0
1.27667 0.419322 0
1.28 0.419217 0
1.28333 0.419113 0
1.28667 0.419009 0
1.29 0.418905 0
1.29333 0.4188 0
1.29667 0.418696 0
1.3 0.418591 0
1.30333 0.418486 0
1.30667 0.418382 0
1.31 0.418277 0
1.31333 0.418175 0
1.31667 0.418071 0
1.32 0.417968 0
1.32333 0.417865 0
1.32667 0.41776 0
1.33 0.417657 0
1.33333 0.417553 0
1.33667 0.417449 0
1.34 0.417345 0
1.34333 0.417241 0
1.34667 0.417137 0
1.35 0.417035 0
1.35333 0.416931 0
1.35667 0.416828 0
1.36 0.416724 0
1.36333 0.416621 0
1.36667 0.416517 0
1.37 0.416414 0
1.37333 0.416311 0
1.37667 0.416208 0
1.38 0.416105 0
1.38333 0.416002 0
1.38667 0.415899 0
1.39 0.415795 0
1.39333 0.415692 0
1.39667 0.415589 0
1.4 0.415485 0
1.40333 0.415381 0
1.40667 0.415277 0
1.41 0.415174 0
1.41333 0.41507 0
1.41667 0.414967 0
1.42 0.414863 0
1.42333 0.41476 0
1.42667 0.414656 0
1.43 0.414551 0
1.43333 0.414448 0
1.43667 0.414345 0
1.44 0.41424 0
1.44333 0.414136 0
1.44667 0.414032 0
1.45 0.413927 0
1.45333 0.413823 0
1.45667 0.413719 0
1.46 0.413616 0
1.46333 0.413512 0
1.46667 0.413408 0
1.47 0.413303 0
1.47333 0.413198 0
1.47667 0.413092 0
1.48 0.412987 0
1.48333 0.412882 0
1.48667 0.412778 0
1.49 0.412673 0
1.49333 0.412568 0
1.49667 0.412463 0
1.5 0.412358 0
1.50333 0.412252 0
1.50667 0.412147 0
1.51 0.412042 0
1.51333 0.411937 0
1.51667 0.411832 0
1.52 0.411725 0
1.52333 0.41162 0
1.52667 0.411514 0
1.53 0.411408 0
1.53333 0.411302 0
1.53667 0.411196 0
1.54 0.411091 0
1.54333 0.410984 0
1.54667 0.410878 0
1.55 0.410772 0
1.55333 0.410666 0
1.55667 0.41056 0
1.56 0.410453 0
1.56333 0.410347 0
1.56667 0.410241 0
1.57 0.410133 0
1.57333 0.410027 0
1.57667 0.40992 0
1.58 0.409813 0
1.58333 0.409706 0
1.58667 0.409599 0
1.59 0.409493 0
1.59333 0.409386 0
1.59667 0.409279 0
1.6 0.409172 0
1.60333 0.409066 0
1.60667 0.408959 0
1.61 0.408852 0
1.61333 0.408745 0
1.61667 0.408638 0
1.62 0.408531 0
1.625 0.40837 0
1.63 0.408209 0
1.635 0.408048 0
1.64 0.407888 0
1.645 0.407727 0
1.65 0.407566 0
1.655 0.407407 0
1.66 0.407247 0
1.665 0.407087 0
1.67 0.406927 0
1.675 0.406766 0
1.68 0.406606 0
1.685 0.406446 0
1.69 0.406286 0
1.695 0.406127 0
1.7 0.405968 0
1.705 0.405808 0
1.71 0.405648 0
1.715 0.405489 0
1.72 0.40533 0
1.725 0.405171 0
1.73 0.405012 0
1.735 0.404853 0
1.74 0.404696 0
1.745 0.404537 0
1.75 0.40438 0
1.755 0.404222 0
1.76 0.404065 0
1.765 0.403907 0
1.77 0.403749 0
1.775 0.40359 0
1.78 0.403434 0
1.785 0.403278 0
1.79 0.403122 0
1.795 0.402966 0
1.8 0.40281 0
1.805 0.402655 0
1.81 0.402499 0
1.815 0.402344 0
1.82 0.402189 0
1.825 0.402037 0
1.83 0.401883 0
1.835 0.401729 0
1.84 0.401576 0
1.845 0.401423 0
1.85 0.40127 0
1.855 0.401117 0
1.86 0.400966 0
1.865 0.400815 0
1.87 0.400665 0
1.875 0.400514 0
1.88 0.400364 0
1.885 0.400214 0
1.89 0.400063 0
1.895 0.399913 0
1.9 0.399764 0
1.905 0.399616 0
1.91 0.399468 0
1.915 0.399321 0
1.92 0.399174 0
1.925 0.399027 0
1.93 0.398881 0
1.935 0.398735 0
1.94 0.39859 0
1.945 0.398445 0
1.95 0.398301 0
1.955 0.398156 0
1.96 0.398012 0
1.965 0.397869 0
1.97 0.397726 0
1.975 0.397585 0
1.98 0.397443 0
1.985 0.397301 0
1.99 0.397161 0
1.995 0.397021 0
2 0.396881 0
2.005 0.396741 0
2.01 0.396603 0
2.015 0.396465 0
2.02 0.396327 0
2.025 0.396189 0
2.03 0.396053 0
2.035 0.395916 0
2.04 0.395779 0
2.045 0.395644 0
2.05 0.395509 0
2.055 0.395375 0
2.06 0.395241 0
2.065 0.395108 0
2.07 0.394976 0
2.075 0.394843 0
2.08 0.394711 0
2.085 0.394577 0
2.09 0.394445 0
2.095 0.394315 0
2.1 0.394184 0
2.105 0.394054 0
2.11 0.393924 0
2.115 0.393794 0
2.12 0.393666 0
2.125 0.393538 0
2.13 0.39341 0
2.135 0.393282 0
2.14 0.393154 0
2.145 0.393027 0
2.15 0.392901 0
2.155 0.392775 0
2.16 0.392649 0
2.165 0.392523 0
2.17 0.392398 0
2.175 0.392274 0
2.18 0.392149 0
2.185 0.392026 0
2.19 0.391902 0
2.195 0.391778 0
2.2 0.391654 0
2.205 0.391531 0
2.21 0.391408 0
2.215 0.391286 0
2.22 0.391164 0
2.225 0.391042 0
2.23 0.39092 0
2.235 0.390798 0
2.24 0.390677 0
2.245 0.390557 0
2.25 0.390435 0
2.255 0.390314 0
2.26 0.390193 0
2.265 0.390073 0
2.27 0.389952 0
2.275 0.389831 0
2.28 0.389712 0
2.285 0.389592 0
2.29 0.389472 0
2.295 0.389353 0
2.3 0.389233 0
2.305 0.389114 0
2.31 0.388994 0
2.315 0.388875 0
2.32 0.388755 0
2.325 0.388636 0
2.33 0.388517 0
2.335 0.388398 0
2.34 0.38828 0
2.345 0.388161 0
2.35 0.388042 0
2.355 0.387924 0
2.36 0.387805 0
2.365 0.387686 0
2.37 0.387568 0
2.375 0.387448 0
2.38 0.387329 0
2.385 0.387211 0
2.39 0.387092 0
2.395 0.386974 0
2.4 0.386856 0
2.405 0.386736 0
2.41 0.386617 0
2.415 0.386498 0
2.42 0.386378 0
2.425 0.386258 0
2.43 0.386139 0
2.435 0.386019 0
2.44 0.3859 0
2.445 0.38578 0
2.45 0.385661 0
2.455 0.385542 0
2.46 0.385422 0
2.465 0.385302 0
2.47 0.385183 0
2.475 0.385063 0
2.48 0.384942 0
2.485 0.384822 0
2.49 0.384702 0
2.495 0.384581 0
2.5 0.384461 0
2.505 0.384341 0
2.51 0.384221 0
2.515 0.3841 0
2.52 0.383981 0
2.525 0.38386 0
2.53 0.38374 0
2.535 0.383619 0
2.54 0.383498 0
2.545 0.383376 0
2.55 0.383255 0
2.555 0.383134 0
2.56 0.383012 0
2.565 0.382891 0
2.57 0.382769 0
2.575 0.382647 0
2.58 0.382526 0
2.585 0.382404 0
2.59 0.382283 0
2.595 0.382161 0
2.6 0.382038 0
2.605 0.381915 0
2.61 0.381792 0
2.615 0.381669 0
2.62 0.381547 0
2.625 0.381425 0
2.63 0.381303 0
2.635 0.38118 0
2.64 0.381056 0
2.645 0.380934 0
2.65 0.380812 0
2.655 0.380689 0
2.66 0.380567 0
2.665 0.380444 0
2.67 0.380321 0
2.675 0.380197 0
2.68 0.380074 0
2.685 0.379951 0
2.69 0.379829 0
2.695 0.379705 0
2.7 0.379583 0
2.705 0.37946 0
2.71 0.379338 0
2.715 0.379213 0
2.72 0.379091 0
2.725 0.378968 0
2.73 0.378845 0
2.735 0.378723 0
2.74 0.3786 0
2.745 0.378478 0
2.75 0.378355 0
2.755 0.378232 0
2.76 0.378109 0
2.765 0.377987 0
2.77 0.377864 0
2.775 0.377742 0
2.78 0.37762 0
2.785 0.377497 0
2.79 0.377375 0
2.795 0.377252 0
2.8 0.37713 0
2.805 0.377008 0
2.81 0.376887 0
2.815 0.376766 0
2.82 0.376644 0
2.825 0.376522 0
2.83 0.376401 0
2.835 0.37628 0
2.84 0.376159 0
2.845 0.376039 0
2.85 0.375918 0
2.855 0.375798 0
2.86 0.375678 0
2.865 0.375558 0
2.87 0.375438 0
2.875 0.375318 0
2.88 0.375198 0
2.885 0.37508 0
2.89 0.37496 0
2.895 0.374841 0
2.9 0.374723 0
2.905 0.374605 0
2.91 0.374488 0
2.915 0.374369 0
2.92 0.374252 0
2.925 0.374135 0
2.93 0.374018 0
2.935 0.373901 0
2.94 0.373785 0
2.945 0.373669 0
2.95 0.373553 0
2.955 0.373437 0
2.96 0.373321 0
2.965 0.373207 0
2.97 0.373092 0
2.975 0.372977 0
2.98 0.372863 0
2.985 0.372749 0
2.99 0.372635 0
2.995 0.372522 0
3 0.372408 0
3.005 0.372295 0
3.01 0.372183 0
3.015 0.372071 0
3.02 0.371958 0
3.025 0.371846 0
3.03 0.371735 0
3.035 0.371624 0
3.04 0.371513 0
3.045 0.371402 0
3.05 0.371291 0
3.055 0.371181 0
3.06 0.37107 0
3.065 0.370961 0
3.07 0.370851 0
3.075 0.370743 0
3.08 0.370634 0
3.085 0.370525 0
3.09 0.370417 0
3.095 0.370309 0
3.1 0.370201 0
3.105 0.370093 0
3.11 0.369986 0
3.115 0.36988 0
3.12 0.369772 0
3.125 0.369665 0
3.13 0.369559 0
3.135 0.369453 0
3.14 0.369348 0
3.145 0.369242 0
3.15 0.369137 0
3.155 0.369032 0
3.16 0.368927 0
3.165 0.368822 0
3.17 0.368718 0
3.175 0.368614 0
3.18 0.36851 0
3.185 0.368405 0
3.19 0.368302 0
3.195 0.368198 0
3.2 0.368095 0
3.205 0.367992 0
3.21 0.367889 0
3.215 0.367786 0
3.22 0.367684 0
3.225 0.367581 0
3.23 0.367478 0
3.235 0.367377 0
3.24 0.367275 0
3.245 0.367173 0
3.25 0.367072 0
3.255 0.36697 0
3.26 0.366868 0
3.265 0.366766 0
3.27 0.366665 0
3.275 0.366565 0
3.28 0.366464 0
3.285 0.366363 0
3.29 0.366262 0
3.295 0.366161 0
3.3 0.366061 0
3.305 0.365961 0
3.31 0.36586 0
3.315 0.365759 0
3.32 0.365659 0
3.325 0.365559 0
3.33 0.36546 0
3.335 0.365359 0
3.34 0.365259 0
3.345 0.365158 0
3.35 0.365057 0
3.355 0.364956 0
3.36 0.364855 0
3.365 0.364755 0
3.37 0.364654 0
3.375 0.364553 0
3.38 0.364453 0
3.385 0.364352 0
3.39 0.364252 0
3.395 0.364151 0
3.4 0.36405 0
3.405 0.363949 0
3.41 0.363848 0
3.415 0.363748 0
3.42 0.363647 0
3.425 0.363547 0
3.43 0.363446 0
3.435 0.363346 0
3.44 0.363245 0
3.445 0.363143 0
3.45 0.363042 0
3.455 0.362941 0
3.46 0.362841 0
3.465 0.36274 0
3.47 0.362638 0
3.475 0.362537 0
3.48 0.362437 0
3.485 0.362335 0
3.49 0.362234 0
3.495 0.362133 0
3.5 0.362033 0
3.505 0.361932 0
3.51 0.36183 0
3.515 0.361729 0
3.52 0.361627 0
3.525 0.361526 0
3.53 0.361424 0
3.535 0.361322 0
3.54 0.36122 0
3.545 0.361119 0
3.55 0.361017 0
3.555 0.360915 0
3.56 0.360814 0
3.565 0.360712 0
3.57 0.36061 0
3.575 0.360509 0
3.58 0.360407 0
3.585 0.360305 0
3.59 0.360202 0
3.595 0.3601 0
3.6 0.359998 0
3.605 0.359896 0
3.61 0.359794 0
3.615 0.359693 0
3.62 0.359592 0
3.625 0.359489 0
3.63 0.359387 0
3.635 0.359285 0
3.64 0.359182 0
3.645 0.35908 0
3.65 0.358978 0
3.655 0.358877 0
3.66 0.358776 0
3.665 0.358674 0
3.67 0.358572 0
3.675 0.358471 0
3.68 0.358368 0
3.685 0.358266 0
3.69 0.358164 0
3.695 0.358063 0
3.7 0.357961 0
3.705 0.357859 0
3.71 0.357758 0
3.715 0.357656 0
3.72 0.357554 0
3.725 0.357453 0
3.73 0.357351 0
3.735 0.35725 0
3.74 0.357149 0
3.745 0.357048 0
3.75 0.356946 0
3.755 0.356846 0
3.76 0.356745 0
3.765 0.356645 0
3.77 0.356544 0
3.775 0.356444 0
3.78 0.356344 0
3.785 0.356244 0
3.79 0.356144 0
3.795 0.356044 0
3.8 0.355944 0
3.805 0.355845 0
3.81 0.355745 0
3.815 0.355646 0
3.82 0.355547 0
3.825 0.355447 0
3.83 0.355347 0
3.835 0.355249 0
3.84 0.35515 0
3.845 0.355051 0
3.85 0.354953 0
3.855 0.354854 0
3.86 0.354756 0
3.865 0.354657 0
3.87 0.354559 0
3.875 0.354461 0
3.88 0.354363 0
3.885 0.354266 0
3.89 0.354168 0
3.895 0.354071 0
3.9 0.353973 0
3.905 0.353876 0
3.91 0.353778 0
3.915 0.353681 0
3.92 0.353585 0
3.925 0.353488 0
3.93 0.353391 0
3.935 0.353295 0
3.94 0.353198 0
3.945 0.353102 0
3.95 0.353006 0
3.955 0.35291 0
3.96 0.352814 0
3.965 0.352718 0
3.97 0.352623 0
3.975 0.352528 0
3.98 0.352433 0
3.985 0.352338 0
3.99 0.352243 0
3.995 0.35215 0
4 0.352055 0
4.005 0.351961 0
4.01 0.351868 0
4.015 0.351774 0
4.02 0.351681 0
4.025 0.351587 0
4.03 0.351494 0
4.035 0.351401 0
4.04 0.351308 0
4.045 0.351215 0
4.05 0.351122 0
4.055 0.35103 0
4.06 0.350938 0
4.065 0.350846 0
4.07 0.350753 0
4.075 0.350661 0
4.08 0.350569 0
4.085 0.350477 0
4.09 0.350386 0
4.095 0.350295 0
4.1 0.350203 0
4.105 0.350112 0
4.11 0.350021 0
4.115 0.34993 0
4.12 0.349839 0
4.125 0.349749 0
4.13 0.349659 0
4.135 0.349568 0
4.14 0.349478 0
4.145 0.349388 0
4.15 0.349298 0
4.155 0.349208 0
4.16 0.349118 0
4.165 0.349029 0
4.17 0.348939 0
4.175 0.348849 0
4.18 0.34876 0
4.185 0.34867 0
4.19 0.348581 0
4.195 0.348492 0
4.2 0.348402 0
4.205 0.348314 0
4.21 0.348225 0
4.215 0.348136 0
4.22 0.348048 0
4.225 0.34796 0
4.23 0.347872 0
4.235 0.347784 0
4.24 0.347696 0
4.245 0.347608 0
4.25 0.34752 0
4.255 0.347432 0
4.26 0.347345 0
4.265 0.347257 0
4.27 0.347169 0
4.275 0.347082 0
4.28 0.346995 0
4.285 0.346907 0
4.29 0.34682 0
4.295 0.346732 0
4.3 0.346645 0
4.305 0.346558 0
4.31 0.346471 0
4.315 0.346383 0
4.32 0.346296 0
4.325 0.346209 0
4.33 0.346121 0
4.335 0.346035 0
4.34 0.345948 0
4.345 0.345861 0
4.35 0.345774 0
4.355 0.345687 0
4.36 0.3456 0
4.365 0.345513 0
4.37 0.345425 0
4.375 0.345338 0
4.38 0.345252 0
4.385 0.345165 0
4.39 0.345079 0
4.395 0.344992 0
4.4 0.344905 0
4.405 0.344818 0
4.41 0.344732 0
4.415 0.344645 0
4.42 0.344558 0
4.425 0.344472 0
4.43 0.344385 0
4.435 0.344298 0
4.44 0.344213 0
4.445 0.344126 0
4.45 0.344039 0
4.455 0.343951 0
4.46 0.343864 0
4.465 0.343777 0
4.47 0.343689 0
4.475 0.343602 0
4.48 0.343515 0
4.485 0.343428 0
4.49 0.343341 0
4.495 0.343254 0
4.5 0.343168 0
4.505 0.34308 0
4.51 0.342994 0
4.515 0.342907 0
4.52 0.342819 0
4.525 0.342732 0
4.53 0.342644 0
4.535 0.342556 0
4.54 0.342469 0
4.545 0.342382 0
4.55 0.342295 0
4.555 0.342208 0
4.56 0.342121 0
4.565 0.342034 0
4.57 0.341947 0
4.575 0.34186 0
4.58 0.341772 0
4.585 0.341685 0
4.59 0.341597 0
4.595 0.34151 0
4.6 0.341422 0
4.605 0.341335 0
4.61 0.341248 0
4.615 0.341161 0
4.62 0.341074 0
4.625 0.340987 0
4.63 0.3409 0
4.635 0.340813 0
4.64 0.340726 0
4.645 0.340639 0
4.65 0.340552 0
4.655 0.340466 0
4.66 0.340379 0
4.665 0.340293 0
4.67 0.340206 0
4.675 0.340119 0
4.68 0.340033 0
4.685 0.339947 0
4.69 0.33986 0
4.695 0.339773 0
4.7 0.339687 0
4.705 0.339601 0
4.71 0.339514 0
4.715 0.339428 0
4.72 0.339341 0
4.725 0.339256 0
4.73 0.339169 0
4.735 0.339083 0
4.74 0.338998 0
4.745 0.338912 0
4.75 0.338826 0
4.755 0.33874 0
4.76 0.338654 0
4.765 0.338568 0
4.77 0.338482 0
4.775 0.338397 0
4.78 0.338312 0
4.785 0.338227 0
4.79 0.338142 0
4.795 0.338057 0
4.8 0.337972 0
4.805 0.337888 0
4.81 0.337803 0
4.815 0.337718 0
4.82 0.337634 0
4.825 0.33755 0
4.83 0.337466 0
4.835 0.337382 0
4.84 0.337298 0
4.845 0.337214 0
4.85 0.337131 0
4.855 0.337048 0
4.86 0.336964 0
4.865 0.336881 0
4.87 0.336798 0
4.875 0.336715 0
4.88 0.336632 0
4.885 0.336549 0
4.89 0.336466 0
4.895 0.336383 0
4.9 0.3363 0
4.905 0.336218 0
4.91 0.336135 0
4.915 0.336052 0
4.92 0.33597 0
4.925 0.335887 0
4.93 0.335805 0
4.935 0.335724 0
4.94 0.335642 0
4.945 0.33556 0
4.95 0.335478 0
4.955 0.335397 0
4.96 0.335315 0
4.965 0.335234 0
4.97 0.335152 0
4.975 0.335071 0
4.98 0.33499 0
4.985 0.334909 0
4.99 0.334828 0
4.995 0.334747 0
5 0.334666 0
