t ke gpe 
0 0.488592 0
0.000568182 0.488479 0
0.00191558 0.488222 0
0.00353247 0.487923 0
0.00568831 0.487537 0
0.00784416 0.487162 0
0.01 0.486798 0
0.0125 0.486387 0
0.015 0.485975 0
0.0175 0.485583 0
0.02 0.485201 0
0.0233333 0.484704 0
0.0266667 0.484221 0
0.03 0.48375 0
0.0333333 0.48329 0
0.0366667 0.482841 0
0.04 0.482401 0
0.045 0.48176 0
0.05 0.481139 0
0.055 0.480534 0
0.06 0.479945 0
0.065 0.479373 0
0.07 0.478813 0
0.075 0.478266 0
0.08 0.477731 0
0.085 0.477207 0
0.09 0.47669 0
0.095 0.476186 0
0.1 0.475691 0
0.105 0.475208 0
0.11 0.474733 0
0.115 0.474264 0
0.12 0.473806 0
0.125 0.473354 0
0.13 0.472909 0
0.135 0.472472 0
0.14 0.472042 0
0.145 0.471617 0
0.15 0.471199 0
0.155 0.470787 0
0.16 0.470381 0
0.165 0.469981 0
0.17 0.469585 0
0.175 0.469194 0
0.18 0.468808 0
0.185 0.468425 0
0.19 0.468048 0
0.195 0.467675 0
0.2 0.467306 0
0.205 0.466942 0
0.21 0.466582 0
0.215 0.466225 0
0.22 0.465871 0
0.225 0.465522 0
0.23 0.465177 0
0.235 0.464836 0
0.24 0.464497 0
0.245 0.464162 0
0.25 0.463831 0
0.255 0.463502 0
0.26 0.463176 0
0.265 0.462853 0
0.27 0.462533 0
0.275 0.462215 0
0.28 0.4619 0
0.285 0.461587 0
0.29 0.461277 0
0.295 0.46097 0
0.3 0.460665 0
0.305 0.460363 0
0.31 0.460062 0
0.315 0.459763 0
0.32 0.459468 0
0.325 0.459172 0
0.33 0.458879 0
0.335 0.458589 0
0.34 0.4583 0
0.345 0.458014 0
0.35 0.457729 0
0.355 0.457447 0
0.36 0.457167 0
0.365 0.456889 0
0.37 0.456612 0
0.375 0.456337 0
0.38 0.456063 0
0.385 0.455791 0
0.39 0.45552 0
0.395 0.455251 0
0.4 0.454984 0
0.405 0.454718 0
0.41 0.454453 0
0.415 0.45419 0
0.42 0.453928 0
0.425 0.453668 0
0.43 0.453408 0
0.435 0.45315 0
0.44 0.452894 0
0.445 0.452639 0
0.45 0.452384 0
0.455 0.452131 0
0.46 0.451879 0
0.465 0.451629 0
0.47 0.451379 0
0.475 0.45113 0
0.4775 0.451006 0
0.48 0.450883 0
0.483333 0.450718 0
0.486667 0.450554 0
0.49 0.45039 0
0.493333 0.450227 0
0.496667 0.450064 0
0.5 0.449902 0
0.503333 0.44974 0
0.506667 0.449578 0
0.51 0.449417 0
0.513333 0.449256 0
0.516667 0.449095 0
0.52 0.448935 0
0.523333 0.448774 0
0.526667 0.448614 0
0.53 0.448455 0
0.533333 0.448297 0
0.536667 0.448138 0
0.54 0.447981 0
0.543333 0.447822 0
0.546667 0.447664 0
0.55 0.447507 0
0.553333 0.447351 0
0.556667 0.447194 0
0.56 0.447038 0
0.563333 0.446883 0
0.566667 0.446727 0
0.57 0.446571 0
0.573333 0.446416 0
0.576667 0.446261 0
0.58 0.446106 0
0.583333 0.445951 0
0.586667 0.445796 0
0.59 0.445642 0
0.593333 0.445488 0
0.596667 0.445333 0
0.6 0.44518 0
0.603333 0.445026 0
0.606667 0.444874 0
0.61 0.444721 0
0.613333 0.444569 0
0.616667 0.444417 0
0.62 0.444265 0
0.623333 0.444113 0
0.626667 0.44396 0
0.63 0.443808 0
0.633333 0.443654 0
0.636667 0.443503 0
0.64 0.443352 0
0.643333 0.4432 0
0.646667 0.44305 0
0.65 0.442899 0
0.653333 0.442747 0
0.656667 0.442596 0
0.66 0.442445 0
0.663333 0.442294 0
0.666667 0.442144 0
0.67 0.441994 0
0.673333 0.441843 0
0.676667 0.441694 0
0.68 0.441544 0
0.683333 0.441394 0
0.686667 0.441244 0
0.69 0.441095 0
0.693333 0.440946 0
0.696667 0.440796 0
0.7 0.440647 0
0.703333 0.440498 0
0.706667 0.440349 0
0.71 0.4402 0
0.713333 0.440051 0
0.716667 0.439902 0
0.72 0.439752 0
0.723333 0.439603 0
0.726667 0.439454 0
0.73 0.439306 0
0.733333 0.439158 0
0.736667 0.43901 0
0.74 0.438861 0
0.743333 0.438713 0
0.746667 0.438565 0
0.75 0.438418 0
0.753333 0.43827 0
0.756667 0.438122 0
0.76 0.437975 0
0.763333 0.437827 0
0.766667 0.43768 0
0.77 0.437533 0
0.773333 0.437386 0
0.776667 0.43724 0
0.78 0.437093 0
0.783333 0.436947 0
0.786667 0.4368 0
0.79 0.436654 0
0.793333 0.436507 0
0.796667 0.43636 0
0.8 0.436214 0
0.803333 0.436067 0
0.806667 0.435921 0
0.81 0.435775 0
0.813333 0.43563 0
0.816667 0.435484 0
0.82 0.43534 0
0.823333 0.435195 0
0.826667 0.435051 0
0.83 0.434907 0
0.833333 0.434763 0
0.836667 0.434619 0
0.84 0.434476 0
0.843333 0.434332 0
0.846667 0.434188 0
0.85 0.434045 0
0.853333 0.433903 0
0.856667 0.43376 0
0.86 0.433618 0
0.863333 0.433476 0
0.866667 0.433334 0
0.87 0.433194 0
0.873333 0.433053 0
0.876667 0.432911 0
0.88 0.43277 0
0.883333 0.432629 0
0.886667 0.432488 0
0.89 0.432348 0
0.893333 0.432207 0
0.896667 0.432067 0
0.9 0.431928 0
0.903333 0.43179 0
0.906667 0.431651 0
0.91 0.431513 0
0.913333 0.431375 0
0.916667 0.431237 0
0.92 0.4311 0
0.923333 0.430962 0
0.926667 0.430825 0
0.93 0.430688 0
0.933333 0.430551 0
0.936667 0.430415 0
0.94 0.43028 0
0.943333 0.430145 0
0.946667 0.43001 0
0.95 0.429875 0
0.953333 0.42974 0
0.956667 0.429606 0
0.96 0.429472 0
0.963333 0.429339 0
0.966667 0.429206 0
0.97 0.429074 0
0.973333 0.428941 0
0.976667 0.428809 0
0.98 0.428677 0
0.983333 0.428546 0
0.986667 0.428415 0
0.99 0.428284 0
0.993333 0.428155 0
0.996667 0.428025 0
1 0.427895 0
1.00333 0.427765 0
1.00667 0.427636 0
1.01 0.427508 0
1.01333 0.427381 0
1.01667 0.427254 0
1.02 0.427128 0
1.02333 0.427002 0
1.02667 0.426876 0
1.03 0.42675 0
1.03333 0.426626 0
1.03667 0.426501 0
1.04 0.426377 0
1.04333 0.426254 0
1.04667 0.42613 0
1.05 0.426007 0
1.05333 0.425884 0
1.05667 0.425761 0
1.06 0.425639 0
1.06333 0.425516 0
1.06667 0.425395 0
1.07 0.425274 0
1.07333 0.425153 0
1.07667 0.425033 0
1.08 0.424915 0
1.08333 0.424796 0
1.08667 0.424677 0
1.09 0.424559 0
1.09333 0.424441 0
1.09667 0.424324 0
1.1 0.424207 0
1.10333 0.424089 0
1.10667 0.423974 0
1.11 0.423857 0
1.11333 0.423741 0
1.11667 0.423626 0
1.12 0.423512 0
1.12333 0.423396 0
1.12667 0.423281 0
1.13 0.423168 0
1.13333 0.423054 0
1.13667 0.42294 0
1.14 0.422826 0
1.14333 0.422713 0
1.14667 0.422601 0
1.15 0.422489 0
1.15333 0.422377 0
1.15667 0.422265 0
1.16 0.422153 0
1.16333 0.422042 0
1.16667 0.421931 0
1.17 0.421821 0
1.17333 0.421711 0
1.17667 0.421601 0
1.18 0.421492 0
1.18333 0.421383 0
1.18667 0.421274 0
1.19 0.421165 0
1.19333 0.421056 0
1.19667 0.420948 0
1.2 0.420841 0
1.20333 0.420732 0
1.20667 0.420624 0
1.21 0.420517 0
1.21333 0.420409 0
1.21667 0.420302 0
1.22 0.420195 0
1.22333 0.420089 0
1.22667 0.419983 0
1.23 0.419877 0
1.23333 0.419771 0
1.23667 0.419665 0
1.24 0.41956 0
1.24333 0.419455 0
1.24667 0.41935 0
1.25 0.419244 0
1.25333 0.419139 0
1.25667 0.419035 0
1.26 0.418931 0
1.26333 0.418825 0
1.26667 0.418722 0
1.27 0.418618 0
1.27333 0.418514 0
1.27667 0.418409 0
1.28 0.418305 0
1.28333 0.418202 0
1.28667 0.418098 0
1.29 0.417995 0
1.29333 0.417891 0
1.29667 0.417787 0
1.3 0.417685 0
1.30333 0.417582 0
1.30667 0.417479 0
1.31 0.417377 0
1.31333 0.417275 0
1.31667 0.417171 0
1.32 0.417069 0
1.32333 0.416966 0
1.32667 0.416864 0
1.33 0.416761 0
1.33333 0.416658 0
1.33667 0.416556 0
1.34 0.416453 0
1.34333 0.41635 0
1.34667 0.416248 0
1.35 0.416145 0
1.35333 0.416043 0
1.35667 0.415941 0
1.36 0.415839 0
1.36333 0.415737 0
1.36667 0.415635 0
1.37 0.415532 0
1.37333 0.41543 0
1.37667 0.415329 0
1.38 0.415227 0
1.38333 0.415126 0
1.38667 0.415024 0
1.39 0.414922 0
1.39333 0.41482 0
1.39667 0.414718 0
1.4 0.414615 0
1.40333 0.414513 0
1.40667 0.414411 0
1.41 0.414309 0
1.41333 0.414206 0
1.41667 0.414103 0
1.42 0.414001 0
1.42333 0.413898 0
1.42667 0.413795 0
1.43 0.413693 0
1.43333 0.41359 0
1.43667 0.413488 0
1.44 0.413386 0
1.44333 0.413283 0
1.44667 0.41318 0
1.45 0.413077 0
1.45333 0.412974 0
1.45667 0.412871 0
1.46 0.412768 0
1.46333 0.412665 0
1.46667 0.412563 0
1.47 0.412459 0
1.47333 0.412356 0
1.47667 0.412252 0
1.48 0.412148 0
1.48333 0.412045 0
1.48667 0.411941 0
1.49 0.411838 0
1.49333 0.411734 0
1.49667 0.41163 0
1.5 0.411526 0
1.50333 0.411422 0
1.50667 0.411317 0
1.51 0.411213 0
1.51333 0.411109 0
1.51667 0.411005 0
1.52 0.410901 0
1.52333 0.410797 0
1.52667 0.410693 0
1.53 0.410588 0
1.53333 0.410483 0
1.53667 0.410378 0
1.54 0.410273 0
1.54333 0.410168 0
1.54667 0.410063 0
1.55 0.409957 0
1.55333 0.409851 0
1.55667 0.409747 0
1.56 0.409642 0
1.56333 0.409537 0
1.56667 0.409432 0
1.57 0.409326 0
1.57333 0.40922 0
1.57667 0.409115 0
1.58 0.409009 0
1.58333 0.408903 0
1.58667 0.408797 0
1.59 0.408691 0
1.59333 0.408585 0
1.59667 0.40848 0
1.6 0.408374 0
1.60333 0.408269 0
1.60667 0.408164 0
1.61 0.408059 0
1.61333 0.407952 0
1.61667 0.407846 0
1.62 0.40774 0
1.62333 0.407634 0
1.62667 0.407528 0
1.63 0.407422 0
1.635 0.407263 0
1.64 0.407104 0
1.645 0.406945 0
1.65 0.406786 0
1.655 0.406627 0
1.66 0.406468 0
1.665 0.40631 0
1.67 0.406152 0
1.675 0.405994 0
1.68 0.405835 0
1.685 0.405676 0
1.69 0.405518 0
1.695 0.405361 0
1.7 0.405202 0
1.705 0.405045 0
1.71 0.404888 0
1.715 0.40473 0
1.72 0.404573 0
1.725 0.404415 0
1.73 0.404258 0
1.735 0.4041 0
1.74 0.403943 0
1.745 0.403787 0
1.75 0.403631 0
1.755 0.403475 0
1.76 0.403318 0
1.765 0.403162 0
1.77 0.403006 0
1.775 0.40285 0
1.78 0.402696 0
1.785 0.40254 0
1.79 0.402387 0
1.795 0.402233 0
1.8 0.402078 0
1.805 0.401925 0
1.81 0.401771 0
1.815 0.401617 0
1.82 0.401464 0
1.825 0.401311 0
1.83 0.401159 0
1.835 0.401008 0
1.84 0.400857 0
1.845 0.400705 0
1.85 0.400554 0
1.855 0.400404 0
1.86 0.400254 0
1.865 0.400103 0
1.87 0.399954 0
1.875 0.399805 0
1.88 0.399657 0
1.885 0.399509 0
1.89 0.39936 0
1.895 0.399213 0
1.9 0.399065 0
1.905 0.398918 0
1.91 0.398771 0
1.915 0.398625 0
1.92 0.39848 0
1.925 0.398335 0
1.93 0.39819 0
1.935 0.398046 0
1.94 0.397903 0
1.945 0.397759 0
1.95 0.397616 0
1.955 0.397473 0
1.96 0.397332 0
1.965 0.397191 0
1.97 0.39705 0
1.975 0.396909 0
1.98 0.396769 0
1.985 0.39663 0
1.99 0.39649 0
1.995 0.396352 0
2 0.396213 0
2.005 0.396076 0
2.01 0.395938 0
2.015 0.395802 0
2.02 0.395666 0
2.025 0.39553 0
2.03 0.395393 0
2.035 0.395259 0
2.04 0.395124 0
2.045 0.39499 0
2.05 0.394856 0
2.055 0.394724 0
2.06 0.394591 0
2.065 0.39446 0
2.07 0.394329 0
2.075 0.394198 0
2.08 0.394067 0
2.085 0.393936 0
2.09 0.393806 0
2.095 0.393676 0
2.1 0.393547 0
2.105 0.393418 0
2.11 0.39329 0
2.115 0.393163 0
2.12 0.393035 0
2.125 0.392908 0
2.13 0.392781 0
2.135 0.392655 0
2.14 0.392529 0
2.145 0.392403 0
2.15 0.392277 0
2.155 0.392152 0
2.16 0.392028 0
2.165 0.391904 0
2.17 0.39178 0
2.175 0.391656 0
2.18 0.391533 0
2.185 0.39141 0
2.19 0.391288 0
2.195 0.391167 0
2.2 0.391044 0
2.205 0.390922 0
2.21 0.3908 0
2.215 0.390679 0
2.22 0.390559 0
2.225 0.390438 0
2.23 0.390317 0
2.235 0.390197 0
2.24 0.390077 0
2.245 0.389957 0
2.25 0.389837 0
2.255 0.389717 0
2.26 0.389598 0
2.265 0.389478 0
2.27 0.38936 0
2.275 0.38924 0
2.28 0.389122 0
2.285 0.389003 0
2.29 0.388884 0
2.295 0.388766 0
2.3 0.388648 0
2.305 0.38853 0
2.31 0.388412 0
2.315 0.388294 0
2.32 0.388176 0
2.325 0.388058 0
2.33 0.38794 0
2.335 0.387822 0
2.34 0.387705 0
2.345 0.387588 0
2.35 0.387469 0
2.355 0.387352 0
2.36 0.387234 0
2.365 0.387117 0
2.37 0.387 0
2.375 0.386882 0
2.38 0.386764 0
2.385 0.386646 0
2.39 0.386529 0
2.395 0.386411 0
2.4 0.386294 0
2.405 0.386177 0
2.41 0.386059 0
2.415 0.385941 0
2.42 0.385822 0
2.425 0.385704 0
2.43 0.385586 0
2.435 0.385468 0
2.44 0.38535 0
2.445 0.385232 0
2.45 0.385113 0
2.455 0.384995 0
2.46 0.384876 0
2.465 0.384758 0
2.47 0.38464 0
2.475 0.384522 0
2.48 0.384403 0
2.485 0.384283 0
2.49 0.384165 0
2.495 0.384045 0
2.5 0.383926 0
2.505 0.383807 0
2.51 0.383688 0
2.515 0.383569 0
2.52 0.38345 0
2.525 0.383332 0
2.53 0.383212 0
2.535 0.383092 0
2.54 0.382973 0
2.545 0.382854 0
2.55 0.382734 0
2.555 0.382614 0
2.56 0.382494 0
2.565 0.382374 0
2.57 0.382254 0
2.575 0.382134 0
2.58 0.382013 0
2.585 0.381893 0
2.59 0.381773 0
2.595 0.381653 0
2.6 0.381532 0
2.605 0.381411 0
2.61 0.38129 0
2.615 0.381168 0
2.62 0.381048 0
2.625 0.380926 0
2.63 0.380804 0
2.635 0.380682 0
2.64 0.380562 0
2.645 0.380441 0
2.65 0.380319 0
2.655 0.380198 0
2.66 0.380078 0
2.665 0.379956 0
2.67 0.379834 0
2.675 0.379713 0
2.68 0.379592 0
2.685 0.37947 0
2.69 0.379348 0
2.695 0.379227 0
2.7 0.379106 0
2.705 0.378985 0
2.71 0.378864 0
2.715 0.378742 0
2.72 0.37862 0
2.725 0.378498 0
2.73 0.378377 0
2.735 0.378257 0
2.74 0.378136 0
2.745 0.378015 0
2.75 0.377893 0
2.755 0.377771 0
2.76 0.377649 0
2.765 0.377528 0
2.77 0.377407 0
2.775 0.377286 0
2.78 0.377165 0
2.785 0.377044 0
2.79 0.376923 0
2.795 0.376802 0
2.8 0.376681 0
2.805 0.37656 0
2.81 0.37644 0
2.815 0.376321 0
2.82 0.3762 0
2.825 0.37608 0
2.83 0.37596 0
2.835 0.375841 0
2.84 0.375721 0
2.845 0.375601 0
2.85 0.375483 0
2.855 0.375364 0
2.86 0.375246 0
2.865 0.375126 0
2.87 0.375008 0
2.875 0.37489 0
2.88 0.374773 0
2.885 0.374654 0
2.89 0.374536 0
2.895 0.374419 0
2.9 0.374302 0
2.905 0.374186 0
2.91 0.374069 0
2.915 0.373953 0
2.92 0.373836 0
2.925 0.373721 0
2.93 0.373605 0
2.935 0.37349 0
2.94 0.373375 0
2.945 0.37326 0
2.95 0.373145 0
2.955 0.37303 0
2.96 0.372916 0
2.965 0.372802 0
2.97 0.372689 0
2.975 0.372575 0
2.98 0.372462 0
2.985 0.37235 0
2.99 0.372237 0
2.995 0.372124 0
3 0.372012 0
3.005 0.371901 0
3.01 0.37179 0
3.015 0.371678 0
3.02 0.371567 0
3.025 0.371457 0
3.03 0.371347 0
3.035 0.371236 0
3.04 0.371126 0
3.045 0.371017 0
3.05 0.370907 0
3.055 0.370798 0
3.06 0.370688 0
3.065 0.370579 0
3.07 0.370471 0
3.075 0.370363 0
3.08 0.370255 0
3.085 0.370147 0
3.09 0.37004 0
3.095 0.369933 0
3.1 0.369826 0
3.105 0.36972 0
3.11 0.369614 0
3.115 0.369508 0
3.12 0.369402 0
3.125 0.369296 0
3.13 0.369192 0
3.135 0.369087 0
3.14 0.368982 0
3.145 0.368878 0
3.15 0.368774 0
3.155 0.36867 0
3.16 0.368566 0
3.165 0.368463 0
3.17 0.36836 0
3.175 0.368256 0
3.18 0.368153 0
3.185 0.368051 0
3.19 0.367948 0
3.195 0.367846 0
3.2 0.367744 0
3.205 0.367642 0
3.21 0.36754 0
3.215 0.367438 0
3.22 0.367336 0
3.225 0.367234 0
3.23 0.367133 0
3.235 0.367032 0
3.24 0.36693 0
3.245 0.36683 0
3.25 0.366729 0
3.255 0.366628 0
3.26 0.366527 0
3.265 0.366427 0
3.27 0.366326 0
3.275 0.366226 0
3.28 0.366126 0
3.285 0.366025 0
3.29 0.365926 0
3.295 0.365825 0
3.3 0.365725 0
3.305 0.365625 0
3.31 0.365526 0
3.315 0.365425 0
3.32 0.365325 0
3.325 0.365226 0
3.33 0.365127 0
3.335 0.365027 0
3.34 0.364928 0
3.345 0.364829 0
3.35 0.364727 0
3.355 0.364627 0
3.36 0.364527 0
3.365 0.364427 0
3.37 0.364328 0
3.375 0.364228 0
3.38 0.364129 0
3.385 0.364029 0
3.39 0.363929 0
3.395 0.36383 0
3.4 0.36373 0
3.405 0.363629 0
3.41 0.36353 0
3.415 0.36343 0
3.42 0.363331 0
3.425 0.363231 0
3.43 0.363132 0
3.435 0.363033 0
3.44 0.362933 0
3.445 0.362832 0
3.45 0.362731 0
3.455 0.362631 0
3.46 0.362532 0
3.465 0.362431 0
3.47 0.362331 0
3.475 0.36223 0
3.48 0.36213 0
3.485 0.362029 0
3.49 0.361929 0
3.495 0.361828 0
3.5 0.361728 0
3.505 0.361629 0
3.51 0.361528 0
3.515 0.361428 0
3.52 0.361327 0
3.525 0.361227 0
3.53 0.361126 0
3.535 0.361025 0
3.54 0.360923 0
3.545 0.360822 0
3.55 0.360722 0
3.555 0.360621 0
3.56 0.36052 0
3.565 0.360419 0
3.57 0.360318 0
3.575 0.360217 0
3.58 0.360116 0
3.585 0.360015 0
3.59 0.359913 0
3.595 0.359812 0
3.6 0.359711 0
3.605 0.35961 0
3.61 0.359509 0
3.615 0.359408 0
3.62 0.359307 0
3.625 0.359207 0
3.63 0.359105 0
3.635 0.359003 0
3.64 0.358903 0
3.645 0.358802 0
3.65 0.3587 0
3.655 0.358599 0
3.66 0.358498 0
3.665 0.358397 0
3.67 0.358296 0
3.675 0.358194 0
3.68 0.358093 0
3.685 0.357991 0
3.69 0.35789 0
3.695 0.357789 0
3.7 0.357689 0
3.705 0.357587 0
3.71 0.357487 0
3.715 0.357386 0
3.72 0.357286 0
3.725 0.357185 0
3.73 0.357085 0
3.735 0.356984 0
3.74 0.356884 0
3.745 0.356784 0
3.75 0.356683 0
3.755 0.356583 0
3.76 0.356483 0
3.765 0.356383 0
3.77 0.356284 0
3.775 0.356184 0
3.78 0.356085 0
3.785 0.355985 0
3.79 0.355886 0
3.795 0.355787 0
3.8 0.355688 0
3.805 0.35559 0
3.81 0.355491 0
3.815 0.355393 0
3.82 0.355294 0
3.825 0.355195 0
3.83 0.355097 0
3.835 0.354999 0
3.84 0.3549 0
3.845 0.354802 0
3.85 0.354704 0
3.855 0.354606 0
3.86 0.354507 0
3.865 0.354409 0
3.87 0.354312 0
3.875 0.354214 0
3.88 0.354117 0
3.885 0.35402 0
3.89 0.353922 0
3.895 0.353825 0
3.9 0.353728 0
3.905 0.353631 0
3.91 0.353535 0
3.915 0.353439 0
3.92 0.353342 0
3.925 0.353246 0
3.93 0.35315 0
3.935 0.353053 0
3.94 0.352957 0
3.945 0.352862 0
3.95 0.352766 0
3.955 0.352671 0
3.96 0.352576 0
3.965 0.352481 0
3.97 0.352386 0
3.975 0.352292 0
3.98 0.352197 0
3.985 0.352102 0
3.99 0.352008 0
3.995 0.351914 0
4 0.351821 0
4.005 0.351727 0
4.01 0.351633 0
4.015 0.35154 0
4.02 0.351447 0
4.025 0.351355 0
4.03 0.351263 0
4.035 0.35117 0
4.04 0.351077 0
4.045 0.350985 0
4.05 0.350894 0
4.055 0.350802 0
4.06 0.35071 0
4.065 0.350618 0
4.07 0.350527 0
4.075 0.350435 0
4.08 0.350344 0
4.085 0.350253 0
4.09 0.350161 0
4.095 0.350071 0
4.1 0.349979 0
4.105 0.349889 0
4.11 0.349798 0
4.115 0.349707 0
4.12 0.349617 0
4.125 0.349527 0
4.13 0.349437 0
4.135 0.349346 0
4.14 0.349256 0
4.145 0.349167 0
4.15 0.349077 0
4.155 0.348987 0
4.16 0.348898 0
4.165 0.348808 0
4.17 0.348718 0
4.175 0.348629 0
4.18 0.34854 0
4.185 0.348451 0
4.19 0.348361 0
4.195 0.348272 0
4.2 0.348184 0
4.205 0.348096 0
4.21 0.348008 0
4.215 0.34792 0
4.22 0.347832 0
4.225 0.347744 0
4.23 0.347656 0
4.235 0.347569 0
4.24 0.347481 0
4.245 0.347393 0
4.25 0.347306 0
4.255 0.347219 0
4.26 0.347131 0
4.265 0.347043 0
4.27 0.346956 0
4.275 0.346869 0
4.28 0.346782 0
4.285 0.346695 0
4.29 0.346608 0
4.295 0.346521 0
4.3 0.346433 0
4.305 0.346347 0
4.31 0.346259 0
4.315 0.346172 0
4.32 0.346085 0
4.325 0.345998 0
4.33 0.345911 0
4.335 0.345825 0
4.34 0.345738 0
4.345 0.345652 0
4.35 0.345566 0
4.355 0.345479 0
4.36 0.345393 0
4.365 0.345306 0
4.37 0.34522 0
4.375 0.345133 0
4.38 0.345047 0
4.385 0.344961 0
4.39 0.344874 0
4.395 0.344787 0
4.4 0.3447 0
4.405 0.344614 0
4.41 0.344528 0
4.415 0.344442 0
4.42 0.344356 0
4.425 0.344269 0
4.43 0.344183 0
4.435 0.344096 0
4.44 0.34401 0
4.445 0.343924 0
4.45 0.343837 0
4.455 0.343751 0
4.46 0.343664 0
4.465 0.343576 0
4.47 0.34349 0
4.475 0.343403 0
4.48 0.343316 0
4.485 0.34323 0
4.49 0.343144 0
4.495 0.343057 0
4.5 0.342971 0
4.505 0.342884 0
4.51 0.342797 0
4.515 0.34271 0
4.52 0.342624 0
4.525 0.342537 0
4.53 0.34245 0
4.535 0.342362 0
4.54 0.342275 0
4.545 0.342189 0
4.55 0.342102 0
4.555 0.342016 0
4.56 0.341929 0
4.565 0.341842 0
4.57 0.341755 0
4.575 0.341668 0
4.58 0.341582 0
4.585 0.341495 0
4.59 0.341408 0
4.595 0.341321 0
4.6 0.341234 0
4.605 0.341147 0
4.61 0.34106 0
4.615 0.340973 0
4.62 0.340887 0
4.625 0.3408 0
4.63 0.340714 0
4.635 0.340627 0
4.64 0.34054 0
4.645 0.340453 0
4.65 0.340367 0
4.655 0.340281 0
4.66 0.340195 0
4.665 0.340108 0
4.67 0.340022 0
4.675 0.339936 0
4.68 0.33985 0
4.685 0.339764 0
4.69 0.339678 0
4.695 0.339592 0
4.7 0.339505 0
4.705 0.33942 0
4.71 0.339334 0
4.715 0.339248 0
4.72 0.339162 0
4.725 0.339077 0
4.73 0.338991 0
4.735 0.338906 0
4.74 0.33882 0
4.745 0.338735 0
4.75 0.338649 0
4.755 0.338564 0
4.76 0.338479 0
4.765 0.338393 0
4.77 0.338308 0
4.775 0.338223 0
4.78 0.338137 0
4.785 0.338051 0
4.79 0.337967 0
4.795 0.337883 0
4.8 0.337799 0
4.805 0.337714 0
4.81 0.33763 0
4.815 0.337546 0
4.82 0.337462 0
4.825 0.337378 0
4.83 0.337294 0
4.835 0.337211 0
4.84 0.337127 0
4.845 0.337044 0
4.85 0.33696 0
4.855 0.336876 0
4.86 0.336793 0
4.865 0.336711 0
4.87 0.336628 0
4.875 0.336545 0
4.88 0.336462 0
4.885 0.336379 0
4.89 0.336296 0
4.895 0.336215 0
4.9 0.336132 0
4.905 0.33605 0
4.91 0.335968 0
4.915 0.335886 0
4.92 0.335804 0
4.925 0.335722 0
4.93 0.33564 0
4.935 0.335558 0
4.94 0.335476 0
4.945 0.335395 0
4.95 0.335313 0
4.955 0.335231 0
4.96 0.33515 0
4.965 0.335069 0
4.97 0.334988 0
4.975 0.334907 0
4.98 0.334826 0
4.985 0.334745 0
4.99 0.334664 0
4.995 0.334583 0
5 0.334502 0
