-0.498239 -0.498047
-0.499847 -0.496022
-0.484307 -0.470703
-0.470896 -0.498047
-0.471101 -0.494141
-0.472546 -0.486328
-0.471535 -0.490234
-0.472546 -0.486328
-0.478516 -0.476855
-0.480869 -0.474609
-0.484307 -0.470703
-0.478516 -0.476855
-0.478516 -0.470703
-0.474256 -0.482422
-0.476766 -0.478516
-0.476562 -0.476562
-0.491699 -0.455078
-0.486896 -0.466797
-0.488882 -0.462891
-0.486896 -0.466797
-0.488882 -0.462891
-0.490406 -0.458984
-0.491699 -0.455078
-0.49271 -0.451172
-0.493796 -0.447266
-0.49674 -0.439453
-0.495153 -0.443359
-0.49674 -0.439453
-0.49271 -0.451172
-0.484048 -0.468289
-0.480473 -0.447266
-0.480455 -0.445567
-0.476566 -0.441409
-0.476563 -0.4375
-0.468914 -0.449373
-0.470045 -0.446699
-0.472665 -0.441496
-0.473319 -0.440229
-0.47027 -0.443359
-0.470703 -0.440821
-0.461504 -0.497464
-0.461007 -0.495251
-0.45895 -0.496571
-0.460073 -0.494141
-0.456423 -0.49614
-0.455078 -0.494927
-0.458428 -0.491251
-0.455078 -0.490573
-0.461488 -0.477135
-0.464844 -0.472656
-0.465038 -0.472096
-0.461584 -0.474609
-0.462072 -0.471604
-0.458984 -0.477316
-0.454507 -0.476928
-0.458984 -0.472143
-0.456028 -0.474609
-0.456959 -0.472595
-0.452519 -0.496202
-0.450329 -0.495352
-0.449142 -0.496138
-0.447845 -0.494141
-0.451172 -0.491531
-0.447696 -0.490299
-0.447266 -0.485556
-0.445296 -0.490803
-0.445072 -0.485185
-0.450398 -0.482042
-0.452029 -0.478395
-0.446671 -0.483341
-0.447072 -0.478073
-0.449256 -0.476556
-0.448791 -0.476408
-0.445057 -0.481982
-0.445101 -0.479976
-0.466797 -0.450058
-0.467988 -0.447266
-0.464827 -0.449272
-0.468132 -0.443791
-0.468635 -0.441282
-0.498476 -0.435547
-0.500259 -0.431641
-0.486328 -0.418855
-0.486328 -0.417028
-0.488281 -0.414062
-0.476586 -0.437476
-0.472743 -0.437463
-0.472523 -0.437466
-0.483772 -0.419048
-0.483814 -0.416969
-0.484375 -0.414062
-0.426284 -0.498047
-0.425233 -0.494141
-0.425233 -0.494141
-0.422802 -0.490234
-0.419922 -0.487669
-0.419922 -0.487669
-0.416016 -0.485891
-0.412109 -0.485052
-0.408203 -0.484844
-0.404297 -0.485501
-0.400391 -0.487771
-0.400391 -0.487771
-0.396291 -0.498047
-0.39687 -0.494141
-0.398422 -0.490234
-0.398401 -0.48821
-0.400391 -0.484128
-0.398926 -0.479448
-0.397053 -0.481817
-0.396484 -0.479434
-0.404297 -0.455078
-0.414101 -0.401499
-0.412109 -0.402546
-0.412109 -0.400247
-0.418195 -0.375102
-0.417892 -0.375018
-0.402606 -0.430136
-0.400391 -0.43097
-0.402731 -0.42815
-0.400391 -0.427545
-0.398392 -0.429782
-0.398259 -0.428915
-0.419613 -0.373047
-0.41901 -0.370514
-0.41527 -0.373047
-0.41658 -0.370648
-0.363491 -0.328346
-0.361328 -0.328924
-0.363933 -0.326172
-0.363477 -0.323903
-0.361328 -0.321981
-0.358476 -0.328701
-0.35703 -0.326172
-0.357834 -0.322716
-0.250355 -0.302734
-0.251334 -0.298828
-0.252026 -0.294922
-0.252413 -0.291016
-0.252394 -0.283203
-0.252536 -0.287109
-0.252394 -0.283203
-0.251939 -0.279297
-0.251159 -0.275391
-0.249923 -0.271484
-0.500049 -0.248047
-0.498387 -0.244141
-0.496386 -0.240234
-0.496386 -0.240234
-0.493981 -0.236328
-0.493981 -0.236328
-0.491068 -0.232422
-0.491068 -0.232422
-0.48751 -0.228516
-0.486328 -0.227373
-0.486328 -0.227373
-0.484375 -0.226563
-0.482422 -0.223825
-0.479351 -0.220703
-0.480469 -0.222656
-0.479351 -0.220703
-0.500264 -0.212891
-0.499671 -0.208984
-0.49935 -0.205078
-0.499317 -0.201172
-0.499554 -0.197266
-0.500024 -0.193359
-0.476181 -0.216797
-0.476181 -0.216797
-0.473564 -0.212891
-0.473564 -0.212891
-0.471263 -0.208984
-0.469219 -0.205078
-0.469219 -0.205078
-0.467487 -0.201172
-0.466181 -0.197266
-0.465228 -0.193359
-0.464473 -0.189453
-0.465228 -0.193359
-0.464473 -0.189453
-0.463783 -0.185547
-0.462977 -0.181641
-0.46196 -0.177734
-0.460819 -0.173828
-0.460819 -0.173828
-0.459614 -0.169922
-0.458494 -0.166016
-0.457585 -0.162109
-0.456923 -0.158203
-0.456923 -0.158203
-0.456498 -0.154297
-0.456217 -0.150391
-0.45595 -0.146484
-0.455597 -0.142578
-0.455134 -0.138672
-0.454686 -0.134766
-0.454497 -0.130859
-0.454703 -0.126953
-0.471983 -0.0644531
-0.469499 -0.0683594
-0.471983 -0.0644531
-0.455348 -0.123047
-0.456534 -0.119141
-0.457834 -0.115234
-0.459392 -0.111328
-0.461119 -0.107422
-0.462768 -0.103516
-0.464647 -0.0996094
-0.466119 -0.0957031
-0.464647 -0.0996094
-0.461119 -0.107422
-0.46741 -0.0917969
-0.467859 -0.0878906
-0.467826 -0.0839844
-0.46769 -0.0800781
-0.467721 -0.0761719
-0.468246 -0.0722656
-0.469499 -0.0683594
-0.498047 -0.0577585
-0.494141 -0.0570629
-0.490234 -0.0569025
-0.486328 -0.0571166
-0.482422 -0.0579167
-0.482422 -0.0579167
-0.478516 -0.0594829
-0.478516 -0.0594829
-0.474609 -0.0616028
-0.24627 -0.499494
-0.244161 -0.497883
-0.240233 -0.498008
-0.238011 -0.499265
-0.226717 -0.49955
-0.224823 -0.497561
-0.220593 -0.498047
-0.22221 -0.495932
-0.218465 -0.499214
-0.13285 -0.490234
-0.133638 -0.486328
-0.132015 -0.498047
-0.132305 -0.494141
-0.13285 -0.490234
-0.134635 -0.482422
-0.135797 -0.478516
-0.137048 -0.474609
-0.138335 -0.470703
-0.137048 -0.474609
-0.140672 -0.462891
-0.141549 -0.458984
-0.142197 -0.455078
-0.142495 -0.451172
-0.142441 -0.447266
-0.142088 -0.443359
-0.14152 -0.439453
-0.139582 -0.466797
-0.140672 -0.462891
-0.140734 -0.435547
-0.140734 -0.435547
-0.139714 -0.431641
-0.138463 -0.427734
-0.137051 -0.423828
-0.137051 -0.423828
-0.135467 -0.419922
-0.133667 -0.416016
-0.131806 -0.412109
-0.133667 -0.416016
-0.131806 -0.412109
-0.129858 -0.408203
-0.129858 -0.408203
-0.127934 -0.404297
-0.126068 -0.400391
-0.124377 -0.396484
-0.242103 -0.318359
-0.244862 -0.314453
-0.238912 -0.322266
-0.236328 -0.325033
-0.238912 -0.322266
-0.242103 -0.318359
-0.232422 -0.328554
-0.228516 -0.331312
-0.228516 -0.331312
-0.224609 -0.333201
-0.220703 -0.334336
-0.232422 -0.328554
-0.216797 -0.334649
-0.212891 -0.334066
-0.208984 -0.332583
-0.208984 -0.332583
-0.205078 -0.329948
-0.201481 -0.326172
-0.203029 -0.328226
-0.201481 -0.326172
-0.198813 -0.322266
-0.198813 -0.322266
-0.197072 -0.318359
-0.195851 -0.314453
-0.247125 -0.310547
-0.249003 -0.306641
-0.250355 -0.302734
-0.249923 -0.271484
-0.248101 -0.267578
-0.245583 -0.263672
-0.245583 -0.263672
-0.244141 -0.261995
-0.240234 -0.258524
-0.240234 -0.258524
-0.236328 -0.256329
-0.232422 -0.255148
-0.228516 -0.254725
-0.224609 -0.255068
-0.220703 -0.256136
-0.194977 -0.310547
-0.194977 -0.310547
-0.19455 -0.306641
-0.194463 -0.302734
-0.194674 -0.298828
-0.195128 -0.294922
-0.195862 -0.291016
-0.196817 -0.287109
-0.198002 -0.283203
-0.195128 -0.294922
-0.206039 -0.267578
-0.203411 -0.271484
-0.206039 -0.267578
-0.216797 -0.257929
-0.212891 -0.260527
-0.212891 -0.260527
-0.216797 -0.257929
-0.209392 -0.263672
-0.199434 -0.279297
-0.201266 -0.275391
-0.199434 -0.279297
-0.203411 -0.271484
-0.123491 -0.353516
-0.128669 -0.345703
-0.125828 -0.349609
-0.128669 -0.345703
-0.130167 -0.341797
-0.129548 -0.337891
-0.127706 -0.333984
-0.127706 -0.333984
-0.124558 -0.330078
-0.124377 -0.396484
-0.122865 -0.392578
-0.121576 -0.388672
-0.121576 -0.388672
-0.120538 -0.384766
-0.119776 -0.380859
-0.119308 -0.376953
-0.042034 -0.498047
-0.0418937 -0.494141
-0.0416301 -0.490234
-0.0413601 -0.486328
-0.0411851 -0.482422
-0.0411097 -0.478516
-0.041146 -0.474609
-0.0413537 -0.470703
-0.0471262 -0.447266
-0.0481203 -0.443359
-0.0486582 -0.439453
-0.041736 -0.466797
-0.0423762 -0.462891
-0.0431635 -0.458984
-0.0444332 -0.455078
-0.0431635 -0.458984
-0.0459231 -0.451172
-0.0471262 -0.447266
-0.0274807 -0.484466
-0.024335 -0.484436
-0.0233627 -0.484416
-0.028227 -0.482422
-0.0278944 -0.479639
-0.0259205 -0.483626
-0.025488 -0.478377
-0.0217431 -0.482104
-0.0201617 -0.478516
-0.0175781 -0.475731
-0.0206452 -0.474609
-0.0200695 -0.470703
-0.0175781 -0.475731
-0.0194852 -0.47262
-0.0136719 -0.471504
-0.0136719 -0.471504
-0.0228153 -0.458984
-0.0214862 -0.466797
-0.0224046 -0.462891
-0.0228153 -0.458984
-0.0229347 -0.455078
-0.0227815 -0.451172
-0.0225177 -0.447266
-0.0222584 -0.443359
-0.0219976 -0.439453
-0.0118233 -0.466797
-0.0118233 -0.466797
-0.0106972 -0.462891
-0.00971937 -0.458984
-0.00832972 -0.455078
-0.00832972 -0.455078
-0.00514609 -0.451172
-0.00195312 -0.448318
-0.00195312 -0.448318
-0.0485541 -0.435547
-0.0477247 -0.431641
-0.0461645 -0.427734
-0.0461645 -0.427734
-0.043722 -0.423828
-0.043722 -0.423828
-0.0406238 -0.419922
-0.0406238 -0.419922
-0.0369893 -0.416016
-0.0369893 -0.416016
-0.0332242 -0.412109
-0.0295108 -0.408203
-0.0216653 -0.435547
-0.0211049 -0.431641
-0.0200807 -0.427734
-0.0186316 -0.423828
-0.0186316 -0.423828
-0.0295108 -0.408203
-0.016511 -0.419922
-0.0142563 -0.416016
-0.0116002 -0.412109
-0.0116002 -0.412109
-0.00904119 -0.408203
-0.025973 -0.404297
-0.025973 -0.404297
-0.0226122 -0.400391
-0.0226122 -0.400391
-0.0193372 -0.396484
-0.0193372 -0.396484
-0.0161177 -0.392578
-0.00675508 -0.404297
-0.0161177 -0.392578
-0.00675508 -0.404297
-0.00469299 -0.400391
-0.00469299 -0.400391
-0.00297343 -0.396484
-0.00153584 -0.392578
-0.013094 -0.388672
-0.013094 -0.388672
-0.0103841 -0.384766
-0.00804175 -0.380859
-0.000225947 -0.388672
-0.00804175 -0.380859
-0.00603997 -0.376953
-0.119128 -0.373047
-0.119248 -0.369141
-0.120494 -0.361328
-0.119693 -0.365234
-0.120494 -0.361328
-0.121747 -0.357422
-0.123491 -0.353516
-0.121747 -0.357422
-0.125828 -0.349609
-0.124558 -0.330078
-0.121693 -0.326172
-0.121693 -0.326172
-0.119517 -0.322266
-0.117888 -0.318359
-0.11677 -0.314453
-0.116179 -0.310547
-0.116014 -0.306641
-0.116044 -0.302734
-0.115984 -0.298828
-0.115699 -0.294922
-0.115139 -0.291016
-0.114265 -0.287109
-0.11318 -0.283203
-0.11318 -0.283203
-0.111978 -0.279297
-0.110624 -0.275391
-0.109075 -0.271484
-0.109075 -0.271484
-0.107468 -0.267578
-0.105541 -0.263672
-0.105541 -0.263672
-0.103632 -0.259766
-0.101611 -0.255859
-0.101611 -0.255859
-0.0997815 -0.251953
-0.00431438 -0.373047
-0.00431438 -0.373047
-0.00276291 -0.369141
-0.00141545 -0.365234
-0.000218017 -0.361328
0.000402054 -0.318359
-0.000646204 -0.314453
-0.00181389 -0.310547
-0.00311994 -0.306641
-0.00431154 -0.302734
-0.00561396 -0.298828
-0.00790123 -0.291016
-0.00883283 -0.287109
-0.00955235 -0.283203
-0.00684651 -0.294922
-0.00790123 -0.291016
-0.0100868 -0.279297
-0.0104177 -0.275391
-0.0105444 -0.271484
-0.0104973 -0.267578
-0.0103198 -0.263672
-0.0100622 -0.259766
-0.00977066 -0.255859
-0.00947604 -0.251953
-0.176224 -0.00195312
-0.173828 -0.00437646
-0.176224 -0.00195312
-0.162109 -0.0146524
-0.158203 -0.0176676
-0.169922 -0.00806383
-0.166016 -0.0114693
-0.166016 -0.0114693
-0.169922 -0.00806383
-0.162109 -0.0146524
-0.142578 -0.0294167
-0.123109 -0.0488281
-0.138672 -0.0325779
-0.134766 -0.0359994
-0.134766 -0.0359994
-0.129692 -0.0410156
-0.126216 -0.0449219
-0.129692 -0.0410156
-0.130859 -0.0397973
-0.150391 -0.0234788
-0.154297 -0.0205812
-0.154297 -0.0205812
-0.150391 -0.0234788
-0.146484 -0.0264091
-0.146484 -0.0264091
-0.142578 -0.0294167
-0.138672 -0.0325779
-0.0980523 -0.248047
-0.0980523 -0.248047
-0.0965726 -0.244141
-0.0952905 -0.240234
-0.0942201 -0.236328
-0.0933585 -0.232422
-0.0926533 -0.228516
-0.0920809 -0.224609
-0.0915957 -0.220703
-0.0911633 -0.216797
-0.0907428 -0.212891
-0.0902881 -0.208984
-0.0898163 -0.205078
-0.0898163 -0.205078
-0.0893361 -0.201172
-0.0888415 -0.197266
-0.0883665 -0.193359
-0.0879492 -0.189453
-0.0876172 -0.185547
-0.0873825 -0.181641
-0.0872453 -0.177734
-0.0872 -0.173828
-0.0872425 -0.169922
-0.0873657 -0.166016
-0.0875549 -0.162109
-0.0877935 -0.158203
-0.0880691 -0.154297
-0.0883688 -0.150391
-0.0887104 -0.146484
-0.0891084 -0.142578
-0.0895583 -0.138672
-0.0901135 -0.134766
-0.0895583 -0.138672
-0.0901135 -0.134766
-0.090697 -0.130859
-0.0913209 -0.126953
-0.00919193 -0.248047
-0.0089222 -0.244141
-0.00866448 -0.240234
-0.00841787 -0.236328
-0.00818898 -0.232422
-0.00799448 -0.228516
-0.00785936 -0.224609
-0.00781362 -0.220703
-0.00781362 -0.220703
-0.00789078 -0.216797
-0.00812032 -0.212891
-0.00851783 -0.208984
-0.00907719 -0.205078
-0.00789078 -0.216797
-0.00977969 -0.201172
-0.0106591 -0.197266
-0.0117152 -0.193359
-0.0128859 -0.189453
-0.0117152 -0.193359
-0.0467759 -0.134766
-0.0498933 -0.130859
-0.0527677 -0.126953
-0.0498933 -0.130859
-0.0507812 -0.128906
-0.037842 -0.146484
-0.0406055 -0.142578
-0.0349117 -0.150391
-0.031807 -0.154297
-0.0349117 -0.150391
-0.037842 -0.146484
-0.0436511 -0.138672
-0.0467759 -0.134766
-0.0436511 -0.138672
-0.0156911 -0.181641
-0.0192244 -0.173828
-0.0173567 -0.177734
-0.0192244 -0.173828
-0.023606 -0.166016
-0.0262157 -0.162109
-0.0288758 -0.158203
-0.0262157 -0.162109
-0.0212844 -0.169922
-0.023606 -0.166016
-0.0142064 -0.185547
-0.0156911 -0.181641
-0.031807 -0.154297
-0.0933884 -0.115234
-0.0943366 -0.111328
-0.0953388 -0.107422
-0.0965205 -0.103516
-0.0978254 -0.0996094
-0.099219 -0.0957031
-0.0978254 -0.0996094
-0.109423 -0.0722656
-0.113411 -0.0644531
-0.111381 -0.0683594
-0.113411 -0.0644531
-0.100717 -0.0917969
-0.102362 -0.0878906
-0.10576 -0.0800781
-0.104023 -0.0839844
-0.10576 -0.0800781
-0.100717 -0.0917969
-0.102362 -0.0878906
-0.107564 -0.0761719
-0.109423 -0.0722656
-0.0919766 -0.123047
-0.0926673 -0.119141
-0.0933884 -0.115234
-0.115562 -0.0605469
-0.117878 -0.0566406
-0.120356 -0.0527344
-0.123109 -0.0488281
-0.120356 -0.0527344
-0.115562 -0.0605469
-0.117878 -0.0566406
-0.126216 -0.0449219
-0.0553308 -0.123047
-0.0570337 -0.119141
-0.0570709 -0.115234
-0.0544367 -0.111328
-0.0553308 -0.123047
-0.0527344 -0.109829
-0.0527344 -0.109829
-0.0488281 -0.106984
-0.0449219 -0.103951
-0.0449219 -0.103951
-0.0410156 -0.100444
-0.040203 -0.0996094
-0.040203 -0.0996094
-0.0370653 -0.0957031
-0.0352408 -0.0917969
-0.0352408 -0.0917969
-0.0345733 -0.0878906
-0.0343178 -0.0839844
-0.0335983 -0.0800781
-0.0312163 -0.0761719
-0.0292969 -0.0743318
-0.0292969 -0.0743318
-0.0253906 -0.0728549
-0.0214844 -0.0710198
-0.0214844 -0.0710198
-0.0175781 -0.0687935
-0.017047 -0.0683594
-0.0132377 -0.0644531
-0.0132377 -0.0644531
-0.0105651 -0.0605469
-0.0105651 -0.0605469
-0.00902226 -0.0566406
-0.0081568 -0.0527344
-0.00785488 -0.0488281
-0.0081568 -0.0527344
-0.0080763 -0.0449219
-0.00873396 -0.0410156
-0.0112789 -0.0332031
-0.00983557 -0.0371094
-0.0112789 -0.0332031
-0.0080763 -0.0449219
-0.0150351 -0.0253906
-0.0192737 -0.0175781
-0.0170576 -0.0214844
-0.0192737 -0.0175781
-0.0205013 -0.0136719
-0.0210888 -0.00976562
-0.0200049 -0.00585938
-0.0200049 -0.00585938
-0.0175781 -0.00329706
-0.0129037 -0.0292969
-0.0150351 -0.0253906
-0.0136719 -0.000235905
-0.486328 0.0299053
-0.484001 0.0270615
-0.483934 0.0302814
-0.493322 0.0412539
-0.495498 0.0449219
-0.488943 0.033848
-0.490234 0.0370594
-0.485885 0.0332031
-0.487388 0.0371094
-0.489428 0.0400013
-0.488834 0.045031
-0.48818 0.0413533
-0.488256 0.0430646
-0.496094 0.046875
-0.494141 0.0490502
-0.49227 0.0510823
-0.492227 0.0573211
-0.490497 0.0484367
-0.490234 0.0537851
-0.487014 0.0539038
-0.491858 0.0555437
-0.489843 0.0600413
-0.485236 0.0549931
-0.486977 0.0615527
-0.484318 0.0316989
-0.48286 0.0570669
-0.480726 0.0593254
-0.479811 0.0612294
-0.48482 0.062956
-0.48857 0.0780248
-0.484413 0.0780491
-0.489704 0.0808402
-0.489611 0.0839844
-0.486328 0.081261
-0.486328 0.081261
-0.491013 0.0878906
-0.491075 0.0917969
-0.482422 0.0646482
-0.482422 0.0646482
-0.478827 0.0644531
-0.478868 0.0683594
-0.482442 0.0722656
-0.482469 0.0761139
-0.478956 0.0722656
-0.479256 0.0761719
-0.481433 0.0783567
-0.479636 0.0800781
-0.47949 0.0839844
-0.479458 0.0878906
-0.479622 0.0917969
-0.490583 0.0957031
-0.489946 0.0996094
-0.489246 0.103516
-0.488553 0.107422
-0.488553 0.107422
-0.487984 0.111328
-0.487984 0.111328
-0.487563 0.115234
-0.487294 0.119141
-0.487116 0.123047
-0.479739 0.0957031
-0.47978 0.0996094
-0.479771 0.103516
-0.47975 0.107422
-0.479713 0.111328
-0.479639 0.115234
-0.479537 0.119141
-0.479438 0.123047
-0.486955 0.126953
-0.486856 0.130859
-0.486986 0.134766
-0.487762 0.138672
-0.487344 0.142578
-0.486259 0.146484
-0.485316 0.150391
-0.484297 0.154297
-0.479366 0.126953
-0.479358 0.130859
-0.479351 0.134766
-0.480067 0.138672
-0.479514 0.142578
-0.477927 0.146484
-0.484297 0.154297
-0.474835 0.150391
-0.477927 0.146484
-0.474835 0.150391
-0.47105 0.154297
-0.472656 0.152344
-0.47105 0.154297
-0.48311 0.158203
-0.481609 0.162109
-0.479579 0.166016
-0.479579 0.166016
-0.477007 0.169922
-0.467562 0.158203
-0.477007 0.169922
-0.47439 0.173828
-0.472208 0.177734
-0.472208 0.177734
-0.47111 0.181641
-0.470992 0.185547
-0.467562 0.158203
-0.465092 0.162109
-0.465092 0.162109
-0.463551 0.166016
-0.462902 0.169922
-0.462879 0.173828
-0.463225 0.177734
-0.464922 0.186904
-0.463839 0.181641
-0.464596 0.184821
-0.498047 0.188456
-0.494141 0.189312
-0.490234 0.190061
-0.486328 0.191178
-0.486328 0.191178
-0.482422 0.19283
-0.478516 0.193689
-0.474609 0.19172
-0.474609 0.19172
-0.471836 0.188824
-0.481232 0.241811
-0.477871 0.242056
-0.482477 0.244141
-0.481738 0.247078
-0.47951 0.242889
-0.477602 0.248047
-0.476475 0.242156
-0.474609 0.243155
-0.477602 0.248047
-0.470703 0.245226
-0.465418 0.189453
-0.465136 0.193359
-0.465136 0.193359
-0.463727 0.197266
-0.461537 0.201172
-0.461537 0.201172
-0.458625 0.205078
-0.455314 0.208984
-0.458625 0.205078
-0.455314 0.208984
-0.451844 0.212891
-0.451844 0.212891
-0.448168 0.216797
-0.448168 0.216797
-0.468446 0.245861
-0.46702 0.248047
-0.445046 0.220703
-0.445046 0.220703
-0.442778 0.224609
-0.441341 0.228516
-0.441341 0.228516
-0.440495 0.232422
-0.440009 0.236328
-0.439783 0.240234
-0.439846 0.244141
-0.440451 0.248047
-0.375511 0.162109
-0.376499 0.166016
-0.377056 0.169922
-0.37734 0.173828
-0.377504 0.177734
-0.377609 0.181641
-0.377659 0.185547
-0.377666 0.189453
-0.377686 0.193359
-0.377798 0.197266
-0.378061 0.201172
-0.379108 0.208984
-0.378492 0.205078
-0.379108 0.208984
-0.379824 0.212891
-0.380746 0.216797
-0.391201 0.244141
-0.393054 0.248047
-0.383115 0.224609
-0.385981 0.232422
-0.384445 0.228516
-0.385981 0.232422
-0.381843 0.220703
-0.383115 0.224609
-0.387636 0.236328
-0.389336 0.240234
-0.387636 0.236328
-0.391201 0.244141
-0.255859 0.0618105
-0.251953 0.05911
-0.251953 0.05911
-0.280653 0.0996094
-0.281878 0.103516
-0.283016 0.107422
-0.288167 0.123047
-0.284128 0.111328
-0.285331 0.115234
-0.284128 0.111328
-0.285331 0.115234
-0.286646 0.119141
-0.288167 0.123047
-0.265625 0.0703125
-0.270187 0.0761719
-0.267167 0.0722656
-0.270187 0.0761719
-0.272648 0.0800781
-0.274771 0.0839844
-0.276517 0.0878906
-0.278091 0.0917969
-0.276517 0.0878906
-0.272648 0.0800781
-0.261719 0.0664062
-0.263672 0.0684846
-0.259766 0.0649013
-0.259766 0.0649013
-0.267167 0.0722656
-0.255859 0.0618105
-0.279451 0.0957031
-0.280653 0.0996094
-0.369141 0.150356
-0.371995 0.154297
-0.369218 0.150391
-0.371995 0.154297
-0.365234 0.146617
-0.361328 0.144318
-0.361328 0.144318
-0.365234 0.146617
-0.345703 0.140498
-0.357422 0.142639
-0.353516 0.141597
-0.349609 0.14093
-0.345703 0.140498
-0.373993 0.158203
-0.375511 0.162109
-0.341797 0.140196
-0.337891 0.139923
-0.333984 0.139648
-0.330078 0.139402
-0.326172 0.139245
-0.322266 0.139211
-0.318359 0.139268
-0.314453 0.139317
-0.310547 0.139229
-0.306641 0.138825
-0.302734 0.13789
-0.298828 0.136129
-0.298828 0.136129
-0.292842 0.130859
-0.290228 0.126953
-0.292842 0.130859
-0.294922 0.133034
-0.473499 0.250935
-0.470703 0.255047
-0.470703 0.255047
-0.482422 0.281631
-0.478516 0.280505
-0.474609 0.279303
-0.470703 0.277958
-0.470703 0.277958
-0.498047 0.284711
-0.494141 0.284271
-0.490234 0.283578
-0.486328 0.282678
-0.482422 0.281631
-0.466072 0.251953
-0.466797 0.256934
-0.46417 0.255859
-0.46521 0.257956
-0.462891 0.259605
-0.460751 0.257507
-0.460797 0.258627
-0.462891 0.274349
-0.466797 0.276316
-0.462891 0.274349
-0.458984 0.271974
-0.455078 0.269187
-0.455078 0.269187
-0.449039 0.263672
-0.445887 0.259766
-0.449039 0.263672
-0.441694 0.251953
-0.443532 0.255859
-0.441694 0.251953
-0.445887 0.259766
-0.451172 0.265839
-0.438496 0.341797
-0.453238 0.365234
-0.457287 0.373047
-0.4553 0.369141
-0.457287 0.373047
-0.448776 0.357422
-0.446343 0.353516
-0.448776 0.357422
-0.44121 0.345703
-0.443854 0.349609
-0.44121 0.345703
-0.446343 0.353516
-0.451024 0.361328
-0.453238 0.365234
-0.405425 0.271484
-0.409637 0.279297
-0.40755 0.275391
-0.409637 0.279297
-0.421863 0.310547
-0.413544 0.287109
-0.415272 0.291016
-0.416817 0.294922
-0.411635 0.283203
-0.413544 0.287109
-0.418191 0.298828
-0.41942 0.302734
-0.418191 0.298828
-0.420622 0.306641
-0.421863 0.310547
-0.399071 0.259766
-0.401134 0.263672
-0.395039 0.251953
-0.397 0.255859
-0.395039 0.251953
-0.399071 0.259766
-0.40328 0.267578
-0.405425 0.271484
-0.40328 0.267578
-0.423164 0.314453
-0.424694 0.318359
-0.426499 0.322266
-0.428484 0.326172
-0.426499 0.322266
-0.433266 0.333984
-0.430817 0.330078
-0.433266 0.333984
-0.435881 0.337891
-0.438496 0.341797
-0.430817 0.330078
-0.469009 0.404297
-0.469945 0.408203
-0.470754 0.412109
-0.471417 0.416016
-0.471919 0.419922
-0.472274 0.423828
-0.472508 0.427734
-0.472632 0.431641
-0.472653 0.435547
-0.472632 0.431641
-0.472653 0.435547
-0.460855 0.380859
-0.462461 0.384766
-0.463934 0.388672
-0.459075 0.376953
-0.460855 0.380859
-0.465409 0.392578
-0.466726 0.396484
-0.465409 0.392578
-0.467935 0.400391
-0.469009 0.404297
-0.472574 0.439453
-0.472404 0.443359
-0.472158 0.447266
-0.471851 0.451172
-0.4715 0.455078
-0.471117 0.458984
-0.470711 0.462891
-0.470291 0.466797
-0.469868 0.470703
-0.469459 0.474609
-0.469077 0.478516
-0.468733 0.482422
-0.468733 0.482422
-0.468428 0.486328
-0.468184 0.490234
-0.468015 0.494141
-0.467935 0.498047
-0.376126 0.475528
-0.375383 0.47827
-0.380051 0.490699
-0.376953 0.49024
-0.379997 0.494141
-0.379234 0.497579
-0.375563 0.493484
-0.376953 0.498762
-0.361328 0.454746
-0.368157 0.466797
-0.363822 0.456445
-0.365301 0.458984
-0.361328 0.454746
-0.362761 0.457098
-0.36567 0.462891
-0.368157 0.466797
-0.359978 0.461101
-0.357422 0.45271
-0.354524 0.452219
-0.35767 0.455078
-0.35765 0.458984
-0.355 0.455078
-0.357234 0.462891
-0.355816 0.466346
-0.355029 0.464208
-0.353349 0.466797
-0.353349 0.466797
-0.371568 0.475745
-0.369657 0.470703
-0.37058 0.473635
-0.373773 0.478516
-0.371776 0.480804
-0.370325 0.479974
-0.369141 0.480933
-0.363606 0.471383
-0.363356 0.472956
-0.361328 0.474177
-0.361328 0.474177
-0.363584 0.480295
-0.365786 0.480821
-0.361328 0.478772
-0.374903 0.491983
-0.374565 0.498047
-0.357422 0.470689
-0.357422 0.475724
-0.351904 0.470703
-0.35314 0.474923
-0.357422 0.477216
-0.355279 0.476664
-0.351525 0.472739
-0.309094 0.499072
-0.306641 0.499229
-0.304218 0.499098
-0.244141 0.0543184
-0.248047 0.0566039
-0.244141 0.0543184
-0.240234 0.0521537
-0.236328 0.0500793
-0.236328 0.0500793
-0.228516 0.046038
-0.224609 0.0439687
-0.224609 0.0439687
-0.220703 0.04178
-0.220703 0.04178
-0.232422 0.0480685
-0.228516 0.046038
-0.205078 0.0305983
-0.186508 0.00976562
-0.189684 0.0136719
-0.196265 0.0214844
-0.199812 0.0253906
-0.201172 0.0268063
-0.199812 0.0253906
-0.192916 0.0175781
-0.196265 0.0214844
-0.192916 0.0175781
-0.216797 0.0394287
-0.212891 0.0368386
-0.216797 0.0394287
-0.208984 0.033933
-0.208984 0.033933
-0.205078 0.0305983
-0.183246 0.00585938
-0.179844 0.00195312
-0.183246 0.00585938
-0.186508 0.00976562
-0.179844 0.00195312
-0.0136719 -0.000235905
-0.00976562 0.00252193
-0.00976562 0.00252193
-0.00585938 0.00518177
-0.00585938 0.00518177
-0.00195312 0.00774891
-0.00195312 0.00774891
-0.00195312 0.219089
-0.00616708 0.224609
-0.00504143 0.221187
-0.00616708 0.224609
-0.00195312 0.219089
-0.00548852 0.228516
-0.00449715 0.231098
-0.00195312 0.232283
-0.142578 0.49079
-0.144879 0.495107
-0.144774 0.498047
-0.142578 0.49079
-0.138685 0.490873
-0.137514 0.494018
-0.138435 0.498047
-0.136672 0.495678
-0.00195312 0.453414
-0.00467861 0.455696
-0.0050059 0.458984
-0.00195312 0.453414
-0.00100269 0.460426
-0.00425667 0.462891
-0.00433625 0.466797
-0.00285832 0.46115
-0.00485783 0.470464
-0.00195312 0.471425
-0.0119539 0.488039
-0.0118404 0.49171
-0.00838099 0.488027
-0.0105237 0.489875
-0.00986803 0.494141
-0.00986803 0.494141
-0.00804416 0.496381
-0.00585938 0.488629
-0.00585938 0.488629
-0.00390361 0.48828
-0.00196232 0.490265
-0.00561681 0.497692
-0.000286911 0.494141
-0.00195312 0.498211
0.00195312 -0.445323
0.00195312 -0.445323
0.00585938 -0.442776
0.00976562 -0.440895
0.00976562 -0.440895
0.0136719 -0.439662
0.0175781 -0.438882
0.0214844 -0.438434
0.0253906 -0.438285
0.0292969 -0.438371
0.0332031 -0.438546
0.0371094 -0.438555
0.0410156 -0.438284
0.0449219 -0.437855
0.0488281 -0.437369
0.0566406 -0.437281
0.0605469 -0.438039
-0.000225947 -0.388672
0.00102129 -0.384766
0.00240085 -0.380859
0.00378632 -0.376953
0.00378632 -0.376953
0.0488281 -0.437369
0.0527344 -0.437054
0.0566406 -0.437281
0.0644531 -0.439276
0.0683594 -0.44065
0.0722656 -0.441886
0.0722656 -0.441886
0.0761719 -0.442865
0.0800781 -0.443554
0.0839844 -0.444068
0.0878906 -0.444509
0.0917969 -0.444862
0.0957031 -0.445252
0.0996094 -0.445775
0.0957031 -0.445252
0.103516 -0.446455
0.107422 -0.447329
0.119141 -0.452974
0.123047 -0.455687
0.123047 -0.455687
0.111328 -0.448782
0.111328 -0.448782
0.115234 -0.450519
0.119141 -0.452974
0.113567 -0.376953
0.117332 -0.380859
0.113567 -0.376953
0.120993 -0.384766
0.124525 -0.388672
0.120993 -0.384766
0.117332 -0.380859
0.0052609 -0.373047
0.00678102 -0.369141
-0.000218017 -0.361328
0.00802679 -0.365234
0.00802679 -0.365234
0.00912941 -0.361328
0.000867263 -0.357422
0.0018047 -0.353516
0.00257224 -0.349609
0.00313004 -0.345703
0.0100986 -0.357422
0.0109053 -0.353516
0.011547 -0.349609
0.011547 -0.349609
0.0120671 -0.345703
0.00344332 -0.341797
0.00349578 -0.337891
0.0032913 -0.333984
0.00284918 -0.330078
0.0125029 -0.341797
0.0128763 -0.337891
0.0131962 -0.333984
0.0134705 -0.330078
0.00220056 -0.326172
0.00137496 -0.322266
0.000402054 -0.318359
0.0137129 -0.326172
0.013948 -0.322266
0.0142164 -0.318359
0.0145436 -0.314453
0.0149342 -0.310547
0.0153659 -0.306641
0.0158114 -0.302734
0.0158114 -0.302734
0.0163035 -0.298828
0.0169703 -0.294922
0.017732 -0.291016
0.0184513 -0.287109
0.0191232 -0.283203
0.0196246 -0.279297
0.0196246 -0.279297
0.0200363 -0.275391
0.0203153 -0.271484
0.0204415 -0.267578
0.0204213 -0.263672
0.0203422 -0.259766
0.0202991 -0.255859
0.0203331 -0.251953
0.0937779 -0.353516
0.0893551 -0.345703
0.0914356 -0.349609
0.0893551 -0.345703
0.0859127 -0.337891
0.0845169 -0.333984
0.0832938 -0.330078
0.0875218 -0.341797
0.0859127 -0.337891
0.0822449 -0.326172
0.0813494 -0.322266
0.0822449 -0.326172
0.0805733 -0.318359
0.0799007 -0.314453
0.102582 -0.365234
0.099359 -0.361328
0.106077 -0.369141
0.109782 -0.373047
0.106077 -0.369141
0.102582 -0.365234
0.0964245 -0.357422
0.0937779 -0.353516
0.0964245 -0.357422
0.109782 -0.373047
0.0779995 -0.298828
0.0776541 -0.294922
0.0773467 -0.291016
0.0770805 -0.287109
0.0768542 -0.283203
0.0793171 -0.310547
0.0788139 -0.306641
0.0783786 -0.302734
0.0779995 -0.298828
0.076667 -0.279297
0.0765174 -0.275391
0.0764011 -0.271484
0.0763106 -0.267578
0.0762361 -0.263672
0.0761672 -0.259766
0.0760949 -0.255859
0.0760139 -0.251953
0.132812 -0.5
0.150391 -0.468821
0.154297 -0.470365
0.130859 -0.46096
0.126953 -0.458459
0.130859 -0.46096
0.134766 -0.463058
0.138672 -0.464739
0.138672 -0.464739
0.142578 -0.466134
0.146484 -0.467424
0.150391 -0.468821
0.158203 -0.471967
0.158203 -0.471967
0.162109 -0.473476
0.166016 -0.474858
0.169922 -0.475939
0.173828 -0.476553
0.177734 -0.476619
0.173828 -0.476553
0.177734 -0.476619
0.181641 -0.476083
0.185547 -0.474927
0.140362 -0.408203
0.154297 -0.423036
0.146958 -0.416016
0.143548 -0.412109
0.140362 -0.408203
0.143548 -0.412109
0.150391 -0.419535
0.146958 -0.416016
0.154297 -0.423036
0.134232 -0.400391
0.127918 -0.392578
0.131158 -0.396484
0.127918 -0.392578
0.137273 -0.404297
0.134232 -0.400391
0.137273 -0.404297
0.124525 -0.388672
0.158203 -0.426004
0.158203 -0.426004
0.162109 -0.428478
0.166016 -0.430418
0.169922 -0.432029
0.166016 -0.430418
0.173828 -0.433333
0.173828 -0.433333
0.177734 -0.434327
0.181641 -0.435037
0.185547 -0.43551
0.189453 -0.473083
0.189453 -0.473083
0.193359 -0.470571
0.197266 -0.467418
0.197266 -0.467418
0.201172 -0.464047
0.201172 -0.464047
0.205078 -0.460807
0.205078 -0.460807
0.208984 -0.458064
0.208984 -0.458064
0.212891 -0.455993
0.212891 -0.455993
0.216797 -0.454367
0.220703 -0.45332
0.224609 -0.452774
0.220703 -0.45332
0.224609 -0.452774
0.228516 -0.452628
0.232422 -0.452825
0.236328 -0.453271
0.240234 -0.453833
0.244141 -0.45444
0.248047 -0.455069
0.236328 -0.453271
0.189453 -0.43579
0.193359 -0.435888
0.197266 -0.435813
0.201172 -0.435581
0.205078 -0.435184
0.208984 -0.434617
0.212891 -0.433868
0.212891 -0.433868
0.216797 -0.43294
0.220703 -0.431839
0.224609 -0.430521
0.228516 -0.428979
0.228516 -0.428979
0.232422 -0.427266
0.236328 -0.425343
0.236328 -0.425343
0.240234 -0.423235
0.244141 -0.420998
0.244141 -0.420998
0.248047 -0.418617
0.248047 -0.418617
0.0204482 -0.248047
0.0206571 -0.244141
0.0209714 -0.240234
0.0213533 -0.236328
0.0217119 -0.232422
0.0219582 -0.228516
0.0220461 -0.224609
0.0219594 -0.220703
0.0216996 -0.216797
0.0212878 -0.212891
0.0207608 -0.208984
0.0201644 -0.205078
0.0195215 -0.201172
0.0188254 -0.197266
0.0195215 -0.201172
0.0180847 -0.193359
0.0172872 -0.189453
0.0154555 -0.181641
0.0144957 -0.177734
0.0135784 -0.173828
0.0128112 -0.169922
0.0122755 -0.166016
0.0120125 -0.162109
0.01206 -0.158203
0.0164143 -0.185547
0.0154555 -0.181641
0.0124774 -0.154297
0.0133516 -0.150391
0.0147366 -0.146484
0.016487 -0.142578
0.016487 -0.142578
0.0184635 -0.138672
0.0204082 -0.134766
0.0204082 -0.134766
0.0225534 -0.130859
0.0225534 -0.130859
0.0245462 -0.126953
0.0759247 -0.248047
0.0758318 -0.244141
0.0757439 -0.240234
0.0756706 -0.236328
0.0756208 -0.232422
0.0756009 -0.228516
0.0756134 -0.224609
0.0756582 -0.220703
0.0757349 -0.216797
0.0758436 -0.212891
0.0759868 -0.208984
0.0761719 -0.205078
0.0764043 -0.201172
0.0766911 -0.197266
0.077036 -0.193359
0.0774422 -0.189453
0.0779142 -0.185547
0.0779142 -0.185547
0.0784755 -0.181641
0.079079 -0.177734
0.0797608 -0.173828
0.0805225 -0.169922
0.0813724 -0.166016
0.0823238 -0.162109
0.0823238 -0.162109
0.0833689 -0.158203
0.0845271 -0.154297
0.0858077 -0.150391
0.0858077 -0.150391
0.0872092 -0.146484
0.0886929 -0.142578
0.0903318 -0.138672
0.0903318 -0.138672
0.0920764 -0.134766
0.093947 -0.130859
0.093947 -0.130859
0.0959263 -0.126953
0.026857 -0.123047
0.026857 -0.123047
0.0290367 -0.119141
0.0315321 -0.115234
0.0315321 -0.115234
0.0341197 -0.111328
0.0341197 -0.111328
0.036515 -0.107422
0.0392422 -0.103516
0.0392422 -0.103516
0.0418717 -0.0996094
0.044266 -0.0957031
0.0418717 -0.0996094
0.044266 -0.0957031
0.0468568 -0.0917969
0.0468568 -0.0917969
0.0491273 -0.0878906
0.0507356 -0.0839844
0.0507356 -0.0839844
0.0515883 -0.0800781
0.051908 -0.0761719
0.0521176 -0.0722656
0.0506397 -0.0644531
0.0521843 -0.0683594
0.0506397 -0.0644531
0.031382 -0.0527344
0.0296743 -0.0488281
0.0285191 -0.0449219
0.0277945 -0.0410156
0.0274215 -0.0371094
0.0273799 -0.0332031
0.0274215 -0.0371094
0.0273799 -0.0332031
0.0276386 -0.0292969
0.0276386 -0.0292969
0.0281606 -0.0253906
0.0288713 -0.0214844
0.0297909 -0.0175781
0.0309799 -0.0136719
0.0332031 -0.0552231
0.0371094 -0.0582904
0.0371094 -0.0582904
0.031382 -0.0527344
0.0410156 -0.0599741
0.0449219 -0.0608977
0.0488281 -0.0624758
0.0309799 -0.0136719
0.0324816 -0.00976562
0.0343906 -0.00585938
0.0343906 -0.00585938
0.0364696 -0.00195312
0.0979633 -0.123047
0.0979633 -0.123047
0.100055 -0.119141
0.102147 -0.115234
0.102147 -0.115234
0.10422 -0.111328
0.106262 -0.107422
0.106262 -0.107422
0.108248 -0.103516
0.110239 -0.0996094
0.110239 -0.0996094
0.112167 -0.0957031
0.112167 -0.0957031
0.114126 -0.0917969
0.114126 -0.0917969
0.116041 -0.0878906
0.118043 -0.0839844
0.116041 -0.0878906
0.118043 -0.0839844
0.120046 -0.0800781
0.120046 -0.0800781
0.12221 -0.0761719
0.12221 -0.0761719
0.124353 -0.0722656
0.124353 -0.0722656
0.126627 -0.0683594
0.128856 -0.0644531
0.128856 -0.0644531
0.131127 -0.0605469
0.133352 -0.0566406
0.133352 -0.0566406
0.135469 -0.0527344
0.137504 -0.0488281
0.135469 -0.0527344
0.137504 -0.0488281
0.139388 -0.0449219
0.14125 -0.0410156
0.14125 -0.0410156
0.143043 -0.0371094
0.144971 -0.0332031
0.144971 -0.0332031
0.147014 -0.0292969
0.149576 -0.0253906
0.147014 -0.0292969
0.149576 -0.0253906
0.152708 -0.0214844
0.152708 -0.0214844
0.154297 -0.0198316
0.158203 -0.0164663
0.158203 -0.0164663
0.162109 -0.0136579
0.166016 -0.0110174
0.166016 -0.0110174
0.169922 -0.00833676
0.169922 -0.00833676
0.173828 -0.00545494
0.173828 -0.00545494
0.177734 -0.00218666
0.177734 -0.00218666
0.181641 0.00154818
0.251953 -0.45575
0.255859 -0.456533
0.259766 -0.457338
0.259766 -0.457338
0.263672 -0.458081
0.267578 -0.458847
0.271484 -0.459742
0.275391 -0.460782
0.279297 -0.461811
0.275391 -0.460782
0.288656 -0.499025
0.290386 -0.497332
0.292675 -0.495983
0.294922 -0.496895
0.29509 -0.496041
0.298828 -0.496692
0.299866 -0.496082
0.303447 -0.497211
0.301334 -0.495883
0.305227 -0.498785
0.283203 -0.462827
0.287109 -0.463791
0.291016 -0.464701
0.291016 -0.464701
0.294922 -0.465491
0.298828 -0.466115
0.302734 -0.466609
0.306641 -0.467009
0.310547 -0.467313
0.251953 -0.416107
0.255859 -0.413599
0.255859 -0.413599
0.259766 -0.411005
0.259766 -0.411005
0.263672 -0.408463
0.267578 -0.406088
0.267578 -0.406088
0.271484 -0.403901
0.275391 -0.401947
0.275391 -0.401947
0.279297 -0.400175
0.283203 -0.398606
0.283203 -0.398606
0.287109 -0.397277
0.291016 -0.396089
0.294922 -0.395078
0.298828 -0.394176
0.298828 -0.394176
0.302734 -0.393356
0.306641 -0.392665
0.310547 -0.392096
0.314453 -0.467463
0.318359 -0.467379
0.322266 -0.466944
0.326172 -0.465983
0.330078 -0.464219
0.330078 -0.464219
0.333984 -0.461376
0.336269 -0.458984
0.336269 -0.458984
0.339228 -0.455078
0.339228 -0.455078
0.341275 -0.451172
0.342874 -0.447266
0.344199 -0.443359
0.344199 -0.443359
0.345203 -0.439453
0.314453 -0.391665
0.318359 -0.391438
0.322266 -0.391513
0.326172 -0.391994
0.330078 -0.392998
0.333984 -0.394749
0.333984 -0.394749
0.34063 -0.400391
0.34335 -0.404297
0.34063 -0.400391
0.337891 -0.397486
0.346011 -0.435547
0.346667 -0.431641
0.3471 -0.427734
0.347296 -0.423828
0.347296 -0.423828
0.347249 -0.419922
0.346902 -0.416016
0.346225 -0.412109
0.345108 -0.408203
0.34335 -0.404297
0.453125 -0.496094
0.455413 -0.498047
0.455898 -0.494141
0.456463 -0.490234
0.457165 -0.486328
0.457165 -0.486328
0.457888 -0.482422
0.45862 -0.478516
0.459668 -0.474609
0.460845 -0.470703
0.460845 -0.470703
0.462337 -0.466797
0.463977 -0.462891
0.46552 -0.458984
0.46552 -0.458984
0.467094 -0.455078
0.468556 -0.451172
0.475134 -0.498047
0.476529 -0.496076
0.478516 -0.496862
0.480114 -0.496038
0.482422 -0.497355
0.480731 -0.496042
0.486328 -0.498399
0.490234 -0.498501
0.495055 -0.499114
0.497978 -0.496967
0.5 -0.496094
0.468556 -0.451172
0.469804 -0.447266
0.470815 -0.443359
0.471562 -0.439453
0.487968 -0.445681
0.490234 -0.447753
0.486322 -0.443359
0.486865 -0.440998
0.490143 -0.443647
0.492323 -0.445847
0.492331 -0.444993
0.472078 -0.435547
0.472424 -0.431641
0.472642 -0.427734
0.472642 -0.427734
0.472792 -0.423828
0.472914 -0.419922
0.47306 -0.416016
0.473246 -0.412109
0.473453 -0.408203
0.499741 -0.431641
0.496511 -0.423828
0.498065 -0.427734
0.496511 -0.423828
0.491381 -0.412109
0.489388 -0.408203
0.494905 -0.419922
0.493208 -0.416016
0.491381 -0.412109
0.473658 -0.404297
0.473864 -0.400391
0.474084 -0.396484
0.474319 -0.392578
0.484859 -0.396484
0.48347 -0.392578
0.474566 -0.388672
0.473833 -0.384766
0.473283 -0.380859
0.472982 -0.376953
0.480188 -0.384256
0.481776 -0.388672
0.480654 -0.386062
0.479576 -0.380859
0.479477 -0.376953
0.487625 -0.404297
0.4862 -0.400391
0.487625 -0.404297
0.484859 -0.396484
0.472589 -0.372401
0.472578 -0.369141
0.472756 -0.374099
0.472674 -0.370843
0.472645 -0.367001
0.472712 -0.365234
0.473065 -0.361328
0.479672 -0.373047
0.479943 -0.369141
0.480269 -0.365234
0.480469 -0.363281
0.480687 -0.361328
0.473368 -0.357422
0.47363 -0.353516
0.473802 -0.349609
0.47389 -0.345703
0.481068 -0.357422
0.48142 -0.353516
0.481751 -0.349609
0.482088 -0.345703
0.47394 -0.341797
0.474013 -0.337891
0.474155 -0.333984
0.474393 -0.330078
0.482457 -0.341797
0.482864 -0.337891
0.483313 -0.333984
0.483801 -0.330078
0.474725 -0.326172
0.47515 -0.322266
0.475653 -0.318359
0.476194 -0.314453
0.484315 -0.326172
0.484315 -0.326172
0.484873 -0.322266
0.485422 -0.318359
0.485944 -0.314453
0.476717 -0.310547
0.477157 -0.306641
0.476717 -0.310547
0.477157 -0.306641
0.477465 -0.302734
0.47765 -0.298828
0.477768 -0.294922
0.477891 -0.291016
0.478086 -0.287109
0.478398 -0.283203
0.486447 -0.310547
0.486963 -0.306641
0.487526 -0.302734
0.488139 -0.298828
0.488139 -0.298828
0.488799 -0.294922
0.489506 -0.291016
0.490262 -0.287109
0.491061 -0.283203
0.478832 -0.279297
0.479384 -0.275391
0.480003 -0.271484
0.480678 -0.267578
0.480678 -0.267578
0.481488 -0.263672
0.482515 -0.259766
0.483705 -0.255859
0.491899 -0.279297
0.491899 -0.279297
0.492751 -0.275391
0.493595 -0.271484
0.494448 -0.267578
0.483705 -0.255859
0.485045 -0.251953
0.495339 -0.263672
0.496304 -0.259766
0.495339 -0.263672
0.496304 -0.259766
0.497358 -0.255859
0.498555 -0.251953
0.486646 -0.248047
0.488489 -0.244141
0.488489 -0.244141
0.49033 -0.240234
0.492232 -0.236328
0.499951 -0.248047
0.492232 -0.236328
0.493912 -0.232422
0.495436 -0.228516
0.495436 -0.228516
0.496689 -0.224609
0.496689 -0.224609
0.497836 -0.220703
0.498874 -0.216797
0.499736 -0.212891
0.500329 -0.208984
0.499976 -0.193359
0.499255 -0.189453
0.498234 -0.185547
0.497068 -0.181641
0.495986 -0.177734
0.495556 -0.173828
0.495986 -0.177734
0.495759 -0.169922
0.496191 -0.166016
0.496191 -0.166016
0.496742 -0.162109
0.497156 -0.158203
0.497281 -0.154297
0.49715 -0.150391
0.4969 -0.146484
0.496661 -0.142578
0.496488 -0.138672
0.496354 -0.134766
0.496188 -0.130859
0.495905 -0.126953
0.496188 -0.130859
0.495451 -0.123047
0.494788 -0.119141
0.493914 -0.115234
0.492878 -0.111328
0.491712 -0.107422
0.490375 -0.103516
0.488736 -0.0996094
0.486993 -0.0957031
0.488736 -0.0996094
0.491712 -0.107422
0.484329 -0.0878906
0.483881 -0.0839844
0.483956 -0.0800781
0.484475 -0.0761719
0.485439 -0.0917969
0.484329 -0.0878906
0.484475 -0.0761719
0.485509 -0.0722656
0.487341 -0.0683594
0.488281 -0.0664062
0.487341 -0.0683594
0.490411 -0.0644531
0.494141 -0.0612657
0.492007 -0.0623457
0.494141 -0.0612657
0.498047 -0.0591098
0.498047 -0.0591098
0.494056 -0.048743
0.490868 -0.0455558
0.484302 -0.00585938
0.48308 -0.00195312
0.491695 -0.0237822
0.487962 -0.016309
0.490234 -0.0210497
0.490234 -0.0210497
0.492362 -0.0273468
0.494141 -0.024103
0.496183 -0.0274203
0.496381 -0.0238046
0.494896 -0.0225226
0.495409 -0.0175781
0.496416 -0.020512
0.496294 -0.0188819
0.486875 -0.0136719
0.485504 -0.00976562
0.484302 -0.00585938
0.49329 -0.0136719
0.493746 -0.00976562
0.494317 -0.00585938
0.494819 -0.00195312
0.00195312 0.0101949
0.00585938 0.0125712
0.00585938 0.0125712
0.00976562 0.0148805
0.00976562 0.0148805
0.0136719 0.0168429
0.0175781 0.018098
0.0214844 0.0190963
0.0214844 0.0190963
0.0253906 0.0211574
0.0256995 0.0214844
0.0292969 0.0251293
0.0389207 0.00195312
0.0389207 0.00195312
0.0415654 0.00585938
0.0415654 0.00585938
0.0443606 0.00976562
0.0474674 0.0136719
0.0332031 0.0280619
0.0332031 0.0280619
0.0371094 0.028708
0.0410156 0.0285955
0.0449219 0.0282227
0.0474674 0.0136719
0.0505504 0.0175781
0.0505504 0.0175781
0.0524867 0.0214844
0.0488281 0.0280098
0.0488281 0.0280098
0.052909 0.0253906
0.05244 0.0285458
0.0506086 0.0318581
0.0507343 0.0376749
0.0522623 0.0344669
0.0527344 0.0369952
0.0527344 0.0398779
0.0549316 0.0395352
0.0551078 0.0433359
0.0545938 0.117094
0.00195312 0.218495
0.00585938 0.219753
0.00195312 0.218495
0.00585938 0.219753
0.00195312 0.233061
0.00859641 0.228516
0.00585938 0.232059
0.00819506 0.222044
0.00883273 0.224609
0.00859641 0.228516
0.00806889 0.230801
0.18203 0.00195312
0.18203 0.00195312
0.185506 0.00585938
0.188538 0.00976562
0.188538 0.00976562
0.191302 0.0136719
0.191302 0.0136719
0.193866 0.0175781
0.196408 0.0214844
0.196408 0.0214844
0.199021 0.0253906
0.199021 0.0253906
0.201884 0.0292969
0.201884 0.0292969
0.20537 0.0332031
0.208984 0.0364434
0.208984 0.0364434
0.212891 0.0392134
0.212891 0.0392134
0.216797 0.0415237
0.220703 0.0437107
0.220703 0.0437107
0.224609 0.0460058
0.224609 0.0460058
0.228516 0.0486637
0.232422 0.0518306
0.232422 0.0518306
0.236328 0.0555278
0.237391 0.0566406
0.237391 0.0566406
0.240919 0.0605469
0.240919 0.0605469
0.244297 0.0644531
0.247983 0.0683594
0.248047 0.0684236
0.0231752 0.373285
0.0259185 0.370158
0.023648 0.373047
0.0292969 0.369592
0.02816 0.371215
0.0320838 0.370827
0.0332031 0.37217
0.0371094 0.372105
0.0410156 0.37238
0.0410156 0.37238
0.0438968 0.373879
0.0110327 0.396801
0.015502 0.394414
0.012564 0.396272
0.0107833 0.399994
0.0136719 0.40044
0.019183 0.382369
0.0229513 0.376623
0.0214844 0.381306
0.0182265 0.384766
0.0175561 0.388672
0.0217424 0.384766
0.0207402 0.388672
0.0289821 0.376953
0.0289821 0.376953
0.0175781 0.393003
0.0195312 0.398437
0.0212748 0.392578
0.0204584 0.396484
0.0173149 0.399352
0.0313371 0.37884
0.0334369 0.379936
0.0371094 0.380234
0.0410156 0.380122
0.0448033 0.376953
0.0432775 0.379165
0.00183524 0.452149
0.00403231 0.452897
0.00194954 0.455078
7.37532e-05 0.45732
0.00407 0.45397
0.000247621 0.464146
0.0025225 0.466797
0.0025225 0.466797
0.0013834 0.470181
-0.000286911 0.494141
0.00311032 0.497675
0.00405717 0.499624
0.251953 0.0719819
0.251953 0.0719819
0.255859 0.074933
0.255859 0.074933
0.259766 0.0774525
0.259766 0.0774525
0.263672 0.0797222
0.267578 0.081933
0.267578 0.081933
0.271484 0.0842723
0.275391 0.0869405
0.275391 0.0869405
0.279297 0.0901486
0.279297 0.0901486
0.281017 0.0917969
0.284606 0.0957031
0.284606 0.0957031
0.287595 0.0996094
0.290129 0.103516
0.287595 0.0996094
0.290129 0.103516
0.292239 0.107422
0.292239 0.107422
0.294018 0.111328
0.295503 0.115234
0.29676 0.119141
0.29676 0.119141
0.297838 0.123047
0.298751 0.126953
0.299559 0.130859
0.300376 0.134766
0.300376 0.134766
0.301436 0.138672
0.302731 0.142578
0.304724 0.146484
0.304724 0.146484
0.306641 0.148959
0.310547 0.151261
0.314453 0.151792
0.318359 0.151761
0.322266 0.151744
0.326172 0.151924
0.330078 0.152239
0.330078 0.152239
0.333984 0.152598
0.337891 0.152986
0.341797 0.153447
0.345703 0.154005
0.349609 0.154648
0.353516 0.15536
0.357422 0.156153
0.357422 0.156153
0.361328 0.157057
0.365234 0.158134
0.369141 0.159433
0.369141 0.159433
0.373047 0.160946
0.373047 0.160946
0.482851 0.00195312
0.485269 0.00585938
0.485269 0.00585938
0.486328 0.00706947
0.488174 0.0118315
0.490234 0.0116732
0.490234 0.0116732
0.494949 0.00195312
0.494179 0.00585938
0.493035 0.00900442
0.376953 0.162647
0.380859 0.16465
0.380859 0.16465
0.384766 0.166902
0.384766 0.166902
0.388672 0.169543
0.392578 0.172633
0.392578 0.172633
0.396484 0.176159
0.396484 0.176159
0.398085 0.177734
0.401613 0.181641
0.401613 0.181641
0.404624 0.185547
0.404624 0.185547
0.407373 0.189453
0.407373 0.189453
0.409553 0.193359
0.409553 0.193359
0.411506 0.197266
0.413218 0.201172
0.413218 0.201172
0.414839 0.205078
0.414839 0.205078
0.416239 0.208984
0.417558 0.212891
0.417558 0.212891
0.418794 0.216797
0.438649 0.216797
0.419885 0.220703
0.420836 0.224609
0.421698 0.228516
0.421698 0.228516
0.422479 0.232422
0.434 0.224609
0.435747 0.220703
0.434 0.224609
0.433185 0.228516
0.433213 0.232422
0.423295 0.236328
0.424358 0.240234
0.425823 0.244141
0.425823 0.244141
0.427825 0.248047
0.433687 0.236328
0.433687 0.236328
0.434491 0.240234
0.435755 0.244141
0.436877 0.248047
0.466797 0.188158
0.470703 0.185479
0.474609 0.184042
0.474609 0.184042
0.478516 0.183336
0.482422 0.18329
0.486328 0.183814
0.486328 0.183814
0.490234 0.18479
0.494141 0.186033
0.498047 0.187311
0.454368 0.201172
0.443359 0.211667
0.442114 0.212891
0.438649 0.216797
0.443359 0.211667
0.447266 0.208122
0.447266 0.208122
0.451172 0.204393
0.458984 0.196026
0.457823 0.197266
0.454368 0.201172
0.457823 0.197266
0.465277 0.189453
0.46172 0.193359
0.466797 0.188158
0.435747 0.220703
0.498047 0.187311
0.429375 0.250494
0.431641 0.254135
0.431641 0.254135
0.437459 0.250096
0.43396 0.257491
0.436022 0.258925
0.43905 0.252045
0.44129 0.254224
0.441578 0.253759
0.443464 0.255859
0.439453 0.260639
0.443471 0.260227
0.447266 0.260546
0.44557 0.264357
0.450114 0.261163
0.452073 0.263672
0.447639 0.266727
0.451172 0.2678
0.453439 0.264766
0.453725 0.267337
0.454067 0.270156
0.4607 0.276509
0.458984 0.281386
0.464662 0.273353
0.466797 0.274281
0.463952 0.275391
0.46339 0.279297
0.466797 0.274281
0.46339 0.279297
0.453745 0.287109
0.452084 0.291016
0.45175 0.294922
0.452057 0.298828
0.45256 0.302734
0.453169 0.306641
0.456821 0.283203
0.453745 0.287109
0.458984 0.281386
0.461084 0.281327
0.453169 0.306641
0.453966 0.310547
0.470703 0.272907
0.474609 0.273958
0.474609 0.273958
0.478516 0.276618
0.478516 0.276618
0.482422 0.279699
0.486328 0.28221
0.486328 0.28221
0.490234 0.283809
0.494141 0.284635
0.498047 0.284868
0.454914 0.314453
0.455815 0.318359
0.456501 0.322266
0.456973 0.326172
0.456973 0.326172
0.457277 0.330078
0.457458 0.333984
0.45756 0.337891
0.457597 0.341797
0.457565 0.345703
0.457453 0.349609
0.456981 0.357422
0.457257 0.353516
0.456981 0.357422
0.456589 0.361328
0.456028 0.365234
0.45525 0.369141
0.454285 0.373047
0.437465 0.435547
0.437005 0.439453
0.436627 0.443359
0.436353 0.447266
0.43618 0.451172
0.436091 0.455078
0.436063 0.458984
0.436082 0.462891
0.436139 0.466797
0.416475 0.498646
0.419231 0.498614
0.436223 0.470703
0.436319 0.474609
0.43641 0.478516
0.436475 0.482422
0.436515 0.486328
0.43653 0.490234
0.436505 0.494141
0.43643 0.498047
0.453276 0.376953
0.452136 0.380859
0.449523 0.388672
0.450819 0.384766
0.449523 0.388672
0.445644 0.400391
0.444463 0.404297
0.448251 0.392578
0.446919 0.396484
0.445644 0.400391
0.453276 0.376953
0.443294 0.408203
0.442174 0.412109
0.441191 0.416016
0.44028 0.419922
0.441191 0.416016
0.439424 0.423828
0.438653 0.427734
0.438 0.431641
0.437465 0.435547
0.458984 0.408203
0.470703 0.458984
0.482422 0.458984
0.490234 0.458984
