-0.48844 -0.49887
-0.486796 -0.496887
-0.486674 -0.494141
-0.485099 -0.490234
-0.484733 -0.48642
-0.483022 -0.493502
-0.479868 -0.492642
-0.483328 -0.491893
-0.484357 -0.484563
-0.478516 -0.487749
-0.478516 -0.487749
-0.474609 -0.485145
-0.470703 -0.486348
-0.482863 -0.482422
-0.482017 -0.478516
-0.478516 -0.483821
-0.481691 -0.475326
-0.478516 -0.474973
-0.473307 -0.484304
-0.473748 -0.476994
-0.470703 -0.477617
-0.474609 -0.474434
-0.470703 -0.477617
-0.467002 -0.485059
-0.46345 -0.485184
-0.460933 -0.484383
-0.463171 -0.482422
-0.470156 -0.478516
-0.463171 -0.482422
-0.464513 -0.480312
-0.460896 -0.483985
-0.460822 -0.480352
-0.460937 -0.476562
-0.460907 -0.468719
-0.452503 -0.443359
-0.447217 -0.443359
-0.445188 -0.443298
-0.444776 -0.440927
-0.476563 -0.421875
-0.473516 -0.423828
-0.470703 -0.426296
-0.477681 -0.419694
-0.478583 -0.416016
-0.477563 -0.413048
-0.474609 -0.42255
-0.470703 -0.418954
-0.470703 -0.418954
-0.474609 -0.411986
-0.472023 -0.4138
-0.478516 -0.374784
-0.474609 -0.376162
-0.470703 -0.377172
-0.465154 -0.433828
-0.465883 -0.431066
-0.462891 -0.433694
-0.4628 -0.433428
-0.466561 -0.427634
-0.464632 -0.423828
-0.461139 -0.426009
-0.464632 -0.423828
-0.460767 -0.433716
-0.459939 -0.431384
-0.460007 -0.42795
-0.46533 -0.419149
-0.46785 -0.416016
-0.464068 -0.41602
-0.466797 -0.413577
-0.464645 -0.413886
-0.466797 -0.37792
-0.462891 -0.378335
-0.458984 -0.378384
-0.458984 -0.378384
-0.455078 -0.3781
-0.451172 -0.377482
-0.451172 -0.377482
-0.447266 -0.376487
-0.443359 -0.375091
-0.409146 -0.498047
-0.408632 -0.494141
-0.411352 -0.485853
-0.406855 -0.490234
-0.408203 -0.486917
-0.414452 -0.482422
-0.41807 -0.472906
-0.418041 -0.472392
-0.416016 -0.474018
-0.415896 -0.470703
-0.412109 -0.482532
-0.41317 -0.47335
-0.412116 -0.470703
-0.41008 -0.471169
-0.414253 -0.468678
-0.413282 -0.468509
-0.404297 -0.488344
-0.404297 -0.488344
-0.400391 -0.485971
-0.396484 -0.485158
-0.392578 -0.485429
-0.388672 -0.4866
-0.384766 -0.488835
-0.384766 -0.488835
-0.379025 -0.498047
-0.380278 -0.494141
-0.379025 -0.498047
-0.383103 -0.490234
-0.382539 -0.488042
-0.404297 -0.455078
-0.402344 -0.414062
-0.398438 -0.414062
-0.394531 -0.414062
-0.382812 -0.414062
-0.382812 -0.417969
-0.378906 -0.417969
-0.378906 -0.417969
-0.495797 -0.361328
-0.492738 -0.365234
-0.495797 -0.361328
-0.490234 -0.36773
-0.486328 -0.370771
-0.486328 -0.370771
-0.490234 -0.36773
-0.498018 -0.357422
-0.499598 -0.353516
-0.482422 -0.37303
-0.478516 -0.374784
-0.49896 -0.330078
-0.49669 -0.326172
-0.49669 -0.326172
-0.493953 -0.322266
-0.492201 -0.320298
-0.490234 -0.318374
-0.486328 -0.315547
-0.486328 -0.315547
-0.482422 -0.313915
-0.478516 -0.31313
-0.474609 -0.312988
-0.470703 -0.3134
-0.443359 -0.375091
-0.439453 -0.373223
-0.466797 -0.314218
-0.462891 -0.315302
-0.458984 -0.316521
-0.458984 -0.316521
-0.455078 -0.317994
-0.451172 -0.319552
-0.447266 -0.321123
-0.451172 -0.319552
-0.447266 -0.321123
-0.443359 -0.32279
-0.439453 -0.324583
-0.439453 -0.324583
-0.435547 -0.37095
-0.435547 -0.37095
-0.431641 -0.368189
-0.431641 -0.368189
-0.427734 -0.364928
-0.424477 -0.361328
-0.425781 -0.363281
-0.424477 -0.361328
-0.422316 -0.357422
-0.421096 -0.353516
-0.420495 -0.349609
-0.420513 -0.345703
-0.435547 -0.326553
-0.431641 -0.328837
-0.421203 -0.341797
-0.422784 -0.337891
-0.425492 -0.333984
-0.427734 -0.331732
-0.425492 -0.333984
-0.435547 -0.326553
-0.431641 -0.328837
-0.421203 -0.341797
-0.422784 -0.337891
-0.398438 -0.273438
-0.40625 -0.265625
-0.404297 -0.259766
-0.40625 -0.257812
-0.40625 -0.253906
-0.398438 -0.265625
-0.398438 -0.261719
-0.394531 -0.265625
-0.394531 -0.261719
-0.398438 -0.257812
-0.396484 -0.251953
-0.394531 -0.253906
-0.390625 -0.265625
-0.390625 -0.261719
-0.390625 -0.257812
-0.390625 -0.253906
-0.332031 -0.488281
-0.335938 -0.480469
-0.335938 -0.472656
-0.320312 -0.5
-0.316406 -0.488281
-0.326172 -0.478516
-0.322266 -0.478516
-0.320312 -0.484375
-0.320312 -0.480469
-0.316406 -0.484375
-0.316406 -0.476562
-0.375 -0.421875
-0.375 -0.417969
-0.367188 -0.417969
-0.3125 -0.417969
-0.3125 -0.417969
-0.308594 -0.496094
-0.310547 -0.494141
-0.308594 -0.496094
-0.3125 -0.488281
-0.308594 -0.492188
-0.308594 -0.488281
-0.304688 -0.492188
-0.304688 -0.488281
-0.296875 -0.492188
-0.310547 -0.482422
-0.3125 -0.480469
-0.308594 -0.484375
-0.310547 -0.474609
-0.300781 -0.484375
-0.298828 -0.478516
-0.300781 -0.476562
-0.300781 -0.472656
-0.292969 -0.496094
-0.292969 -0.5
-0.296875 -0.492188
-0.289062 -0.5
-0.289062 -0.496094
-0.285156 -0.496094
-0.289062 -0.488281
-0.291016 -0.478516
-0.294922 -0.470703
-0.283203 -0.478516
-0.298828 -0.466797
-0.287109 -0.466797
-0.279297 -0.490234
-0.275391 -0.482422
-0.275391 -0.478516
-0.273438 -0.476562
-0.265625 -0.472656
-0.255859 -0.470703
-0.28125 -0.46875
-0.28125 -0.464844
-0.28125 -0.457031
-0.275391 -0.458984
-0.275391 -0.455078
-0.269531 -0.46875
-0.269531 -0.464844
-0.273438 -0.460938
-0.273438 -0.457031
-0.269531 -0.460938
-0.28125 -0.453125
-0.28125 -0.449219
-0.277344 -0.453125
-0.271484 -0.443359
-0.265625 -0.46875
-0.265625 -0.460938
-0.261719 -0.460938
-0.251953 -0.447266
-0.3125 -0.421875
-0.355926 -0.332234
-0.357846 -0.330078
-0.354431 -0.33231
-0.352888 -0.331087
-0.351051 -0.329354
-0.357354 -0.326172
-0.353284 -0.325178
-0.355469 -0.324219
-0.351011 -0.326923
-0.34375 -0.265625
-0.351562 -0.257812
-0.34375 -0.296875
-0.34375 -0.289062
-0.328125 -0.304688
-0.328125 -0.289062
-0.34375 -0.28125
-0.34375 -0.265625
-0.34375 -0.265625
-0.328125 -0.265625
-0.296875 -0.359375
-0.296875 -0.347656
-0.296875 -0.347656
-0.3125 -0.335938
-0.3125 -0.332031
-0.3125 -0.328125
-0.3125 -0.320312
-0.296875 -0.34375
-0.296875 -0.335938
-0.296875 -0.320312
-0.3125 -0.3125
-0.308594 -0.300781
-0.3125 -0.296875
-0.296875 -0.3125
-0.296875 -0.296875
-0.3125 -0.28125
-0.3125 -0.265625
-0.296875 -0.28125
-0.289062 -0.257812
-0.488281 -0.214844
-0.488362 -0.212217
-0.486826 -0.213554
-0.488355 -0.210848
-0.486328 -0.210547
-0.484375 -0.214844
-0.483976 -0.212891
-0.484002 -0.210566
-0.488281 -0.140625
-0.472656 -0.136719
-0.462891 -0.16426
-0.466065 -0.161839
-0.466806 -0.158203
-0.462891 -0.16426
-0.460937 -0.164063
-0.459521 -0.162017
-0.458696 -0.158203
-0.4375 -0.179688
-0.4375 -0.179687
-0.4375 -0.175781
-0.465458 -0.155712
-0.462891 -0.154773
-0.46022 -0.155663
-0.410156 -0.242188
-0.414062 -0.242188
-0.410156 -0.242188
-0.414062 -0.234375
-0.414062 -0.230469
-0.410156 -0.234375
-0.410156 -0.230469
-0.414062 -0.226562
-0.429688 -0.207031
-0.425781 -0.207031
-0.4375 -0.195312
-0.429688 -0.203125
-0.4375 -0.195312
-0.4375 -0.191406
-0.431641 -0.193359
-0.433594 -0.191406
-0.429688 -0.203125
-0.429688 -0.199219
-0.425781 -0.203125
-0.425781 -0.199219
-0.429688 -0.195312
-0.429688 -0.191406
-0.423828 -0.193359
-0.421875 -0.210938
-0.421875 -0.207031
-0.417969 -0.210938
-0.417969 -0.207031
-0.414062 -0.214844
-0.410156 -0.21875
-0.410156 -0.214844
-0.414062 -0.210938
-0.414062 -0.207031
-0.410156 -0.210938
-0.410156 -0.207031
-0.421875 -0.199219
-0.417969 -0.203125
-0.417969 -0.199219
-0.419922 -0.189453
-0.417969 -0.195312
-0.417969 -0.191406
-0.410156 -0.203125
-0.410156 -0.199219
-0.414062 -0.195312
-0.410156 -0.195312
-0.410156 -0.191406
-0.40625 -0.242188
-0.392578 -0.244141
-0.404297 -0.224609
-0.398438 -0.230469
-0.396484 -0.220703
-0.390625 -0.25
-0.390625 -0.246094
-0.390625 -0.238281
-0.390625 -0.234375
-0.390625 -0.222656
-0.386719 -0.226562
-0.382812 -0.230469
-0.400391 -0.205078
-0.396484 -0.216797
-0.398438 -0.210938
-0.396484 -0.205078
-0.394531 -0.207031
-0.402344 -0.203125
-0.402344 -0.199219
-0.402344 -0.195312
-0.398438 -0.203125
-0.398438 -0.199219
-0.394531 -0.203125
-0.394531 -0.195312
-0.390625 -0.214844
-0.386719 -0.21875
-0.386719 -0.214844
-0.386719 -0.210938
-0.382812 -0.21875
-0.378906 -0.21875
-0.382812 -0.210938
-0.378906 -0.207031
-0.390625 -0.203125
-0.388672 -0.189453
-0.386719 -0.191406
-0.382812 -0.203125
-0.382812 -0.199219
-0.378906 -0.203125
-0.378906 -0.199219
-0.382812 -0.191406
-0.378906 -0.195312
-0.378906 -0.191406
-0.431641 -0.185547
-0.433594 -0.179688
-0.4375 -0.179687
-0.433594 -0.179688
-0.429688 -0.183594
-0.425781 -0.1875
-0.429688 -0.179688
-0.429688 -0.175781
-0.425781 -0.179688
-0.425781 -0.175781
-0.433594 -0.171875
-0.433594 -0.171875
-0.4375 -0.164062
-0.433594 -0.160156
-0.433594 -0.160156
-0.429688 -0.167969
-0.425781 -0.167969
-0.425781 -0.160156
-0.421875 -0.1875
-0.421875 -0.183594
-0.417969 -0.1875
-0.421875 -0.179688
-0.417969 -0.179688
-0.433594 -0.15625
-0.429688 -0.152344
-0.425781 -0.148438
-0.421875 -0.15625
-0.416016 -0.146484
-0.417969 -0.144531
-0.408203 -0.142578
-0.386719 -0.1875
-0.380859 -0.181641
-0.400391 -0.150391
-0.472656 -0.113281
-0.490234 -0.0790272
-0.486328 -0.0820811
-0.486328 -0.0820811
-0.496871 -0.0722656
-0.493153 -0.0761719
-0.496871 -0.0722656
-0.500314 -0.0683594
-0.490234 -0.0790272
-0.478516 -0.0856383
-0.482422 -0.0842308
-0.478516 -0.0856383
-0.474609 -0.0864542
-0.470703 -0.0867962
-0.456093 -0.0967177
-0.466797 -0.0867959
-0.462891 -0.0865624
-0.458984 -0.0861973
-0.455078 -0.0857565
-0.455078 -0.0857565
-0.451172 -0.0852628
-0.447266 -0.084721
-0.443359 -0.0840963
-0.439453 -0.0834247
-0.498047 -0.000783002
-0.494141 -0.00153852
-0.490234 -0.00252394
-0.486328 -0.00322527
-0.482422 -0.00268512
-0.4784 -0.00441794
-0.477054 -0.00382547
-0.474609 -0.00516127
-0.47451 -0.000317249
-0.47014 -0.00585938
-0.470703 -0.000604753
-0.47014 -0.00585938
-0.468162 -0.000281826
-0.462891 -0.00712859
-0.458984 -0.00788129
-0.455078 -0.00857794
-0.458984 -0.00788129
-0.451172 -0.00913849
-0.447266 -0.0095627
-0.443359 -0.00986667
-0.439453 -0.0101884
-0.435547 -0.0827686
-0.431641 -0.0821664
-0.431641 -0.0821664
-0.427734 -0.0815308
-0.427734 -0.0815308
-0.423828 -0.0807497
-0.419922 -0.0795951
-0.416016 -0.0776724
-0.416016 -0.0776724
-0.412109 -0.0745666
-0.410264 -0.0722656
-0.410264 -0.0722656
-0.407543 -0.0683594
-0.404715 -0.0644531
-0.376953 -0.115234
-0.382812 -0.0976562
-0.407543 -0.0683594
-0.404715 -0.0644531
-0.392578 -0.0644531
-0.435547 -0.0107083
-0.431641 -0.0113998
-0.431641 -0.0113998
-0.427734 -0.0122523
-0.423828 -0.0134212
-0.419922 -0.0151822
-0.416016 -0.0175259
-0.408203 -0.022663
-0.412109 -0.0200857
-0.412109 -0.0200857
-0.408203 -0.022663
-0.419922 -0.0151822
-0.401751 -0.0605469
-0.401751 -0.0605469
-0.398883 -0.0566406
-0.398883 -0.0566406
-0.396577 -0.0527344
-0.395001 -0.0488281
-0.395001 -0.0488281
-0.398107 -0.0332031
-0.394722 -0.0410156
-0.394377 -0.0449219
-0.394722 -0.0410156
-0.39604 -0.0371094
-0.398107 -0.0332031
-0.400847 -0.0292969
-0.404297 -0.0257453
-0.400847 -0.0292969
-0.402341 -0.0273413
-0.386719 -0.0195312
-0.375 -0.242188
-0.371094 -0.230469
-0.375 -0.226562
-0.367188 -0.226562
-0.351562 -0.25
-0.355469 -0.234375
-0.355469 -0.230469
-0.357422 -0.224609
-0.355469 -0.222656
-0.351562 -0.234375
-0.375 -0.214844
-0.371094 -0.214844
-0.371094 -0.214844
-0.371094 -0.207031
-0.367188 -0.21875
-0.365234 -0.212891
-0.365234 -0.208984
-0.363281 -0.210938
-0.363281 -0.207031
-0.375 -0.203125
-0.371094 -0.203125
-0.371094 -0.199219
-0.375 -0.191406
-0.371094 -0.191406
-0.367188 -0.199219
-0.367188 -0.195312
-0.363281 -0.195312
-0.357422 -0.216797
-0.359375 -0.214844
-0.355469 -0.214844
-0.359375 -0.210938
-0.351562 -0.214844
-0.347656 -0.21875
-0.347656 -0.214844
-0.349609 -0.208984
-0.351562 -0.207031
-0.347656 -0.210938
-0.347656 -0.207031
-0.359375 -0.203125
-0.359375 -0.199219
-0.359375 -0.191406
-0.355469 -0.191406
-0.347656 -0.203125
-0.347656 -0.199219
-0.351562 -0.195312
-0.351562 -0.191406
-0.347656 -0.195312
-0.34375 -0.226562
-0.335938 -0.234375
-0.328125 -0.226562
-0.320312 -0.234375
-0.320312 -0.226562
-0.34375 -0.214844
-0.339844 -0.214844
-0.34375 -0.210938
-0.339844 -0.207031
-0.335938 -0.21875
-0.333984 -0.212891
-0.332031 -0.214844
-0.335938 -0.210938
-0.332031 -0.207031
-0.34375 -0.203125
-0.335938 -0.203125
-0.330078 -0.197266
-0.332031 -0.191406
-0.328125 -0.21875
-0.320312 -0.210938
-0.328125 -0.195312
-0.318359 -0.201172
-0.371094 -0.1875
-0.373047 -0.177734
-0.363281 -0.1875
-0.373047 -0.162109
-0.359375 -0.183594
-0.355469 -0.1875
-0.351562 -0.1875
-0.347656 -0.183594
-0.351562 -0.179688
-0.369141 -0.154297
-0.373047 -0.126953
-0.357422 -0.134766
-0.34375 -0.1875
-0.337891 -0.173828
-0.330078 -0.166016
-0.326172 -0.185547
-0.322266 -0.162109
-0.314453 -0.166016
-0.314453 -0.150391
-0.3125 -0.25
-0.3125 -0.234375
-0.296875 -0.234375
-0.3125 -0.21875
-0.3125 -0.210938
-0.304688 -0.21875
-0.304688 -0.210938
-0.304688 -0.199219
-0.302734 -0.185547
-0.294922 -0.185547
-0.306641 -0.134766
-0.291016 -0.134766
-0.287109 -0.130859
-0.369141 -0.123047
-0.365234 -0.103516
-0.355168 -0.109074
-0.355469 -0.101562
-0.375 -0.0820312
-0.373047 -0.0644531
-0.361328 -0.0683594
-0.355469 -0.09375
-0.355469 -0.0898438
-0.355469 -0.0820312
-0.345703 -0.0917969
-0.345703 -0.0878906
-0.353516 -0.0761719
-0.347656 -0.078125
-0.337891 -0.0761719
-0.326172 -0.0683594
-0.361328 -0.0605469
-0.375 -0.0429687
-0.345703 -0.0527344
-0.373047 -0.00585938
-0.349609 -0.0136719
-0.330078 -0.0449219
-0.330078 -0.0332031
-0.330078 -0.00976562
-0.326172 -0.00195312
-0.306641 -0.115234
-0.283203 -0.103516
-0.308595 -0.0859402
-0.307741 -0.0859395
-0.308595 -0.085928
-0.307876 -0.0859308
-0.287109 -0.0683594
-0.306641 -0.0566406
-0.246632 -0.498807
-0.244141 -0.498145
-0.240234 -0.497988
-0.238045 -0.499343
-0.2268 -0.499335
-0.224757 -0.497775
-0.222694 -0.496082
-0.220593 -0.497829
-0.222538 -0.496057
-0.234375 -0.484375
-0.232422 -0.478516
-0.248047 -0.443359
-0.234375 -0.46875
-0.234375 -0.464844
-0.234375 -0.460938
-0.234375 -0.457031
-0.234375 -0.453125
-0.234375 -0.449219
-0.234375 -0.445312
-0.218423 -0.499129
-0.246094 -0.417969
-0.25 -0.414062
-0.234375 -0.4375
-0.234375 -0.429688
-0.234375 -0.417969
-0.234375 -0.417969
-0.25 -0.40625
-0.234375 -0.40625
-0.232422 -0.376953
-0.173828 -0.373561
-0.169922 -0.377115
-0.166016 -0.379843
-0.166016 -0.379843
-0.158203 -0.383375
-0.162109 -0.381919
-0.154297 -0.384277
-0.150391 -0.38464
-0.146484 -0.384449
-0.142578 -0.383641
-0.138672 -0.382116
-0.138672 -0.382116
-0.134766 -0.379729
-0.134766 -0.379729
-0.131615 -0.376953
-0.246094 -0.355469
-0.246094 -0.339844
-0.246094 -0.324219
-0.21875 -0.359375
-0.21875 -0.355469
-0.21875 -0.351562
-0.21875 -0.347656
-0.21875 -0.34375
-0.21875 -0.339844
-0.21875 -0.335938
-0.21875 -0.332031
-0.210938 -0.332031
-0.216797 -0.314453
-0.210938 -0.328125
-0.210938 -0.324219
-0.210938 -0.320312
-0.208984 -0.314453
-0.203125 -0.324219
-0.203125 -0.320312
-0.203125 -0.316406
-0.25 -0.304688
-0.242188 -0.273438
-0.25 -0.265625
-0.234375 -0.265625
-0.216797 -0.298828
-0.208984 -0.302734
-0.203125 -0.308594
-0.203125 -0.285156
-0.201172 -0.283203
-0.21875 -0.265625
-0.21875 -0.257812
-0.179919 -0.365234
-0.181937 -0.361328
-0.174303 -0.373047
-0.177441 -0.369141
-0.174303 -0.373047
-0.179919 -0.365234
-0.183531 -0.357422
-0.184788 -0.353516
-0.183531 -0.357422
-0.185749 -0.349609
-0.18645 -0.345703
-0.186847 -0.341797
-0.186866 -0.337891
-0.186452 -0.333984
-0.185541 -0.330078
-0.18397 -0.326172
-0.18397 -0.326172
-0.181406 -0.322266
-0.178059 -0.318359
-0.173828 -0.315127
-0.169922 -0.313206
-0.128505 -0.373047
-0.128505 -0.373047
-0.126398 -0.369141
-0.124968 -0.365234
-0.125136 -0.345703
-0.154297 -0.312054
-0.150391 -0.313399
-0.146484 -0.315353
-0.146484 -0.315353
-0.142578 -0.318068
-0.131918 -0.330078
-0.126266 -0.341797
-0.127792 -0.337891
-0.12965 -0.333984
-0.131918 -0.330078
-0.12965 -0.333984
-0.137994 -0.322266
-0.134642 -0.326172
-0.137994 -0.322266
-0.138672 -0.32157
-0.169922 -0.313206
-0.166016 -0.311995
-0.162109 -0.311387
-0.158203 -0.3114
-0.154297 -0.312054
-0.150391 -0.313399
-0.061361 -0.380859
-0.064231 -0.376953
-0.0373912 -0.498047
-0.0372165 -0.494141
-0.0370734 -0.490234
-0.0369373 -0.486328
-0.0368311 -0.482422
-0.0367694 -0.478516
-0.0367574 -0.474609
-0.0368006 -0.470703
-0.0369025 -0.466797
-0.0370636 -0.462891
-0.0372847 -0.458984
-0.037564 -0.455078
-0.0383023 -0.447266
-0.0392854 -0.439453
-0.0379029 -0.451172
-0.0383023 -0.447266
-0.0387619 -0.443359
-0.0392854 -0.439453
-0.0466589 -0.408203
-0.0398713 -0.435547
-0.0405298 -0.431641
-0.0421093 -0.423828
-0.0412732 -0.427734
-0.0421093 -0.423828
-0.0430671 -0.419922
-0.0441231 -0.416016
-0.0430671 -0.419922
-0.0453039 -0.412109
-0.0466589 -0.408203
-0.0538713 -0.392578
-0.0498719 -0.400391
-0.0481956 -0.404297
-0.0498719 -0.400391
-0.0517807 -0.396484
-0.0538713 -0.392578
-0.0517807 -0.396484
-0.0585938 -0.386719
-0.0587061 -0.384766
-0.0562161 -0.388672
-0.0587061 -0.384766
-0.061361 -0.380859
-0.124968 -0.365234
-0.124137 -0.361328
-0.123792 -0.357422
-0.12388 -0.353516
-0.124346 -0.349609
-0.125136 -0.345703
-0.0939057 -0.333984
-0.0958255 -0.330078
-0.101963 -0.314453
-0.0975775 -0.326172
-0.0991645 -0.322266
-0.0975775 -0.326172
-0.100618 -0.318359
-0.101963 -0.314453
-0.0871469 -0.345703
-0.0818083 -0.353516
-0.0789699 -0.357422
-0.0818083 -0.353516
-0.0845496 -0.349609
-0.0871469 -0.345703
-0.0700311 -0.369141
-0.0730402 -0.365234
-0.076043 -0.361328
-0.0730402 -0.365234
-0.0671211 -0.373047
-0.0700311 -0.369141
-0.0671211 -0.373047
-0.0789699 -0.357422
-0.0895664 -0.341797
-0.0918137 -0.337891
-0.0895664 -0.341797
-0.0939057 -0.333984
-0.0683594 -0.312656
-0.0644531 -0.315674
-0.0644531 -0.315674
-0.109239 -0.283203
-0.103196 -0.310547
-0.104346 -0.306641
-0.105392 -0.302734
-0.106327 -0.298828
-0.105392 -0.302734
-0.107173 -0.294922
-0.107943 -0.291016
-0.108622 -0.287109
-0.109239 -0.283203
-0.109781 -0.279297
-0.110217 -0.275391
-0.110558 -0.271484
-0.110829 -0.267578
-0.111069 -0.263672
-0.111332 -0.259766
-0.111654 -0.255859
-0.112041 -0.251953
-0.0941088 -0.275391
-0.0950669 -0.271484
-0.0954928 -0.267578
-0.0952287 -0.263672
-0.0940165 -0.259766
-0.0810671 -0.298828
-0.078015 -0.302734
-0.0810671 -0.298828
-0.086482 -0.291016
-0.0888073 -0.287109
-0.0908968 -0.283203
-0.0888073 -0.287109
-0.0908968 -0.283203
-0.0838902 -0.294922
-0.086482 -0.291016
-0.0746405 -0.306641
-0.0722656 -0.309095
-0.0746405 -0.306641
-0.078015 -0.302734
-0.0683594 -0.312656
-0.0927034 -0.279297
-0.0941088 -0.275391
-0.0940165 -0.259766
-0.0916993 -0.255859
-0.087916 -0.251953
-0.0916993 -0.255859
-0.0878906 -0.251935
-0.0839844 -0.24863
-0.0566406 -0.320336
-0.0605469 -0.318223
-0.0566406 -0.320336
-0.0527344 -0.322108
-0.0488281 -0.323576
-0.0449219 -0.324692
-0.0449219 -0.324692
-0.0410156 -0.32554
-0.0371094 -0.326136
-0.0332031 -0.326467
-0.0292969 -0.326513
-0.0253906 -0.326269
-0.0214844 -0.325729
-0.0175781 -0.324904
-0.0136719 -0.323797
-0.0136719 -0.323797
-0.00976562 -0.322409
-0.00585938 -0.320675
-0.00585938 -0.320675
-0.00195312 -0.318692
-0.234375 -0.25
-0.234375 -0.234375
-0.234375 -0.21875
-0.226562 -0.203125
-0.226562 -0.195312
-0.191406 -0.191406
-0.238281 -0.183594
-0.238281 -0.160156
-0.226562 -0.1875
-0.222656 -0.175781
-0.240234 -0.130859
-0.220703 -0.154297
-0.232422 -0.126953
-0.224609 -0.134766
-0.205078 -0.177734
-0.214844 -0.164062
-0.214844 -0.160156
-0.193359 -0.169922
-0.193359 -0.162109
-0.212891 -0.154297
-0.199245 -0.149197
-0.199023 -0.149001
-0.199245 -0.148416
-0.198941 -0.148413
-0.193359 -0.150391
-0.152243 -0.210837
-0.150391 -0.177734
-0.124944 -0.134766
-0.125758 -0.130859
-0.126517 -0.126953
-0.240234 -0.123047
-0.232422 -0.119141
-0.220703 -0.123047
-0.232422 -0.107422
-0.240234 -0.0878906
-0.240234 -0.0722656
-0.232422 -0.0839844
-0.205078 -0.119141
-0.127225 -0.123047
-0.127862 -0.119141
-0.128912 -0.111328
-0.128426 -0.115234
-0.128912 -0.111328
-0.129323 -0.107422
-0.129639 -0.103516
-0.129859 -0.0996094
-0.129988 -0.0957031
-0.130042 -0.0917969
-0.130045 -0.0878906
-0.130022 -0.0839844
-0.12999 -0.0800781
-0.129953 -0.0761719
-0.129898 -0.0722656
-0.129801 -0.0683594
-0.129631 -0.0644531
-0.129334 -0.0605469
-0.128838 -0.0566406
-0.128838 -0.0566406
-0.128085 -0.0527344
-0.127001 -0.0488281
-0.125541 -0.0449219
-0.112478 -0.248047
-0.112925 -0.244141
-0.113353 -0.240234
-0.113724 -0.236328
-0.113353 -0.240234
-0.114033 -0.232422
-0.114288 -0.228516
-0.114488 -0.224609
-0.114636 -0.220703
-0.114737 -0.216797
-0.114802 -0.212891
-0.114846 -0.208984
-0.114884 -0.205078
-0.114937 -0.201172
-0.115021 -0.197266
-0.115153 -0.193359
-0.115344 -0.189453
-0.0839844 -0.24863
-0.0800781 -0.245628
-0.0800781 -0.245628
-0.0761719 -0.241988
-0.0744855 -0.240234
-0.0744855 -0.240234
-0.0710958 -0.236328
-0.0710958 -0.236328
-0.0680224 -0.232422
-0.0649614 -0.228516
-0.0680224 -0.232422
-0.0649614 -0.228516
-0.0619322 -0.224609
-0.115601 -0.185547
-0.115926 -0.181641
-0.116329 -0.177734
-0.116822 -0.173828
-0.117399 -0.169922
-0.118039 -0.166016
-0.118766 -0.162109
-0.119575 -0.158203
-0.117399 -0.169922
-0.121351 -0.150391
-0.120451 -0.154297
-0.121351 -0.150391
-0.122259 -0.146484
-0.123182 -0.142578
-0.124088 -0.138672
-0.124944 -0.134766
-0.0619322 -0.224609
-0.0589539 -0.220703
-0.0589539 -0.220703
-0.056113 -0.216797
-0.0533774 -0.212891
-0.056113 -0.216797
-0.0533774 -0.212891
-0.0508571 -0.208984
-0.0508571 -0.208984
-0.0484632 -0.205078
-0.0461097 -0.201172
-0.0461097 -0.201172
-0.0440533 -0.197266
-0.0440533 -0.197266
-0.0421882 -0.193359
-0.0421882 -0.193359
-0.0409586 -0.189453
-0.0136719 -0.219613
-0.00976562 -0.222584
-0.00976562 -0.222584
-0.00195312 -0.227143
-0.00585938 -0.224983
-0.00195312 -0.227143
-0.0263553 -0.205078
-0.0240794 -0.208984
-0.0263553 -0.205078
-0.0209009 -0.212891
-0.0175781 -0.216181
-0.0175781 -0.216181
-0.0240794 -0.208984
-0.0279223 -0.201172
-0.0284614 -0.197266
-0.028134 -0.193359
-0.0271089 -0.189453
-0.0271089 -0.189453
-0.0136719 -0.219613
-0.0400631 -0.185547
-0.0392597 -0.181641
-0.0392597 -0.181641
-0.0386129 -0.177734
-0.0382015 -0.173828
-0.0378828 -0.169922
-0.0375823 -0.166016
-0.0373011 -0.162109
-0.0370744 -0.158203
-0.0369344 -0.154297
-0.0368984 -0.150391
-0.0369809 -0.146484
-0.0371796 -0.142578
-0.0389567 -0.126953
-0.037487 -0.138672
-0.0378933 -0.134766
-0.0383867 -0.130859
-0.0389567 -0.126953
-0.0255158 -0.185547
-0.0237362 -0.181641
-0.0237362 -0.181641
-0.0217323 -0.177734
-0.019832 -0.173828
-0.019832 -0.173828
-0.0181011 -0.169922
-0.0166641 -0.166016
-0.0155968 -0.162109
-0.0155968 -0.162109
-0.0148661 -0.158203
-0.0160377 -0.142578
-0.0193714 -0.134766
-0.0176039 -0.138672
-0.0193714 -0.134766
-0.0210363 -0.130859
-0.0225006 -0.126953
-0.0145045 -0.154297
-0.0145292 -0.150391
-0.0150283 -0.146484
-0.0160377 -0.142578
-0.125541 -0.0449219
-0.123722 -0.0410156
-0.121563 -0.0371094
-0.121563 -0.0371094
-0.119287 -0.0332031
-0.117167 -0.0292969
-0.117167 -0.0292969
-0.11559 -0.0253906
-0.114644 -0.0214844
-0.114366 -0.0175781
-0.114442 -0.0136719
-0.114438 -0.00976562
-0.114015 -0.00585938
-0.113088 -0.00195312
-0.113088 -0.00195312
-0.0396013 -0.123047
-0.0403286 -0.119141
-0.0410951 -0.115234
-0.0419006 -0.111328
-0.0427111 -0.107422
-0.0434135 -0.103516
-0.0427111 -0.107422
-0.0438845 -0.0996094
-0.0440733 -0.0957031
-0.030025 -0.0957031
-0.0488281 -0.0620397
-0.0443081 -0.0917969
-0.0448012 -0.0878906
-0.0454715 -0.0839844
-0.0457178 -0.0800781
-0.0313603 -0.0917969
-0.0330905 -0.0878906
-0.0349211 -0.0839844
-0.03649 -0.0800781
-0.0349211 -0.0839844
-0.0443675 -0.0761719
-0.0434118 -0.0722656
-0.0447745 -0.0683594
-0.0467179 -0.0656462
-0.0410156 -0.0621883
-0.0374187 -0.0761719
-0.0372264 -0.0722656
-0.0354384 -0.0683594
-0.037572 -0.0647873
-0.0237869 -0.123047
-0.0249025 -0.119141
-0.0258706 -0.115234
-0.026765 -0.111328
-0.0237869 -0.123047
-0.0275656 -0.107422
-0.0282846 -0.103516
-0.0275656 -0.107422
-0.0290322 -0.0996094
-0.030025 -0.0957031
-0.0313603 -0.0917969
-0.0507854 -0.0547092
-0.0488281 -0.0620397
-0.0503772 -0.0571693
-0.0513137 -0.0527344
-0.0521445 -0.0488281
-0.0527175 -0.0449219
-0.0530335 -0.0410156
-0.0531261 -0.0371094
-0.0530503 -0.0332031
-0.044108 -0.0603495
-0.0443755 -0.0566406
-0.0410156 -0.0621883
-0.0433117 -0.0527344
-0.0433117 -0.0527344
-0.0425966 -0.0488281
-0.0425222 -0.0449219
-0.0426823 -0.0410156
-0.0427076 -0.0332031
-0.0427932 -0.0371094
-0.0427076 -0.0332031
-0.052847 -0.0292969
-0.0524996 -0.0253906
-0.0519133 -0.0214844
-0.050955 -0.0175781
-0.050955 -0.0175781
-0.0496395 -0.0136719
-0.0481412 -0.00976562
-0.0467866 -0.00585938
-0.0423933 -0.0292969
-0.0418562 -0.0253906
-0.0410903 -0.0214844
-0.0401523 -0.0175781
-0.0391959 -0.0136719
-0.0382446 -0.00976562
-0.0467866 -0.00585938
-0.045639 -0.00195312
-0.0391959 -0.0136719
-0.0382446 -0.00976562
-0.0372661 -0.00585938
-0.0362183 -0.00195312
-0.49146 0.0136719
-0.486328 0.00633882
-0.48874 0.00976562
-0.49146 0.0136719
-0.48874 0.00976562
-0.49329 0.0175781
-0.494317 0.0214844
-0.494483 0.0253906
-0.493736 0.0292969
-0.480045 0.00195312
-0.485778 0.00585938
-0.480045 0.00195312
-0.476505 1.07208e-05
-0.471688 0.0151549
-0.474609 0.0175083
-0.474609 0.0218841
-0.471584 0.0175781
-0.472549 0.0197042
-0.492039 0.0332031
-0.492039 0.0332031
-0.490234 0.0357862
-0.486328 0.0391001
-0.486328 0.0391001
-0.482422 0.0410552
-0.478516 0.0419204
-0.474609 0.0419079
-0.474609 0.0419079
-0.470703 0.0410618
-0.465779 0.000241947
-0.462891 0.00141531
-0.458984 0.00423289
-0.45747 0.00585938
-0.45747 0.00585938
-0.454998 0.00976562
-0.453618 0.0136719
-0.45299 0.0175781
-0.453202 0.0214844
-0.456223 0.0292969
-0.454261 0.0253906
-0.456223 0.0292969
-0.453618 0.0136719
-0.45299 0.0175781
-0.453202 0.0214844
-0.466797 0.0393108
-0.462891 0.0367083
-0.462891 0.0367083
-0.466797 0.0393108
-0.45919 0.0332031
-0.445313 0.0351562
-0.445312 0.0351563
-0.443359 0.0347481
-0.443359 0.0362205
-0.4411 0.0347481
-0.441139 0.0364196
-0.474609 0.107422
-0.451705 0.123047
-0.439453 0.109691
-0.444896 0.115234
-0.448405 0.119141
-0.451705 0.123047
-0.448405 0.119141
-0.44113 0.111328
-0.444896 0.115234
-0.439453 0.109691
-0.419922 0.094388
-0.416016 0.0920694
-0.412109 0.0897981
-0.412109 0.0897981
-0.408203 0.0876988
-0.431641 0.102789
-0.435547 0.106092
-0.435547 0.106092
-0.431641 0.102789
-0.427734 0.099783
-0.423828 0.0969812
-0.423828 0.0969812
-0.419922 0.094388
-0.404297 0.0857391
-0.400391 0.0837926
-0.404297 0.0857391
-0.396484 0.0818984
-0.396484 0.0818984
-0.392578 0.0800514
-0.388672 0.0782454
-0.384766 0.0764903
-0.380859 0.074759
-0.380859 0.074759
-0.376953 0.0732807
-0.388672 0.0782454
-0.468848 0.150391
-0.47 0.154297
-0.470839 0.158203
-0.47141 0.162109
-0.471763 0.166016
-0.471968 0.169922
-0.472081 0.173828
-0.472144 0.177734
-0.472191 0.181641
-0.472248 0.185547
-0.460611 0.134766
-0.463148 0.138672
-0.457831 0.130859
-0.454859 0.126953
-0.457831 0.130859
-0.460611 0.134766
-0.465467 0.142578
-0.467265 0.146484
-0.465467 0.142578
-0.468848 0.150391
-0.472335 0.189453
-0.472465 0.193359
-0.47265 0.197266
-0.47289 0.201172
-0.47265 0.197266
-0.473188 0.205078
-0.473546 0.208984
-0.47396 0.212891
-0.474421 0.216797
-0.476711 0.232422
-0.474934 0.220703
-0.475485 0.224609
-0.476071 0.228516
-0.476711 0.232422
-0.477369 0.236328
-0.478055 0.240234
-0.478775 0.244141
-0.479514 0.248047
-0.373047 0.0292969
-0.357422 0.00195312
-0.357422 0.00976562
-0.349609 0.00976562
-0.349609 0.0136719
-0.330078 0.0136719
-0.373047 0.071943
-0.369141 0.0708345
-0.365234 0.0700539
-0.361328 0.0695939
-0.365234 0.0700539
-0.357422 0.0694289
-0.353516 0.0695484
-0.349609 0.069911
-0.345703 0.0705002
-0.345703 0.0705002
-0.341797 0.0712692
-0.337891 0.0722091
-0.333984 0.0732835
-0.330078 0.074489
-0.330078 0.074489
-0.326172 0.0759507
-0.322266 0.0775302
-0.322266 0.0775302
-0.318359 0.0791369
-0.314453 0.0809956
-0.310547 0.0827013
-0.310547 0.0827013
-0.306641 0.0843636
-0.302734 0.0859612
-0.302734 0.0859612
-0.298828 0.0873836
-0.294922 0.0886277
-0.291016 0.0896393
-0.291016 0.0896393
-0.287109 0.0904352
-0.283203 0.0910688
-0.279297 0.0916294
-0.275391 0.0921876
-0.271484 0.0927743
-0.267578 0.0933808
-0.263672 0.0940032
-0.263672 0.0940032
-0.259766 0.0946531
-0.255859 0.0953262
-0.251953 0.0960519
-0.484407 0.271484
-0.485276 0.275391
-0.486147 0.279297
-0.480282 0.251953
-0.481079 0.255859
-0.480282 0.251953
-0.481887 0.259766
-0.482712 0.263672
-0.483546 0.267578
-0.484407 0.271484
-0.487912 0.287109
-0.487026 0.283203
-0.487912 0.287109
-0.488814 0.291016
-0.489704 0.294922
-0.492328 0.306641
-0.493174 0.310547
-0.490585 0.298828
-0.491451 0.302734
-0.492328 0.306641
-0.493991 0.314453
-0.494778 0.318359
-0.496244 0.326172
-0.495519 0.322266
-0.496244 0.326172
-0.496901 0.330078
-0.497509 0.333984
-0.498057 0.337891
-0.498541 0.341797
-0.498957 0.345703
-0.499306 0.349609
-0.499588 0.353516
-0.499802 0.357422
-0.49995 0.361328
-0.49997 0.376953
-0.499856 0.380859
-0.499701 0.384766
-0.49951 0.388672
-0.499284 0.392578
-0.499024 0.396484
-0.498732 0.400391
-0.498407 0.404297
-0.498047 0.408203
-0.497655 0.412109
-0.497239 0.416016
-0.49681 0.419922
-0.496377 0.423828
-0.495951 0.427734
-0.495951 0.427734
-0.495488 0.431641
-0.494969 0.435547
-0.494424 0.439453
-0.493892 0.443359
-0.493403 0.447266
-0.492972 0.451172
-0.4926 0.455078
-0.492284 0.458984
-0.492284 0.458984
-0.492022 0.462891
-0.491787 0.466797
-0.491564 0.470703
-0.491345 0.474609
-0.491136 0.478516
-0.490949 0.482422
-0.490794 0.486328
-0.490677 0.490234
-0.490602 0.494141
-0.490568 0.498047
-0.410998 0.433505
-0.41087 0.434015
-0.41005 0.43347
-0.410078 0.43412
-0.391503 0.428717
-0.394649 0.435547
-0.393163 0.431641
-0.394649 0.435547
-0.388672 0.426676
-0.388672 0.426676
-0.384766 0.429554
-0.38406 0.431641
-0.381239 0.435547
-0.426819 0.452105
-0.424377 0.452171
-0.426747 0.454552
-0.424424 0.454511
-0.3927 0.439453
-0.394648 0.442513
-0.3927 0.439453
-0.392578 0.443254
-0.395015 0.446303
-0.392578 0.446417
-0.388672 0.441556
-0.388672 0.441556
-0.384766 0.445361
-0.384766 0.445361
-0.383006 0.449434
-0.381772 0.439453
-0.37981 0.443359
-0.378522 0.444306
-0.379745 0.44877
-0.380859 0.450354
-0.37871 0.44692
-0.377659 0.450959
-0.387081 0.495836
-0.387622 0.498233
-0.383672 0.495861
-0.385381 0.496937
-0.380936 0.496068
-0.380859 0.497043
-0.37792 0.495743
-0.376275 0.497258
-0.372633 0.424313
-0.372274 0.427511
-0.369141 0.424829
-0.369105 0.427734
-0.366224 0.425657
-0.365916 0.427079
-0.363073 0.425699
-0.361039 0.427485
-0.365093 0.430323
-0.361328 0.431258
-0.359213 0.429477
-0.357894 0.431641
-0.359 0.433677
-0.355189 0.431739
-0.354726 0.433911
-0.348203 0.436839
-0.345703 0.43657
-0.343733 0.433579
-0.343377 0.436987
-0.374599 0.448502
-0.348152 0.439453
-0.34828 0.442536
-0.345703 0.439137
-0.345703 0.443226
-0.374598 0.49901
-0.343382 0.439453
-0.343348 0.442197
-0.309169 0.499056
-0.306641 0.49933
-0.304114 0.499058
-0.236328 0.0761719
-0.248047 0.0968861
-0.244141 0.0978792
-0.244141 0.0978792
-0.240234 0.0990506
-0.236328 0.100418
-0.232422 0.101956
-0.232422 0.101956
-0.228516 0.103859
-0.224609 0.106255
-0.224609 0.106255
-0.220703 0.109291
-0.220703 0.109291
-0.214844 0.078125
-0.218353 0.111328
-0.214654 0.115234
-0.214654 0.115234
-0.211827 0.119141
-0.211827 0.119141
-0.209627 0.123047
-0.207962 0.126953
-0.206699 0.130859
-0.207962 0.126953
-0.206699 0.130859
-0.205809 0.134766
-0.205178 0.138672
-0.204682 0.142578
-0.204098 0.146484
-0.203139 0.150391
-0.203139 0.150391
-0.201864 0.154297
-0.199994 0.158203
-0.199994 0.158203
-0.196881 0.162109
-0.193359 0.164693
-0.193359 0.164693
-0.189453 0.166355
-0.185547 0.16707
-0.181641 0.167148
-0.177734 0.166745
-0.173828 0.166021
-0.166016 0.163997
-0.169922 0.165084
-0.166016 0.163997
-0.162109 0.162769
-0.158203 0.16139
-0.146484 0.155581
-0.142578 0.152877
-0.142578 0.152877
-0.126953 0.14161
-0.138672 0.14991
-0.134766 0.14693
-0.138672 0.14991
-0.130859 0.144132
-0.130859 0.144132
-0.126953 0.14161
-0.154297 0.159778
-0.154297 0.159778
-0.150391 0.157872
-0.146484 0.155581
-0.111849 0.00195312
-0.110584 0.00585938
-0.1096 0.00976562
-0.10952 0.0253906
-0.110106 0.0292969
-0.1096 0.00976562
-0.109018 0.0136719
-0.108787 0.0175781
-0.108968 0.0214844
-0.10952 0.0253906
-0.110249 0.0332031
-0.109486 0.0371094
-0.109486 0.0371094
-0.107559 0.0410156
-0.104232 0.0449219
-0.103516 0.0457382
-0.0996094 0.0474169
-0.103516 0.0457382
-0.0983427 0.0488281
-0.0983427 0.0488281
-0.0952103 0.0527344
-0.0952103 0.0527344
-0.0918347 0.0566406
-0.0878943 0.0605469
-0.0878906 0.0606061
-0.0839844 0.0630106
-0.0703766 0.0467553
-0.0683594 0.0453227
-0.0651289 0.045003
-0.0709122 0.0485355
-0.0761719 0.0625339
-0.0722656 0.0615842
-0.0683594 0.0482587
-0.0653831 0.0477214
-0.0683594 0.0609894
-0.0644531 0.0608928
-0.119141 0.0917969
-0.115234 0.0917969
-0.103516 0.0917969
-0.0957031 0.0917969
-0.0839844 0.0630106
-0.0800781 0.0633549
-0.0878906 0.0917969
-0.0761719 0.0625339
-0.0683594 0.0609894
-0.0678517 0.0666833
-0.0644531 0.0608928
-0.0839844 0.12408
-0.0800781 0.12206
-0.0800781 0.12206
-0.0722656 0.117307
-0.0761719 0.119781
-0.0722656 0.117307
-0.0683594 0.114798
-0.0644531 0.112287
-0.0644531 0.112287
-0.0447156 0.00195312
-0.0438386 0.00585938
-0.0427039 0.00976562
-0.0427039 0.00976562
-0.0412107 0.0136719
-0.0349926 0.00195312
-0.0349926 0.00195312
-0.0334608 0.00585938
-0.0316136 0.00976562
-0.0393377 0.0175781
-0.0393377 0.0175781
-0.0371563 0.0214844
-0.0351545 0.0253906
-0.0351545 0.0253906
-0.0337501 0.0292969
-0.0620637 0.0453761
-0.0619092 0.0475335
-0.0605469 0.0610904
-0.0566406 0.0604103
-0.0462722 0.0527344
-0.0527344 0.0585575
-0.0527344 0.0585575
-0.0501444 0.0566406
-0.0330903 0.0332031
-0.0333101 0.0371094
-0.0343931 0.0410156
-0.0366755 0.0449219
-0.0343931 0.0410156
-0.0449219 0.0517105
-0.0449219 0.0517105
-0.0410156 0.0486972
-0.0371094 0.0456809
-0.0316136 0.00976562
-0.02961 0.0136719
-0.0275022 0.0175781
-0.0275022 0.0175781
-0.0255167 0.0214844
-0.0235949 0.0253906
-0.0235949 0.0253906
-0.0218783 0.0292969
-0.020286 0.0332031
-0.0191169 0.0371094
-0.020286 0.0332031
-0.0191169 0.0371094
-0.0184227 0.0410156
-0.0183237 0.0449219
-0.0232705 0.0605469
-0.0189147 0.0488281
-0.0200809 0.0527344
-0.0189147 0.0488281
-0.0200809 0.0527344
-0.0215903 0.0566406
-0.0232705 0.0605469
-0.0304741 0.0761719
-0.0413421 0.0917969
-0.0381152 0.0878906
-0.0413421 0.0917969
-0.0353577 0.0839844
-0.0328459 0.0800781
-0.0353577 0.0839844
-0.0381152 0.0878906
-0.0605469 0.109462
-0.0566406 0.106389
-0.0566406 0.106389
-0.0527344 0.103086
-0.0488281 0.0995202
-0.0527344 0.103086
-0.0605469 0.109462
-0.0449082 0.0957031
-0.0468076 0.0977219
-0.0266469 0.0683594
-0.0249608 0.0644531
-0.0266469 0.0683594
-0.0284915 0.0722656
-0.0304741 0.0761719
-0.123047 0.139412
-0.119141 0.137477
-0.119141 0.137477
-0.115234 0.135745
-0.111328 0.134181
-0.107422 0.132737
-0.103516 0.131376
-0.107422 0.132737
-0.0996094 0.130062
-0.0957031 0.128727
-0.0957031 0.128727
-0.0917969 0.127308
-0.0878906 0.125783
-0.0839844 0.12408
-0.133586 0.487016
-0.133415 0.490234
-0.132897 0.493284
-0.130859 0.486255
-0.130872 0.48891
-0.128173 0.48719
-0.128082 0.490234
-0.13265 0.495591
-0.131992 0.498738
-0.128009 0.494141
-0.128442 0.498047
-0.0128081 0.327328
-0.0102795 0.327337
-0.0127381 0.330078
-0.0104704 0.330056
-0.0195603 0.347632
-0.0197833 0.349609
-0.0175522 0.348876
-0.0196666 0.351704
-0.0175781 0.351893
-0.0155554 0.35038
-0.0155471 0.351657
-0.0360594 0.436668
-0.0332031 0.435493
-0.0292969 0.435401
-0.0272188 0.437243
-0.0374667 0.439453
-0.0362474 0.443359
-0.0341032 0.439079
-0.0344596 0.443425
-0.035495 0.445936
-0.0338556 0.448274
-0.031901 0.44945
-0.0277529 0.438632
-0.0277478 0.443359
-0.0271754 0.440468
-0.0272844 0.441898
-0.0288506 0.44774
-0.0305256 0.449526
-0.0271518 0.445753
0.0156058 -0.491926
0.0155753 -0.488126
0.0155088 -0.484207
0.0153833 -0.480115
0.0174998 -0.498047
0.0176281 -0.494141
0.0177785 -0.490234
0.0181325 -0.486328
0.0197115 -0.482422
0.0193066 -0.480162
0.0197115 -0.482422
0.0214844 -0.479918
0.0193044 -0.476365
0.0232557 -0.476459
0.0253906 -0.477721
0.0292969 -0.476257
0.0292969 -0.476257
0.0332031 -0.474247
0.0351563 -0.472656
0.0365369 -0.470703
0.0383562 -0.466797
0.0400745 -0.462891
0.0383562 -0.466797
0.0400745 -0.462891
0.0429999 -0.458984
0.0429999 -0.458984
0.0450518 -0.455078
0.0455944 -0.451172
0.0453336 -0.447266
0.0450453 -0.443359
0.0450761 -0.439453
0.0452033 -0.435547
0.045161 -0.431641
0.0450737 -0.427734
0.0452015 -0.423828
0.0457588 -0.419922
0.0469586 -0.416016
0.0469586 -0.416016
0.048812 -0.412109
0.0517399 -0.408203
0.0517399 -0.408203
0.0527344 -0.407173
0.0566406 -0.403975
0.0605469 -0.401833
0.0605469 -0.401833
0.09375 -0.5
0.0644531 -0.400336
0.0683594 -0.399271
0.0722656 -0.398652
0.0761719 -0.39857
0.0702791 -0.376953
0.0722656 -0.378733
0.0722656 -0.378733
0.0761719 -0.381472
0.0800781 -0.399059
0.0839844 -0.400085
0.0878906 -0.401438
0.0917969 -0.402343
0.0917969 -0.402343
0.0800781 -0.383415
0.0839844 -0.384741
0.0800781 -0.383415
0.0878906 -0.385634
0.0917969 -0.386433
0.0917969 -0.386433
0.0957031 -0.402386
0.0957031 -0.402386
0.0988912 -0.400097
0.0997671 -0.396484
0.100043 -0.392578
0.101818 -0.402582
0.101752 -0.398827
0.109347 -0.402299
0.100043 -0.392578
0.109375 -0.398437
0.0957031 -0.387472
0.0957031 -0.387472
0.0980775 -0.388672
0.11148 -0.404297
0.111668 -0.401562
0.116375 -0.404996
0.109375 -0.398438
0.118813 -0.404297
0.122546 -0.404111
0.123047 -0.401711
0.00195312 -0.31643
0.00195312 -0.31643
0.00585938 -0.314121
0.00976562 -0.311832
0.0616726 -0.365234
0.0599928 -0.361328
0.0587164 -0.357422
0.057823 -0.353516
0.0587164 -0.357422
0.057236 -0.349609
0.0568374 -0.345703
0.0565685 -0.341797
0.0563936 -0.337891
0.0562571 -0.333984
0.0560954 -0.330078
0.0558632 -0.326172
0.0555609 -0.322266
0.0552307 -0.318359
0.0549281 -0.314453
0.00976562 -0.311832
0.0136719 -0.309556
0.0136719 -0.309556
0.0175781 -0.307391
0.0214844 -0.305168
0.0214844 -0.305168
0.0253906 -0.302697
0.0292969 -0.300038
0.0292969 -0.300038
0.0175781 -0.283203
0.0332031 -0.296716
0.0349384 -0.294922
0.0349384 -0.294922
0.0379015 -0.291016
0.0379015 -0.291016
0.0398431 -0.287109
0.0409727 -0.283203
0.0546926 -0.310547
0.0545448 -0.306641
0.0544683 -0.302734
0.0544451 -0.298828
0.0546926 -0.310547
0.0545448 -0.306641
0.0544678 -0.294922
0.0545571 -0.291016
0.0547529 -0.287109
0.0545571 -0.291016
0.0547529 -0.287109
0.0550864 -0.283203
0.0395761 -0.267578
0.0412647 -0.279297
0.0408881 -0.275391
0.0401991 -0.271484
0.0395761 -0.267578
0.0393927 -0.263672
0.0395659 -0.259766
0.0397392 -0.255859
0.0394564 -0.251953
0.0555719 -0.279297
0.0561733 -0.275391
0.056818 -0.271484
0.0574075 -0.267578
0.0578824 -0.263672
0.0582086 -0.259766
0.0583805 -0.255859
0.0584111 -0.251953
0.0666853 -0.373047
0.0638677 -0.369141
0.0666853 -0.373047
0.0616726 -0.365234
0.154297 -0.452016
0.149652 -0.447266
0.148694 -0.443359
0.148436 -0.439453
0.153208 -0.451172
0.149652 -0.447266
0.154297 -0.452016
0.148694 -0.443359
0.148436 -0.439453
0.158203 -0.454133
0.162109 -0.455984
0.169922 -0.460247
0.166016 -0.457885
0.166016 -0.457885
0.169922 -0.460247
0.173828 -0.463164
0.177734 -0.465608
0.177734 -0.465608
0.181641 -0.467055
0.185547 -0.467432
0.137258 -0.406649
0.148287 -0.435547
0.148138 -0.431641
0.148095 -0.427734
0.148237 -0.423828
0.148501 -0.419922
0.148501 -0.419922
0.148872 -0.416016
0.149344 -0.412109
0.1499 -0.408203
0.127945 -0.400008
0.130804 -0.400489
0.127773 -0.397067
0.130859 -0.396585
0.133928 -0.402624
0.135912 -0.400644
0.136934 -0.402598
0.136721 -0.398477
0.134206 -0.397486
0.136722 -0.398433
0.150556 -0.404297
0.151342 -0.400391
0.152292 -0.396484
0.152292 -0.396484
0.153343 -0.392578
0.154605 -0.388672
0.156603 -0.384766
0.156603 -0.384766
0.160165 -0.380859
0.162109 -0.379196
0.162109 -0.379196
0.166016 -0.376605
0.169922 -0.374572
0.189453 -0.466936
0.193359 -0.465884
0.197266 -0.464672
0.197266 -0.464672
0.201172 -0.463475
0.201172 -0.463475
0.205078 -0.462147
0.208984 -0.460459
0.208984 -0.460459
0.212891 -0.458431
0.216797 -0.455868
0.216797 -0.455868
0.242188 -0.480469
0.220703 -0.452612
0.220703 -0.452612
0.222214 -0.451172
0.226077 -0.447266
0.226077 -0.447266
0.229702 -0.443359
0.229702 -0.443359
0.232966 -0.439453
0.232966 -0.439453
0.235729 -0.435547
0.238028 -0.431641
0.238028 -0.431641
0.239995 -0.427734
0.241897 -0.423828
0.241897 -0.423828
0.243989 -0.419922
0.246463 -0.416016
0.246463 -0.416016
0.249705 -0.412109
0.169922 -0.374572
0.173828 -0.372688
0.177734 -0.370887
0.177734 -0.370887
0.181641 -0.36906
0.185547 -0.367189
0.185547 -0.367189
0.189453 -0.365328
0.193359 -0.363573
0.193359 -0.363573
0.197266 -0.36191
0.201172 -0.360346
0.205078 -0.358983
0.205078 -0.358983
0.208984 -0.357631
0.212891 -0.356369
0.216797 -0.355402
0.216797 -0.355402
0.220703 -0.354686
0.224609 -0.35411
0.228516 -0.353647
0.232422 -0.353268
0.236328 -0.352934
0.240234 -0.352619
0.244141 -0.352324
0.248047 -0.352128
0.226562 -0.328125
0.226562 -0.324219
0.230469 -0.328125
0.226562 -0.320312
0.226562 -0.3125
0.230469 -0.320312
0.232422 -0.314453
0.234375 -0.332031
0.242188 -0.332031
0.246094 -0.335938
0.246094 -0.332031
0.238281 -0.328125
0.238281 -0.324219
0.238281 -0.324219
0.242188 -0.324219
0.246094 -0.328125
0.242188 -0.316406
0.246094 -0.320312
0.246094 -0.316406
0.226562 -0.3125
0.222656 -0.308594
0.226562 -0.3125
0.226562 -0.308594
0.230469 -0.308594
0.230469 -0.304688
0.230469 -0.292969
0.230469 -0.289062
0.232422 -0.283203
0.234375 -0.308594
0.238281 -0.3125
0.234375 -0.304688
0.234375 -0.300781
0.238281 -0.304688
0.242188 -0.3125
0.242188 -0.308594
0.234375 -0.296875
0.234375 -0.292969
0.238281 -0.292969
0.242188 -0.296875
0.00195312 -0.228596
0.00585938 -0.22996
0.00585938 -0.22996
0.00976562 -0.231218
0.0136719 -0.232419
0.0214844 -0.235068
0.0253906 -0.236612
0.0292969 -0.238408
0.0292969 -0.238408
0.0175781 -0.233656
0.0214844 -0.235068
0.0362845 -0.244141
0.0383629 -0.248047
0.0362845 -0.244141
0.0332031 -0.24101
0.0383629 -0.248047
0.0583326 -0.248047
0.0581918 -0.244141
0.0580382 -0.240234
0.05791 -0.236328
0.0578279 -0.232422
0.0578019 -0.228516
0.0578372 -0.224609
0.0579346 -0.220703
0.0580974 -0.216797
0.058328 -0.212891
0.058328 -0.212891
0.0586268 -0.208984
0.0586268 -0.208984
0.0589891 -0.205078
0.0594106 -0.201172
0.0598831 -0.197266
0.060396 -0.193359
0.060942 -0.189453
0.0614948 -0.185547
0.0620294 -0.181641
0.0625248 -0.177734
0.0624536 -0.138672
0.0616908 -0.134766
0.0607343 -0.130859
0.0595895 -0.126953
0.0625248 -0.177734
0.0629628 -0.173828
0.0633438 -0.169922
0.0636629 -0.166016
0.0638984 -0.162109
0.0640229 -0.158203
0.0640115 -0.154297
0.0638481 -0.150391
0.0635262 -0.146484
0.0630565 -0.142578
0.0624536 -0.138672
0.0313333 -0.0800781
0.0296034 -0.0761719
0.0285374 -0.0722656
0.0285967 -0.0683594
0.0299912 -0.0644531
0.0482586 -0.103516
0.0426071 -0.0957031
0.045545 -0.0996094
0.0426071 -0.0957031
0.0549785 -0.115234
0.0529889 -0.111328
0.0582801 -0.123047
0.0567429 -0.119141
0.0582801 -0.123047
0.0549785 -0.115234
0.0507352 -0.107422
0.0482586 -0.103516
0.0507352 -0.107422
0.045545 -0.0996094
0.0366151 -0.0878906
0.0395877 -0.0917969
0.0366151 -0.0878906
0.0338098 -0.0839844
0.0313333 -0.0800781
0.0395877 -0.0917969
0.0299912 -0.0644531
0.032724 -0.0605469
0.032724 -0.0605469
0.0362308 -0.0566406
0.0371094 -0.0558063
0.0371094 -0.0558063
0.0410156 -0.0523836
0.0410156 -0.0523836
0.0449219 -0.0492737
0.0449219 -0.0492737
0.0488281 -0.0463678
0.0488281 -0.0463678
0.0527344 -0.0436075
0.0527344 -0.0436075
0.0566406 -0.040923
0.0605469 -0.038252
0.0605469 -0.038252
0.0644531 -0.0356039
0.0644531 -0.0356039
0.0664062 -0.0351562
0.0683594 -0.0329074
0.0722656 -0.0301039
0.0722656 -0.0301039
0.0761719 -0.0273541
0.0761719 -0.0273541
0.0800781 -0.0246432
0.0839844 -0.0218384
0.0800781 -0.0246432
0.0839844 -0.0218384
0.0878906 -0.0189944
0.0878906 -0.0189944
0.0917969 -0.0159782
0.0917969 -0.0159782
0.0957031 -0.0126833
0.0957031 -0.0126833
0.0996094 -0.00915237
0.0996094 -0.00915237
0.101563 -0.0078125
0.103516 -0.0054062
0.106747 -0.00195312
0.106747 -0.00195312
0.25 -0.46875
0.269589 -0.445254
0.249705 -0.412109
0.251953 -0.409857
0.255859 -0.40627
0.255859 -0.40627
0.259766 -0.40265
0.26194 -0.400391
0.26194 -0.400391
0.264756 -0.396484
0.264756 -0.396484
0.266621 -0.392578
0.267636 -0.388672
0.267969 -0.384766
0.268004 -0.380859
0.26807 -0.376953
0.251953 -0.352174
0.255859 -0.352624
0.259766 -0.353743
0.263672 -0.355989
0.263672 -0.355989
0.261719 -0.347656
0.268255 -0.373047
0.268466 -0.369141
0.268343 -0.365234
0.267462 -0.361328
0.265237 -0.357422
0.265625 -0.351562
0.265625 -0.347656
0.273438 -0.351562
0.25 -0.339844
0.253906 -0.34375
0.25 -0.335938
0.25 -0.332031
0.253906 -0.335938
0.253906 -0.332031
0.257812 -0.34375
0.261719 -0.339844
0.257812 -0.335938
0.257812 -0.332031
0.261719 -0.332031
0.25 -0.328125
0.25 -0.324219
0.255859 -0.326172
0.253906 -0.324219
0.251953 -0.318359
0.253906 -0.316406
0.261719 -0.328125
0.265625 -0.34375
0.265625 -0.339844
0.269531 -0.339844
0.269531 -0.335938
0.269531 -0.332031
0.273438 -0.335938
0.277344 -0.335938
0.265625 -0.328125
0.267578 -0.314453
0.279297 -0.314453
0.253906 -0.3125
0.253906 -0.308594
0.25 -0.304688
0.25 -0.300781
0.253906 -0.304688
0.257812 -0.308594
0.261719 -0.308594
0.257812 -0.304688
0.261719 -0.304688
0.25 -0.296875
0.255859 -0.294922
0.255859 -0.291016
0.255859 -0.283203
0.257812 -0.292969
0.261719 -0.296875
0.257812 -0.289062
0.257812 -0.285156
0.263672 -0.283203
0.265625 -0.308594
0.269531 -0.308594
0.265625 -0.304688
0.269531 -0.304688
0.277344 -0.308594
0.277344 -0.3125
0.273438 -0.304688
0.273438 -0.300781
0.279297 -0.298828
0.265625 -0.296875
0.265625 -0.292969
0.269531 -0.296875
0.265625 -0.289062
0.269531 -0.285156
0.273438 -0.296875
0.273438 -0.292969
0.259766 -0.275391
0.28125 -0.3125
0.28125 -0.308594
0.28125 -0.304688
0.287109 -0.291016
0.283203 -0.283203
0.283203 -0.271484
0.287109 -0.255859
0.314453 -0.259766
0.484375 -0.488281
0.500402 -0.353516
0.499241 -0.349609
0.498589 -0.345703
0.498506 -0.341797
0.498924 -0.337891
0.49974 -0.333984
0.310547 -0.244141
0.292673 -0.00195312
0.296008 -0.00585938
0.292673 -0.00195312
0.306641 -0.0146323
0.310547 -0.0168166
0.298828 -0.00874455
0.302734 -0.0120084
0.302734 -0.0120084
0.296008 -0.00585938
0.306641 -0.0146323
0.314453 -0.0186708
0.318359 -0.0199289
0.318359 -0.0199289
0.322266 -0.0205256
0.326172 -0.0203882
0.330078 -0.019619
0.330078 -0.019619
0.333984 -0.0185446
0.337891 -0.0173593
0.341797 -0.0162877
0.345703 -0.0153247
0.345703 -0.0153247
0.349609 -0.0143119
0.353516 -0.0131386
0.357422 -0.0118214
0.357422 -0.0118214
0.361328 -0.0103485
0.365234 -0.00870285
0.369141 -0.00688731
0.369141 -0.00688731
0.373047 -0.00484296
0.373047 -0.00484296
0.398438 -0.210938
0.455078 -0.208984
0.479262 -0.235468
0.481462 -0.235342
0.479419 -0.233297
0.481581 -0.233145
0.482422 -0.202965
0.47257 -0.19931
0.472292 -0.197266
0.474609 -0.199723
0.472292 -0.197266
0.470144 -0.193359
0.46911 -0.189453
0.478516 -0.201996
0.482422 -0.202965
0.486328 -0.202745
0.486328 -0.202745
0.490234 -0.201029
0.492376 -0.199421
0.493727 -0.197266
0.495251 -0.193359
0.495639 -0.189453
0.44814 -0.172183
0.449482 -0.17216
0.448376 -0.171141
0.449514 -0.170913
0.468734 -0.185547
0.468941 -0.181641
0.470296 -0.177734
0.468734 -0.185547
0.468941 -0.181641
0.470296 -0.177734
0.472323 -0.175507
0.474609 -0.17418
0.478516 -0.172803
0.482422 -0.17269
0.486328 -0.173706
0.491732 -0.177734
0.490234 -0.175964
0.495211 -0.185547
0.493949 -0.181641
0.491732 -0.177734
0.376953 -0.00246098
0.380859 0.000377818
0.445312 -0.0820312
0.447266 -0.0761719
0.453125 -0.0898438
0.453125 -0.0820312
0.462891 -0.0761719
0.480469 -0.0976563
0.480469 -0.0976562
0.484178 -0.0979006
0.484304 -0.0968446
0.487631 -0.0980552
0.487477 -0.0957031
0.48953 -0.0979594
0.490083 -0.0957031
0.470703 -0.0761719
0.487964 -0.0935778
0.488961 -0.0936172
0.496976 -0.0644531
0.499686 -0.0683594
0.496976 -0.0644531
0.462891 -0.0214844
0.483691 -0.0488281
0.48115 -0.0449219
0.479882 -0.0410156
0.48115 -0.0449219
0.47923 -0.0371094
0.478735 -0.0332031
0.492401 -0.0566406
0.486328 -0.051229
0.486328 -0.051229
0.490234 -0.0542258
0.494881 -0.0605469
0.492401 -0.0566406
0.478434 -0.0292969
0.478598 -0.0253906
0.479269 -0.0214844
0.48026 -0.0175781
0.48026 -0.0175781
0.48172 -0.0136719
0.48172 -0.0136719
0.483035 -0.00976562
0.484629 -0.00585938
0.484629 -0.00585938
0.486328 -0.00399992
0.490234 -0.00151072
0.494141 -0.000525102
0.498047 -0.000371522
0.0556515 0.0410156
0.0579398 0.0384944
0.0605469 0.0367626
0.0556515 0.0410156
0.0560502 0.0449219
0.0575818 0.0481391
0.0605469 0.050665
0.0605469 0.050665
0.0455355 0.0649872
0.0454548 0.0675346
0.048046 0.0649229
0.048059 0.067531
0.0644531 0.0367207
0.0674304 0.0382093
0.0696048 0.0410156
0.0699739 0.0449219
0.0696048 0.0410156
0.0699739 0.0449219
0.0644531 0.0512608
0.0644531 0.0512608
0.0680777 0.048758
0.066452 0.0508131
0.109978 0.00195312
0.109978 0.00195312
0.112845 0.00585938
0.112845 0.00585938
0.115456 0.00976562
0.117811 0.0136719
0.117811 0.0136719
0.119917 0.0175781
0.121812 0.0214844
0.121812 0.0214844
0.123479 0.0253906
0.12498 0.0292969
0.0820305 0.146484
0.0822083 0.146484
0.122763 0.138672
0.124819 0.134766
0.122763 0.138672
0.121005 0.142578
0.119954 0.146484
0.121005 0.142578
0.119721 0.150391
0.120668 0.154297
0.120668 0.154297
0.123051 0.158203
0.126371 0.162109
0.12498 0.0292969
0.126311 0.0332031
0.127508 0.0371094
0.128616 0.0410156
0.128616 0.0410156
0.129607 0.0449219
0.130454 0.0488281
0.131211 0.0527344
0.131866 0.0566406
0.132465 0.0605469
0.133019 0.0644531
0.133019 0.0644531
0.133498 0.0683594
0.13391 0.0722656
0.134262 0.0761719
0.134554 0.0800781
0.134789 0.0839844
0.134964 0.0878906
0.135054 0.0917969
0.13507 0.0957031
0.134981 0.0996094
0.134764 0.103516
0.134395 0.107422
0.133 0.115234
0.131938 0.119141
0.130586 0.123047
0.133825 0.111328
0.133 0.115234
0.251095 0.0566406
0.248993 0.0605469
0.24587 0.0683594
0.247308 0.0644531
0.24587 0.0683594
0.244669 0.0722656
0.243725 0.0761719
0.242289 0.0839844
0.241716 0.0878906
0.241214 0.0917969
0.24295 0.0800781
0.242289 0.0839844
0.240777 0.0957031
0.240382 0.0996094
0.240041 0.103516
0.239763 0.107422
0.239535 0.111328
0.239322 0.115234
0.239065 0.119141
0.238716 0.123047
0.128888 0.126953
0.126959 0.130859
0.128888 0.126953
0.124819 0.134766
0.136719 0.125
0.126371 0.162109
0.129822 0.166016
0.129822 0.166016
0.133274 0.169922
0.132812 0.167969
0.133274 0.169922
0.137011 0.173828
0.138672 0.175381
0.138672 0.175381
0.142578 0.178323
0.146484 0.18038
0.146484 0.18038
0.150391 0.181703
0.154297 0.182547
0.158203 0.183112
0.162109 0.183482
0.162109 0.183482
0.166016 0.183687
0.169922 0.183743
0.169922 0.183743
0.173828 0.18366
0.173828 0.18366
0.177734 0.18344
0.181641 0.183079
0.185547 0.182562
0.160101 0.21054
0.162109 0.20833
0.160016 0.211163
0.162109 0.211749
0.164137 0.211058
0.189453 0.181876
0.193359 0.181011
0.197266 0.179944
0.201172 0.178643
0.197266 0.179944
0.212891 0.172165
0.219106 0.166016
0.21548 0.169922
0.205078 0.17702
0.208984 0.174909
0.208984 0.174909
0.212891 0.172165
0.235409 0.138672
0.227543 0.154297
0.232049 0.146484
0.233884 0.142578
0.232049 0.146484
0.229909 0.150391
0.227543 0.154297
0.229909 0.150391
0.23822 0.126953
0.237532 0.130859
0.23822 0.126953
0.236618 0.134766
0.235409 0.138672
0.233884 0.142578
0.22218 0.162109
0.224967 0.158203
0.22218 0.162109
0.219106 0.166016
0.00276907 0.310699
0.00585938 0.310083
0.00880059 0.311944
0.0175781 0.311643
0.0210839 0.308523
0.0218923 0.309428
0.0241078 0.311038
0.00546633 0.314453
0.00546633 0.314453
0.00819299 0.318359
0.00383997 0.327608
0.00778036 0.322266
0.00720972 0.326172
0.011083 0.312767
0.00819299 0.318359
0.0136719 0.314644
0.010909 0.322046
0.00950793 0.326981
0.0136719 0.326083
0.0136719 0.326083
0.00390625 0.328125
0.00706119 0.328694
0.0109771 0.328438
0.014915 0.331035
0.0136011 0.333984
0.0151082 0.336109
0.0175781 0.319665
0.0231706 0.314453
0.0222818 0.318359
0.0175781 0.319665
0.0231706 0.314453
0.0222818 0.318359
0.0175781 0.329628
0.0175781 0.334041
0.0191465 0.490751
0.0214844 0.486711
0.0196183 0.488436
0.0194841 0.49266
0.0197859 0.494141
0.0200341 0.498047
0.0253906 0.486899
0.0266256 0.489646
0.0274263 0.48814
0.0275625 0.491345
0.0268534 0.494141
0.0272399 0.498047
0.0273523 0.495878
0.0273654 0.499567
0.281425 0.0136719
0.270154 0.0292969
0.273045 0.0253906
0.270154 0.0292969
0.278674 0.0175781
0.275885 0.0214844
0.278674 0.0175781
0.273045 0.0253906
0.25856 0.0449219
0.264259 0.0371094
0.261358 0.0410156
0.25856 0.0449219
0.261358 0.0410156
0.253299 0.0527344
0.255854 0.0488281
0.253299 0.0527344
0.251095 0.0566406
0.248993 0.0605469
0.267219 0.0332031
0.264259 0.0371094
0.289684 0.00195312
0.286882 0.00585938
0.284151 0.00976562
0.281425 0.0136719
0.284151 0.00976562
0.289684 0.00195312
0.36686 0.0155472
0.362703 0.0185024
0.362746 0.021354
0.36497 0.0166118
0.363315 0.0233957
0.363145 0.0236051
0.365234 0.0244912
0.369221 0.017446
0.370272 0.0217795
0.368162 0.0240157
0.374613 0.0296209
0.37469 0.0318333
0.380859 0.000377818
0.384766 0.00391756
0.386512 0.00585938
0.386512 0.00585938
0.389197 0.00976562
0.391115 0.0136719
0.37689 0.0282102
0.379986 0.0292969
0.391115 0.0136719
0.392416 0.0175781
0.393342 0.0214844
0.394062 0.0253906
0.394661 0.0292969
0.394661 0.0292969
0.376953 0.0332049
0.379962 0.0326585
0.395257 0.0332031
0.395918 0.0371094
0.396733 0.0410156
0.397709 0.0449219
0.398895 0.0488281
0.398895 0.0488281
0.400334 0.0527344
0.40205 0.0566406
0.40205 0.0566406
0.404099 0.0605469
0.406528 0.0644531
0.406528 0.0644531
0.409409 0.0683594
0.409409 0.0683594
0.412813 0.0722656
0.416016 0.0754491
0.416016 0.0754491
0.419922 0.0788569
0.419922 0.0788569
0.423828 0.0818613
0.423828 0.0818613
0.427734 0.084588
0.427734 0.084588
0.431641 0.0871176
0.431641 0.0871176
0.435547 0.0894875
0.435547 0.0894875
0.439453 0.0917929
0.443359 0.0941011
0.443359 0.0941011
0.447266 0.0964525
0.447266 0.0964525
0.451172 0.0988903
0.451172 0.0988903
0.455078 0.101423
0.455078 0.101423
0.458984 0.104138
0.458984 0.104138
0.462891 0.10707
0.466797 0.110215
0.466797 0.110215
0.470703 0.113578
0.470703 0.113578
0.474609 0.117142
0.474609 0.117142
0.478516 0.120865
0.478516 0.120865
0.482422 0.124654
0.482422 0.124654
0.486328 0.128453
0.486328 0.128453
0.488774 0.130859
0.492315 0.134766
0.492315 0.134766
0.495081 0.138672
0.495081 0.138672
0.497138 0.142578
0.498222 0.146484
0.498696 0.150391
0.498656 0.154297
0.498267 0.158203
0.497674 0.162109
0.496364 0.169922
0.497016 0.166016
0.496364 0.169922
0.495749 0.173828
0.495146 0.177734
0.494627 0.181641
0.494185 0.185547
0.493809 0.189453
0.493484 0.193359
0.493193 0.197266
0.492918 0.201172
0.492001 0.212891
0.491561 0.216797
0.492642 0.205078
0.492343 0.208984
0.491001 0.220703
0.49032 0.224609
0.489551 0.228516
0.488754 0.232422
0.487978 0.236328
0.487145 0.240234
0.487978 0.236328
0.486259 0.244141
0.485394 0.248047
0.253095 0.354657
0.435547 0.375
0.484626 0.251953
0.483982 0.255859
0.483401 0.259766
0.482868 0.263672
0.482376 0.267578
0.48193 0.271484
0.481537 0.275391
0.4812 0.279297
0.484626 0.251953
0.48091 0.283203
0.480648 0.287109
0.480396 0.291016
0.480137 0.294922
0.480396 0.291016
0.479887 0.298828
0.479661 0.302734
0.479465 0.306641
0.479298 0.310547
0.47916 0.314453
0.479057 0.318359
0.478998 0.322266
0.478992 0.326172
0.479045 0.330078
0.479157 0.333984
0.479324 0.337891
0.47954 0.341797
0.479798 0.345703
0.480088 0.349609
0.480403 0.353516
0.480403 0.353516
0.480732 0.357422
0.476562 0.367187
0.481062 0.361328
0.481389 0.365234
0.481709 0.369141
0.481709 0.369141
0.48202 0.373047
0.50005 0.361328
0.499961 0.365234
0.499934 0.369141
0.499959 0.373047
0.429688 0.376953
0.433594 0.376953
0.433594 0.376953
0.425239 0.498893
0.427734 0.498691
0.430239 0.498883
0.457031 0.40625
0.460937 0.421875
0.458984 0.421875
0.476562 0.390625
0.482327 0.376953
0.482636 0.380859
0.482951 0.384766
0.48328 0.388672
0.483629 0.392578
0.484003 0.396484
0.484413 0.400391
0.50003 0.376953
0.484413 0.400391
0.484851 0.404297
0.485314 0.408203
0.485799 0.412109
0.486296 0.416016
0.486802 0.419922
0.487305 0.423828
0.487798 0.427734
0.488278 0.431641
0.488278 0.431641
0.488745 0.435547
0.489199 0.439453
0.489638 0.443359
0.490053 0.447266
0.490439 0.451172
0.490787 0.455078
0.491091 0.458984
0.491348 0.462891
0.491563 0.466797
0.491744 0.470703
0.4919 0.474609
0.492038 0.478516
0.492162 0.482422
0.492162 0.482422
0.492272 0.486328
0.492361 0.490234
0.492424 0.494141
0.492453 0.498047
