-0.437828 -0.388672
-0.438734 -0.384766
-0.439556 -0.380859
-0.440307 -0.376953
-0.414879 -0.439453
-0.408565 -0.447266
-0.404985 -0.451172
-0.408565 -0.447266
-0.411848 -0.443359
-0.414879 -0.439453
-0.384766 -0.467778
-0.380859 -0.470171
-0.376953 -0.472324
-0.376953 -0.472324
-0.404297 -0.451881
-0.400391 -0.455694
-0.400391 -0.455694
-0.392578 -0.462297
-0.396484 -0.459143
-0.392578 -0.462297
-0.404985 -0.451172
-0.402344 -0.453125
-0.388672 -0.465161
-0.388672 -0.465161
-0.384766 -0.467778
-0.380859 -0.470171
-0.4247 -0.423828
-0.422536 -0.427734
-0.4247 -0.423828
-0.430234 -0.412109
-0.431782 -0.408203
-0.426684 -0.419922
-0.428542 -0.416016
-0.426684 -0.419922
-0.430234 -0.412109
-0.417667 -0.435547
-0.420207 -0.431641
-0.417667 -0.435547
-0.422536 -0.427734
-0.433235 -0.404297
-0.434504 -0.400391
-0.433235 -0.404297
-0.435683 -0.396484
-0.436807 -0.392578
-0.437828 -0.388672
-0.44162 -0.369141
-0.440998 -0.373047
-0.44162 -0.369141
-0.442173 -0.365234
-0.442675 -0.361328
-0.443125 -0.357422
-0.443521 -0.353516
-0.443866 -0.349609
-0.444167 -0.345703
-0.444429 -0.341797
-0.444658 -0.337891
-0.444857 -0.333984
-0.445025 -0.330078
-0.445269 -0.322266
-0.44535 -0.318359
-0.445409 -0.314453
-0.445162 -0.326172
-0.445269 -0.322266
-0.44535 -0.318359
-0.445409 -0.314453
-0.445449 -0.310547
-0.445472 -0.306641
-0.445478 -0.302734
-0.445468 -0.298828
-0.445468 -0.298828
-0.445441 -0.294922
-0.445401 -0.291016
-0.445349 -0.287109
-0.445288 -0.283203
-0.445349 -0.287109
-0.445288 -0.283203
-0.445217 -0.279297
-0.445136 -0.275391
-0.445046 -0.271484
-0.444948 -0.267578
-0.444842 -0.263672
-0.444731 -0.259766
-0.444615 -0.255859
-0.444495 -0.251953
-0.369141 -0.476041
-0.373047 -0.474284
-0.369141 -0.476041
-0.365234 -0.477634
-0.361328 -0.479049
-0.357422 -0.48029
-0.357422 -0.48029
-0.353516 -0.481394
-0.349609 -0.482352
-0.345703 -0.483171
-0.337891 -0.484431
-0.333984 -0.484893
-0.330078 -0.485253
-0.341797 -0.483859
-0.337891 -0.484431
-0.326172 -0.485518
-0.322266 -0.485698
-0.318359 -0.485803
-0.314453 -0.485841
-0.310547 -0.485822
-0.306641 -0.485753
-0.302734 -0.485643
-0.298828 -0.485499
-0.294922 -0.485327
-0.291016 -0.485133
-0.287109 -0.484923
-0.283203 -0.484702
-0.279297 -0.484473
-0.275391 -0.48424
-0.279297 -0.484473
-0.275391 -0.48424
-0.271484 -0.484006
-0.267578 -0.483774
-0.263672 -0.483547
-0.259766 -0.483328
-0.255859 -0.48312
-0.251953 -0.482923
-0.444371 -0.248047
-0.444243 -0.244141
-0.444113 -0.240234
-0.44398 -0.236328
-0.443846 -0.232422
-0.443713 -0.228516
-0.443578 -0.224609
-0.443445 -0.220703
-0.443313 -0.216797
-0.44318 -0.212891
-0.44305 -0.208984
-0.442922 -0.205078
-0.442797 -0.201172
-0.442674 -0.197266
-0.442555 -0.193359
-0.442438 -0.189453
-0.442324 -0.185547
-0.442213 -0.181641
-0.442105 -0.177734
-0.442001 -0.173828
-0.4419 -0.169922
-0.441802 -0.166016
-0.441708 -0.162109
-0.441618 -0.158203
-0.441708 -0.162109
-0.441533 -0.154297
-0.44145 -0.150391
-0.441533 -0.154297
-0.441374 -0.146484
-0.441374 -0.146484
-0.441303 -0.142578
-0.441238 -0.138672
-0.441179 -0.134766
-0.441127 -0.130859
-0.441082 -0.126953
-0.441044 -0.123047
-0.441012 -0.119141
-0.440988 -0.115234
-0.440972 -0.111328
-0.440963 -0.107422
-0.440962 -0.103516
-0.440969 -0.0996094
-0.440984 -0.0957031
-0.441007 -0.0917969
-0.441038 -0.0878906
-0.441077 -0.0839844
-0.441124 -0.0800781
-0.44118 -0.0761719
-0.441243 -0.0722656
-0.441392 -0.0644531
-0.441313 -0.0683594
-0.441392 -0.0644531
-0.441477 -0.0605469
-0.441567 -0.0566406
-0.441666 -0.0527344
-0.441769 -0.0488281
-0.441877 -0.0449219
-0.441989 -0.0410156
-0.442102 -0.0371094
-0.442218 -0.0332031
-0.442332 -0.0292969
-0.442445 -0.0253906
-0.442555 -0.0214844
-0.44266 -0.0175781
-0.442757 -0.0136719
-0.442846 -0.00976562
-0.442924 -0.00585938
-0.442989 -0.00195312
-0.250313 -0.115234
-0.25244 -0.111328
-0.260896 -0.0957031
-0.25883 -0.0996094
-0.260896 -0.0957031
-0.254587 -0.107422
-0.256731 -0.103516
-0.254587 -0.107422
-0.25883 -0.0996094
-0.264674 -0.0878906
-0.266329 -0.0839844
-0.267705 -0.0800781
-0.268802 -0.0761719
-0.269729 -0.0722656
-0.268802 -0.0761719
-0.269729 -0.0722656
-0.270475 -0.0683594
-0.271084 -0.0644531
-0.262867 -0.0917969
-0.264674 -0.0878906
-0.266329 -0.0839844
-0.281238 -0.0214844
-0.282691 -0.0175781
-0.288759 -0.00195312
-0.284193 -0.0136719
-0.285697 -0.00976562
-0.284193 -0.0136719
-0.285697 -0.00976562
-0.287233 -0.00585938
-0.288759 -0.00195312
-0.273449 -0.0488281
-0.27163 -0.0605469
-0.272179 -0.0566406
-0.272773 -0.0527344
-0.273449 -0.0488281
-0.274243 -0.0449219
-0.275157 -0.0410156
-0.27732 -0.0332031
-0.276187 -0.0371094
-0.27732 -0.0332031
-0.278541 -0.0292969
-0.279853 -0.0253906
-0.281238 -0.0214844
-0.248047 -0.482741
-0.244141 -0.482574
-0.240234 -0.482423
-0.236328 -0.482289
-0.232422 -0.482172
-0.228516 -0.48207
-0.224609 -0.481984
-0.220703 -0.481914
-0.216797 -0.481858
-0.212891 -0.481818
-0.208984 -0.48179
-0.205078 -0.481777
-0.201172 -0.481775
-0.197266 -0.481786
-0.193359 -0.481808
-0.189453 -0.48184
-0.185547 -0.481883
-0.181641 -0.481934
-0.177734 -0.481992
-0.173828 -0.482058
-0.169922 -0.48213
-0.166016 -0.482207
-0.162109 -0.482291
-0.158203 -0.482378
-0.154297 -0.48247
-0.150391 -0.482564
-0.146484 -0.482662
-0.142578 -0.482761
-0.138672 -0.482862
-0.134766 -0.482965
-0.130859 -0.483067
-0.126953 -0.48317
-0.146484 -0.249975
-0.142578 -0.251476
-0.138672 -0.252622
-0.134766 -0.253516
-0.130859 -0.254285
-0.126953 -0.255063
-0.123047 -0.483272
-0.119141 -0.483374
-0.115234 -0.483474
-0.111328 -0.483573
-0.107422 -0.48367
-0.103516 -0.483765
-0.0996094 -0.483857
-0.0957031 -0.483946
-0.0917969 -0.484032
-0.0878906 -0.484115
-0.0839844 -0.484194
-0.0800781 -0.484271
-0.0761719 -0.484343
-0.0722656 -0.484413
-0.0683594 -0.484478
-0.0644531 -0.484541
-0.0761719 -0.484343
-0.0605469 -0.4846
-0.0566406 -0.484656
-0.0527344 -0.484709
-0.0488281 -0.484758
-0.0449219 -0.484803
-0.0410156 -0.484845
-0.0371094 -0.484882
-0.0332031 -0.484916
-0.0292969 -0.484947
-0.0253906 -0.484973
-0.0214844 -0.484996
-0.0175781 -0.485014
-0.0136719 -0.485029
-0.00976562 -0.485041
-0.00585938 -0.485048
-0.00195312 -0.485052
-0.123047 -0.255723
-0.119141 -0.256118
-0.115234 -0.25618
-0.111328 -0.256017
-0.107422 -0.255697
-0.103516 -0.255166
-0.0996094 -0.254076
-0.0996094 -0.254076
-0.0976562 -0.253906
-0.0957031 -0.251505
-0.186056 -0.220703
-0.21007 -0.189453
-0.202121 -0.201172
-0.204952 -0.197266
-0.207609 -0.193359
-0.21007 -0.189453
-0.207609 -0.193359
-0.199267 -0.205078
-0.196327 -0.208984
-0.199267 -0.205078
-0.189742 -0.216797
-0.193184 -0.212891
-0.189742 -0.216797
-0.193184 -0.212891
-0.196327 -0.208984
-0.202121 -0.201172
-0.219755 -0.173828
-0.22661 -0.162109
-0.228781 -0.158203
-0.222105 -0.169922
-0.224351 -0.166016
-0.222105 -0.169922
-0.22661 -0.162109
-0.234865 -0.146484
-0.236733 -0.142578
-0.242263 -0.130859
-0.244167 -0.126953
-0.238584 -0.138672
-0.240413 -0.134766
-0.238584 -0.138672
-0.242263 -0.130859
-0.230916 -0.154297
-0.232908 -0.150391
-0.230916 -0.154297
-0.234865 -0.146484
-0.215 -0.181641
-0.212539 -0.185547
-0.215 -0.181641
-0.217344 -0.177734
-0.219755 -0.173828
-0.212539 -0.185547
-0.181641 -0.22508
-0.185547 -0.221216
-0.186056 -0.220703
-0.181641 -0.22508
-0.177734 -0.228833
-0.177734 -0.228833
-0.173828 -0.232436
-0.169922 -0.235759
-0.166016 -0.238821
-0.166016 -0.238821
-0.162109 -0.2416
-0.158203 -0.244009
-0.162109 -0.2416
-0.169922 -0.235759
-0.154297 -0.246169
-0.154297 -0.246169
-0.150391 -0.248295
-0.146484 -0.249975
-0.24615 -0.123047
-0.248202 -0.119141
-0.24615 -0.123047
-0.250313 -0.115234
-0.0933151 -0.248047
-0.0933151 -0.248047
-0.0918329 -0.244141
-0.0909327 -0.240234
-0.0902366 -0.236328
-0.0894498 -0.232422
-0.0894498 -0.232422
-0.0885111 -0.228516
-0.0872707 -0.224609
-0.0857238 -0.220703
-0.0857238 -0.220703
-0.0838477 -0.216797
-0.0816554 -0.212891
-0.0816554 -0.212891
-0.0793355 -0.208984
-0.0793355 -0.208984
-0.0770311 -0.205078
-0.0751793 -0.201172
-0.0735908 -0.197266
-0.0751793 -0.201172
-0.0735908 -0.197266
-0.0725834 -0.193359
-0.0719299 -0.189453
-0.0715868 -0.185547
-0.0714628 -0.181641
-0.0714951 -0.177734
-0.07163 -0.173828
-0.0718249 -0.169922
-0.072055 -0.166016
-0.0723045 -0.162109
-0.072556 -0.158203
-0.0727998 -0.154297
-0.0730305 -0.150391
-0.0732448 -0.146484
-0.0734406 -0.142578
-0.0736169 -0.138672
-0.0737746 -0.134766
-0.0739147 -0.130859
-0.0740398 -0.126953
-0.0742624 -0.119141
-0.0741538 -0.123047
-0.0742624 -0.119141
-0.0743695 -0.115234
-0.0744635 -0.111328
-0.0745416 -0.107422
-0.0746068 -0.103516
-0.0746619 -0.0996094
-0.0747087 -0.0957031
-0.0747479 -0.0917969
-0.0747803 -0.0878906
-0.0748069 -0.0839844
-0.0748287 -0.0800781
-0.0748468 -0.0761719
-0.0748623 -0.0722656
-0.0748761 -0.0683594
-0.0748891 -0.0644531
-0.0749016 -0.0605469
-0.0749141 -0.0566406
-0.0749269 -0.0527344
-0.0749408 -0.0488281
-0.0749562 -0.0449219
-0.074974 -0.0410156
-0.0749945 -0.0371094
-0.0750183 -0.0332031
-0.0750453 -0.0292969
-0.0750752 -0.0253906
-0.0751079 -0.0214844
-0.0751431 -0.0175781
-0.0751806 -0.0136719
-0.0752198 -0.00976562
-0.0752603 -0.00585938
-0.0753014 -0.00195312
-0.443041 0.00195312
-0.443077 0.00585938
-0.443098 0.00976562
-0.443102 0.0136719
-0.443089 0.0175781
-0.443061 0.0214844
-0.443017 0.0253906
-0.442959 0.0292969
-0.44289 0.0332031
-0.442811 0.0371094
-0.442725 0.0410156
-0.442634 0.0449219
-0.442541 0.0488281
-0.442447 0.0527344
-0.442354 0.0566406
-0.442266 0.0605469
-0.442182 0.0644531
-0.442105 0.0683594
-0.442036 0.0722656
-0.441976 0.0761719
-0.441925 0.0800781
-0.441887 0.0839844
-0.441862 0.0878906
-0.441849 0.0917969
-0.441844 0.0957031
-0.441848 0.0996094
-0.441858 0.103516
-0.441875 0.107422
-0.441896 0.111328
-0.441918 0.115234
-0.44194 0.119141
-0.441959 0.123047
-0.441971 0.126953
-0.441972 0.130859
-0.441959 0.134766
-0.441926 0.138672
-0.441869 0.142578
-0.441781 0.146484
-0.44166 0.150391
-0.441496 0.154297
-0.44166 0.150391
-0.441496 0.154297
-0.44128 0.158203
-0.441024 0.162109
-0.440713 0.166016
-0.440335 0.169922
-0.439886 0.173828
-0.439344 0.177734
-0.438691 0.181641
-0.437931 0.185547
-0.437931 0.185547
-0.436948 0.189453
-0.435861 0.193359
-0.434558 0.197266
-0.432905 0.201172
-0.434558 0.197266
-0.432905 0.201172
-0.430964 0.205078
-0.428475 0.208984
-0.430964 0.205078
-0.428475 0.208984
-0.425441 0.212891
-0.425441 0.212891
-0.423828 0.214615
-0.419922 0.218162
-0.417969 0.21875
-0.419922 0.218162
-0.416016 0.220977
-0.412109 0.223239
-0.412109 0.223239
-0.408203 0.224981
-0.404297 0.226347
-0.400391 0.227431
-0.404297 0.226347
-0.400391 0.227431
-0.396484 0.228217
-0.392578 0.228801
-0.388672 0.229234
-0.384766 0.22957
-0.380859 0.229835
-0.376953 0.230077
-0.296657 0.0214844
-0.297542 0.0253906
-0.298282 0.0292969
-0.291716 0.00585938
-0.290271 0.00195312
-0.291716 0.00585938
-0.293113 0.00976562
-0.294431 0.0136719
-0.293113 0.00976562
-0.295617 0.0175781
-0.296657 0.0214844
-0.298906 0.0332031
-0.299418 0.0371094
-0.299831 0.0410156
-0.300162 0.0449219
-0.300424 0.0488281
-0.300622 0.0527344
-0.300764 0.0566406
-0.300857 0.0605469
-0.300764 0.0566406
-0.300905 0.0644531
-0.300909 0.0683594
-0.300871 0.0722656
-0.300794 0.0761719
-0.300871 0.0722656
-0.300794 0.0761719
-0.300686 0.0800781
-0.300553 0.0839844
-0.300403 0.0878906
-0.300242 0.0917969
-0.300074 0.0957031
-0.299901 0.0996094
-0.299732 0.103516
-0.29958 0.107422
-0.299458 0.111328
-0.299373 0.115234
-0.29933 0.119141
-0.299323 0.123047
-0.373047 0.230323
-0.369141 0.230581
-0.369141 0.230581
-0.365234 0.230866
-0.365234 0.230866
-0.361328 0.231173
-0.357422 0.231492
-0.353516 0.231812
-0.349609 0.232114
-0.345703 0.232374
-0.341797 0.232559
-0.337891 0.23262
-0.333984 0.232495
-0.330078 0.232104
-0.326172 0.23134
-0.326172 0.23134
-0.322266 0.229908
-0.322266 0.229908
-0.318359 0.22792
-0.311101 0.220703
-0.314453 0.22474
-0.318359 0.22792
-0.314453 0.22474
-0.299352 0.126953
-0.299413 0.130859
-0.2995 0.134766
-0.299608 0.138672
-0.299739 0.142578
-0.299887 0.146484
-0.300034 0.150391
-0.300178 0.154297
-0.300339 0.158203
-0.30054 0.162109
-0.300774 0.166016
-0.301013 0.169922
-0.300774 0.166016
-0.301013 0.169922
-0.301256 0.173828
-0.301513 0.177734
-0.301816 0.181641
-0.302181 0.185547
-0.304186 0.201172
-0.302594 0.189453
-0.303044 0.193359
-0.303555 0.197266
-0.304186 0.201172
-0.30502 0.205078
-0.306048 0.208984
-0.308865 0.216797
-0.307279 0.212891
-0.308865 0.216797
-0.30502 0.205078
-0.311101 0.220703
-0.314318 0.224609
-0.498047 0.486373
-0.494141 0.48637
-0.490234 0.486366
-0.486328 0.486359
-0.482422 0.486351
-0.478516 0.486341
-0.474609 0.486329
-0.470703 0.486316
-0.466797 0.486301
-0.462891 0.486284
-0.458984 0.486266
-0.455078 0.486247
-0.451172 0.486226
-0.447266 0.486204
-0.443359 0.486181
-0.439453 0.486156
-0.435547 0.48613
-0.431641 0.486103
-0.427734 0.486075
-0.423828 0.486045
-0.419922 0.486015
-0.416016 0.485984
-0.412109 0.485952
-0.408203 0.48592
-0.404297 0.485887
-0.400391 0.485854
-0.396484 0.485821
-0.392578 0.485789
-0.388672 0.485757
-0.384766 0.485726
-0.380859 0.485697
-0.376953 0.485668
-0.373047 0.485641
-0.369141 0.485615
-0.365234 0.485592
-0.361328 0.48557
-0.357422 0.485551
-0.353516 0.485536
-0.349609 0.485524
-0.345703 0.485516
-0.341797 0.485512
-0.337891 0.485512
-0.333984 0.485517
-0.330078 0.485528
-0.326172 0.485544
-0.322266 0.485565
-0.318359 0.485592
-0.314453 0.485626
-0.310547 0.485666
-0.306641 0.485715
-0.302734 0.485772
-0.298828 0.48584
-0.294922 0.48592
-0.291016 0.486013
-0.287109 0.48612
-0.283203 0.486239
-0.279297 0.48637
-0.275391 0.486511
-0.271484 0.486665
-0.267578 0.486831
-0.263672 0.48701
-0.259766 0.487205
-0.255859 0.487417
-0.251953 0.487647
-0.0753428 0.00195312
-0.075384 0.00585938
-0.0754246 0.00976562
-0.0754647 0.0136719
-0.0755043 0.0175781
-0.0755434 0.0214844
-0.0755819 0.0253906
-0.0756201 0.0292969
-0.0756584 0.0332031
-0.0756968 0.0371094
-0.0757353 0.0410156
-0.0757734 0.0449219
-0.0758109 0.0488281
-0.0758476 0.0527344
-0.0758839 0.0566406
-0.0759196 0.0605469
-0.075955 0.0644531
-0.0759908 0.0683594
-0.0760275 0.0722656
-0.0760653 0.0761719
-0.0761049 0.0800781
-0.0761464 0.0839844
-0.07619 0.0878906
-0.0762358 0.0917969
-0.0762838 0.0957031
-0.0763337 0.0996094
-0.0763855 0.103516
-0.0764391 0.107422
-0.0764943 0.111328
-0.076551 0.115234
-0.0766093 0.119141
-0.0766696 0.123047
-0.0767322 0.126953
-0.0767974 0.130859
-0.0768655 0.134766
-0.0769367 0.138672
-0.0770112 0.142578
-0.077089 0.146484
-0.0771698 0.150391
-0.0772531 0.154297
-0.077339 0.158203
-0.077427 0.162109
-0.077517 0.166016
-0.0776098 0.169922
-0.0777042 0.173828
-0.0778013 0.177734
-0.0779032 0.181641
-0.0780068 0.185547
-0.0781158 0.189453
-0.0782315 0.193359
-0.0783518 0.197266
-0.0784764 0.201172
-0.0786052 0.205078
-0.0787376 0.208984
-0.0788732 0.212891
-0.0790114 0.216797
-0.0781158 0.189453
-0.0791524 0.220703
-0.0792967 0.224609
-0.0794444 0.228516
-0.0795955 0.232422
-0.0797517 0.236328
-0.0799135 0.240234
-0.0800811 0.244141
-0.0802545 0.248047
-0.248047 0.487896
-0.244141 0.488164
-0.244141 0.488164
-0.240234 0.488452
-0.236328 0.48876
-0.232422 0.489087
-0.228516 0.489433
-0.224609 0.489795
-0.220703 0.490173
-0.216797 0.490562
-0.212891 0.490952
-0.208984 0.491335
-0.205078 0.491691
-0.201172 0.491998
-0.197266 0.492234
-0.197266 0.492234
-0.193359 0.492399
-0.189453 0.492475
-0.181641 0.492269
-0.185547 0.492435
-0.181641 0.492269
-0.177734 0.491958
-0.173828 0.491535
-0.169922 0.490999
-0.166016 0.49037
-0.162109 0.489653
-0.158203 0.488858
-0.142578 0.484539
-0.154297 0.487957
-0.154297 0.487957
-0.150391 0.486967
-0.146484 0.485833
-0.142578 0.484539
-0.138672 0.483049
-0.134766 0.481412
-0.126953 0.47748
-0.130859 0.47952
-0.130859 0.47952
-0.126953 0.47748
-0.0804337 0.251953
-0.0806181 0.255859
-0.0808071 0.259766
-0.0810006 0.263672
-0.0811983 0.267578
-0.0813991 0.271484
-0.0816026 0.275391
-0.0818094 0.279297
-0.0820179 0.283203
-0.0822391 0.287109
-0.0820179 0.283203
-0.0824672 0.291016
-0.0827022 0.294922
-0.082944 0.298828
-0.0831923 0.302734
-0.0834482 0.306641
-0.0837119 0.310547
-0.0839833 0.314453
-0.0842624 0.318359
-0.0845476 0.322266
-0.0848381 0.326172
-0.0860488 0.341797
-0.0851327 0.330078
-0.0854321 0.333984
-0.085735 0.337891
-0.0860488 0.341797
-0.0863792 0.345703
-0.0867218 0.349609
-0.0870764 0.353516
-0.0874436 0.357422
-0.0878251 0.361328
-0.0882205 0.365234
-0.088627 0.369141
-0.0890423 0.373047
-0.0934919 0.408203
-0.0941023 0.412109
-0.0947587 0.416016
-0.0954593 0.419922
-0.0962076 0.423828
-0.0970051 0.427734
-0.0978567 0.431641
-0.0987987 0.435547
-0.0978567 0.431641
-0.0898996 0.380859
-0.0894664 0.376953
-0.0898996 0.380859
-0.0903615 0.384766
-0.0908371 0.388672
-0.0913285 0.392578
-0.0918395 0.396484
-0.0923691 0.400391
-0.092919 0.404297
-0.0934919 0.408203
-0.113663 0.466797
-0.110548 0.462891
-0.113663 0.466797
-0.101025 0.443359
-0.102363 0.447266
-0.103897 0.451172
-0.0998458 0.439453
-0.101025 0.443359
-0.105787 0.455078
-0.107932 0.458984
-0.105787 0.455078
-0.110548 0.462891
-0.123047 0.474985
-0.119141 0.472085
-0.119141 0.472085
-0.115234 0.468535
0.00195312 -0.485053
0.00585938 -0.485049
0.00976562 -0.485042
0.0136719 -0.485032
0.0175781 -0.485017
0.0214844 -0.484999
0.0253906 -0.484977
0.0292969 -0.484952
0.0332031 -0.484923
0.0371094 -0.48489
0.0410156 -0.484853
0.0449219 -0.484813
0.0488281 -0.484769
0.0527344 -0.484721
0.0566406 -0.48467
0.0605469 -0.484615
0.0644531 -0.484557
0.0683594 -0.484495
0.0722656 -0.48443
0.0761719 -0.484362
0.0761719 -0.484362
0.0800781 -0.48429
0.0839844 -0.484214
0.0878906 -0.484135
0.0917969 -0.484053
0.0957031 -0.483967
0.0996094 -0.483878
0.103516 -0.483786
0.107422 -0.483692
0.111328 -0.483595
0.115234 -0.483496
0.119141 -0.483395
0.123047 -0.483293
0.097586 -0.253954
0.0959573 -0.251953
0.0996094 -0.254425
0.0996094 -0.254425
0.103516 -0.255496
0.107422 -0.256058
0.111328 -0.256434
0.115234 -0.256633
0.119141 -0.256593
0.123047 -0.256221
0.126953 -0.48319
0.130859 -0.483087
0.134766 -0.482983
0.138672 -0.482881
0.142578 -0.482779
0.146484 -0.482678
0.150391 -0.48258
0.154297 -0.482485
0.158203 -0.482392
0.162109 -0.482303
0.166016 -0.482219
0.169922 -0.48214
0.173828 -0.482068
0.177734 -0.482001
0.181641 -0.481941
0.185547 -0.481889
0.189453 -0.481846
0.193359 -0.481812
0.197266 -0.481788
0.201172 -0.481777
0.205078 -0.481777
0.208984 -0.481789
0.212891 -0.481815
0.216797 -0.481855
0.220703 -0.481909
0.224609 -0.481978
0.228516 -0.482062
0.232422 -0.482163
0.236328 -0.48228
0.240234 -0.482413
0.244141 -0.482562
0.248047 -0.482728
0.126953 -0.255519
0.130859 -0.254681
0.134766 -0.253788
0.134766 -0.253788
0.138672 -0.252817
0.142578 -0.251623
0.146484 -0.250014
0.0934337 -0.248047
0.0920597 -0.244141
0.0911923 -0.240234
0.0905147 -0.236328
0.0858924 -0.220703
0.0897269 -0.232422
0.0887566 -0.228516
0.0897269 -0.232422
0.0874862 -0.224609
0.0858924 -0.220703
0.0795044 -0.208984
0.0771709 -0.205078
0.0737809 -0.197266
0.0753621 -0.201172
0.0737809 -0.197266
0.0727601 -0.193359
0.0720926 -0.189453
0.0817887 -0.212891
0.0839865 -0.216797
0.0817887 -0.212891
0.0795044 -0.208984
0.0771709 -0.205078
0.0934337 -0.248047
0.0717387 -0.185547
0.0716094 -0.181641
0.071639 -0.177734
0.0717745 -0.173828
0.0719757 -0.169922
0.0722148 -0.166016
0.0724702 -0.162109
0.0727268 -0.158203
0.0729758 -0.154297
0.0732118 -0.150391
0.0734307 -0.146484
0.0736298 -0.142578
0.0738084 -0.138672
0.0739672 -0.134766
0.0741088 -0.130859
0.0742361 -0.126953
0.0742361 -0.126953
0.0743685 -0.123047
0.0744944 -0.119141
0.0746042 -0.115234
0.0746964 -0.111328
0.0747743 -0.107422
0.0748409 -0.103516
0.0748981 -0.0996094
0.0749466 -0.0957031
0.074987 -0.0917969
0.0750203 -0.0878906
0.0750475 -0.0839844
0.07507 -0.0800781
0.0750889 -0.0761719
0.0751053 -0.0722656
0.0751201 -0.0683594
0.0751338 -0.0644531
0.0751469 -0.0605469
0.0751597 -0.0566406
0.0751727 -0.0527344
0.0751861 -0.0488281
0.0752009 -0.0449219
0.0752176 -0.0410156
0.0752369 -0.0371094
0.0752595 -0.0332031
0.0752853 -0.0292969
0.0753142 -0.0253906
0.0753458 -0.0214844
0.0753799 -0.0175781
0.075416 -0.0136719
0.0754538 -0.00976562
0.0754928 -0.00585938
0.0755324 -0.00195312
0.146484 -0.250014
0.150391 -0.248217
0.154297 -0.24598
0.154297 -0.24598
0.158203 -0.243745
0.162109 -0.241383
0.162109 -0.241383
0.166016 -0.23863
0.166016 -0.23863
0.169922 -0.23561
0.169922 -0.23561
0.173828 -0.232319
0.177734 -0.228748
0.177734 -0.228748
0.181641 -0.225004
0.181641 -0.225004
0.185547 -0.221141
0.185978 -0.220703
0.185978 -0.220703
0.189672 -0.216797
0.193118 -0.212891
0.189672 -0.216797
0.193118 -0.212891
0.196262 -0.208984
0.196262 -0.208984
0.199196 -0.205078
0.199196 -0.205078
0.20204 -0.201172
0.20204 -0.201172
0.20489 -0.197266
0.207555 -0.193359
0.207555 -0.193359
0.210052 -0.189453
0.210052 -0.189453
0.212557 -0.185547
0.215067 -0.181641
0.215067 -0.181641
0.217449 -0.177734
0.219881 -0.173828
0.219881 -0.173828
0.222254 -0.169922
0.222254 -0.169922
0.224503 -0.166016
0.226753 -0.162109
0.226753 -0.162109
0.228889 -0.158203
0.230979 -0.154297
0.230979 -0.154297
0.232904 -0.150391
0.234794 -0.146484
0.234794 -0.146484
0.23659 -0.142578
0.238373 -0.138672
0.238373 -0.138672
0.24015 -0.134766
0.241964 -0.130859
0.241964 -0.130859
0.243856 -0.126953
0.245847 -0.123047
0.245847 -0.123047
0.247915 -0.119141
0.250066 -0.115234
0.251953 -0.48291
0.255859 -0.483106
0.259766 -0.483314
0.263672 -0.483533
0.279297 -0.484458
0.267578 -0.483759
0.271484 -0.483991
0.275391 -0.484225
0.279297 -0.484458
0.283203 -0.484687
0.287109 -0.484908
0.291016 -0.485119
0.294922 -0.485313
0.298828 -0.485486
0.302734 -0.485632
0.306641 -0.485744
0.310547 -0.485814
0.314453 -0.485835
0.318359 -0.485799
0.322266 -0.485696
0.326172 -0.485519
0.330078 -0.485256
0.333984 -0.484898
0.337891 -0.48444
0.337891 -0.48444
0.341797 -0.483871
0.345703 -0.483188
0.349609 -0.482373
0.353516 -0.481419
0.357422 -0.480319
0.357422 -0.480319
0.361328 -0.479083
0.365234 -0.477672
0.369141 -0.476083
0.369141 -0.476083
0.373047 -0.474332
0.376953 -0.472378
0.376953 -0.472378
0.380859 -0.470231
0.384766 -0.467846
0.384766 -0.467846
0.388672 -0.465241
0.388672 -0.465241
0.392578 -0.462381
0.392578 -0.462381
0.396484 -0.459239
0.400391 -0.455793
0.400391 -0.455793
0.404297 -0.451998
0.405099 -0.451172
0.405099 -0.451172
0.40868 -0.447266
0.40868 -0.447266
0.411959 -0.443359
0.414989 -0.439453
0.414989 -0.439453
0.417778 -0.435547
0.417778 -0.435547
0.420324 -0.431641
0.422654 -0.427734
0.422654 -0.427734
0.424818 -0.423828
0.424818 -0.423828
0.426797 -0.419922
0.42866 -0.416016
0.430349 -0.412109
0.430349 -0.412109
0.431904 -0.408203
0.433356 -0.404297
0.434622 -0.400391
0.433356 -0.404297
0.434622 -0.400391
0.435799 -0.396484
0.436924 -0.392578
0.437938 -0.388672
0.437938 -0.388672
0.438844 -0.384766
0.439667 -0.380859
0.440421 -0.376953
0.382812 -0.335938
0.441114 -0.373047
0.441731 -0.369141
0.441114 -0.373047
0.441731 -0.369141
0.442281 -0.365234
0.442779 -0.361328
0.443228 -0.357422
0.443626 -0.353516
0.443973 -0.349609
0.444274 -0.345703
0.444537 -0.341797
0.444765 -0.337891
0.444963 -0.333984
0.44513 -0.330078
0.445268 -0.326172
0.445375 -0.322266
0.445456 -0.318359
0.445268 -0.326172
0.445375 -0.322266
0.445456 -0.318359
0.445513 -0.314453
0.445552 -0.310547
0.445575 -0.306641
0.445583 -0.302734
0.445573 -0.298828
0.445548 -0.294922
0.445508 -0.291016
0.445455 -0.287109
0.445392 -0.283203
0.445321 -0.279297
0.445241 -0.275391
0.445152 -0.271484
0.445054 -0.267578
0.445321 -0.279297
0.44495 -0.263672
0.444841 -0.259766
0.444726 -0.255859
0.444608 -0.251953
0.250066 -0.115234
0.252236 -0.111328
0.254447 -0.107422
0.254447 -0.107422
0.256654 -0.103516
0.258816 -0.0996094
0.256654 -0.103516
0.258816 -0.0996094
0.260941 -0.0957031
0.260941 -0.0957031
0.262962 -0.0917969
0.264833 -0.0878906
0.264833 -0.0878906
0.266542 -0.0839844
0.267959 -0.0800781
0.269103 -0.0761719
0.269103 -0.0761719
0.270075 -0.0722656
0.270837 -0.0683594
0.271463 -0.0644531
0.272034 -0.0605469
0.272614 -0.0566406
0.273252 -0.0527344
0.273252 -0.0527344
0.273987 -0.0488281
0.27482 -0.0449219
0.275764 -0.0410156
0.27682 -0.0371094
0.277978 -0.0332031
0.279233 -0.0292969
0.280555 -0.0253906
0.281935 -0.0214844
0.281935 -0.0214844
0.283373 -0.0175781
0.284851 -0.0136719
0.284851 -0.0136719
0.286372 -0.00976562
0.287889 -0.00585938
0.289386 -0.00195312
0.287889 -0.00585938
0.289386 -0.00195312
0.318359 -0.0488281
0.444485 -0.248047
0.444358 -0.244141
0.444229 -0.240234
0.444097 -0.236328
0.443965 -0.232422
0.443832 -0.228516
0.4437 -0.224609
0.443567 -0.220703
0.443435 -0.216797
0.443305 -0.212891
0.443175 -0.208984
0.443048 -0.205078
0.442922 -0.201172
0.4428 -0.197266
0.44268 -0.193359
0.442563 -0.189453
0.442449 -0.185547
0.442338 -0.181641
0.442231 -0.177734
0.442128 -0.173828
0.442027 -0.169922
0.441929 -0.166016
0.441835 -0.162109
0.441745 -0.158203
0.44166 -0.154297
0.441579 -0.150391
0.441432 -0.142578
0.441503 -0.146484
0.441432 -0.142578
0.441368 -0.138672
0.441311 -0.134766
0.44126 -0.130859
0.441216 -0.126953
0.441178 -0.123047
0.441148 -0.119141
0.441125 -0.115234
0.441109 -0.111328
0.441102 -0.107422
0.441102 -0.103516
0.441109 -0.0996094
0.441125 -0.0957031
0.441148 -0.0917969
0.44118 -0.0878906
0.441219 -0.0839844
0.441266 -0.0800781
0.44132 -0.0761719
0.441383 -0.0722656
0.441383 -0.0722656
0.441453 -0.0683594
0.441528 -0.0644531
0.441453 -0.0683594
0.441528 -0.0644531
0.441611 -0.0605469
0.441701 -0.0566406
0.441795 -0.0527344
0.441895 -0.0488281
0.441999 -0.0449219
0.442105 -0.0410156
0.442214 -0.0371094
0.442324 -0.0332031
0.442433 -0.0292969
0.44254 -0.0253906
0.442643 -0.0214844
0.44274 -0.0175781
0.44283 -0.0136719
0.442911 -0.00976562
0.442982 -0.00585938
0.44304 -0.00195312
0.0755722 0.00195312
0.0756115 0.00585938
0.0756505 0.00976562
0.0756891 0.0136719
0.0757269 0.0175781
0.0757635 0.0214844
0.0757996 0.0253906
0.0758353 0.0292969
0.0758708 0.0332031
0.0759062 0.0371094
0.0759413 0.0410156
0.075976 0.0449219
0.0760105 0.0488281
0.0760446 0.0527344
0.0760783 0.0566406
0.076112 0.0605469
0.0761459 0.0644531
0.0761803 0.0683594
0.0762156 0.0722656
0.0762519 0.0761719
0.0762896 0.0800781
0.0763292 0.0839844
0.0763712 0.0878906
0.0764158 0.0917969
0.0764629 0.0957031
0.0765119 0.0996094
0.0765623 0.103516
0.076614 0.107422
0.0766669 0.111328
0.0767216 0.115234
0.0767783 0.119141
0.076837 0.123047
0.0768982 0.126953
0.0769621 0.130859
0.0770288 0.134766
0.077099 0.138672
0.0771729 0.142578
0.0772496 0.146484
0.0773291 0.150391
0.0774115 0.154297
0.0774956 0.158203
0.0775827 0.162109
0.0776722 0.166016
0.0777622 0.169922
0.0778564 0.173828
0.0779536 0.177734
0.0780511 0.181641
0.0781566 0.185547
0.0781566 0.185547
0.078267 0.189453
0.0783818 0.193359
0.0785013 0.197266
0.0786252 0.201172
0.0787532 0.205078
0.0788846 0.208984
0.0790193 0.212891
0.0791568 0.216797
0.0792972 0.220703
0.0794412 0.224609
0.0795887 0.228516
0.0797388 0.232422
0.0798929 0.236328
0.0800524 0.240234
0.0802181 0.244141
0.0803903 0.248047
0.080569 0.251953
0.0807538 0.255859
0.0809441 0.259766
0.0811387 0.263672
0.0813363 0.267578
0.0815366 0.271484
0.0817417 0.275391
0.0819445 0.279297
0.0819445 0.279297
0.0821597 0.283203
0.0823809 0.287109
0.0826076 0.291016
0.0828407 0.294922
0.0830806 0.298828
0.083328 0.302734
0.0835822 0.306641
0.0838443 0.310547
0.0841146 0.314453
0.0843921 0.318359
0.0846753 0.322266
0.0849634 0.326172
0.0852553 0.330078
0.0855533 0.333984
0.0858522 0.337891
0.0858522 0.337891
0.0861713 0.341797
0.0865016 0.345703
0.0868425 0.349609
0.0871951 0.353516
0.0875611 0.357422
0.0879419 0.361328
0.0883361 0.365234
0.0887409 0.369141
0.0891551 0.373047
0.0895775 0.376953
0.0900152 0.380859
0.0900152 0.380859
0.090477 0.384766
0.0909541 0.388672
0.0914477 0.392578
0.091959 0.396484
0.0924883 0.400391
0.0930392 0.404297
0.0936116 0.408203
0.0936116 0.408203
0.0942265 0.412109
0.0948822 0.416016
0.0955819 0.419922
0.0963308 0.423828
0.0971276 0.427734
0.0979786 0.431641
0.0979786 0.431641
0.0989205 0.435547
0.0999684 0.439453
0.101148 0.443359
0.101148 0.443359
0.102484 0.447266
0.104021 0.451172
0.105908 0.455078
0.105908 0.455078
0.108053 0.458984
0.11066 0.462891
0.11066 0.462891
0.113779 0.466797
0.113779 0.466797
0.115234 0.468409
0.119141 0.471997
0.119141 0.471997
0.123047 0.474922
0.126953 0.47742
0.126953 0.47742
0.130859 0.479475
0.130859 0.479475
0.134766 0.481381
0.134766 0.481381
0.138672 0.483017
0.142578 0.484505
0.142578 0.484505
0.146484 0.485807
0.150391 0.486945
0.154297 0.487933
0.154297 0.487933
0.158203 0.488837
0.162109 0.489635
0.166016 0.490354
0.169922 0.490985
0.173828 0.491524
0.177734 0.49195
0.181641 0.492265
0.181641 0.492265
0.185547 0.492436
0.189453 0.49248
0.193359 0.492409
0.197266 0.492246
0.201172 0.492014
0.197266 0.492246
0.205078 0.49171
0.208984 0.491355
0.212891 0.490973
0.216797 0.490583
0.220703 0.490195
0.224609 0.489818
0.228516 0.489456
0.232422 0.48911
0.236328 0.488783
0.240234 0.488473
0.244141 0.488185
0.244141 0.488185
0.248047 0.487915
0.290863 0.00195312
0.292302 0.00585938
0.292302 0.00585938
0.293676 0.00976562
0.293676 0.00976562
0.294935 0.0136719
0.29605 0.0175781
0.297029 0.0214844
0.297029 0.0214844
0.297845 0.0253906
0.29852 0.0292969
0.299078 0.0332031
0.299534 0.0371094
0.299906 0.0410156
0.3002 0.0449219
0.300427 0.0488281
0.300599 0.0527344
0.300723 0.0566406
0.300803 0.0605469
0.300803 0.0605469
0.300844 0.0683594
0.300843 0.0644531
0.300844 0.0683594
0.300805 0.0722656
0.300731 0.0761719
0.300805 0.0722656
0.300627 0.0800781
0.3005 0.0839844
0.300358 0.0878906
0.300204 0.0917969
0.300042 0.0957031
0.299872 0.0996094
0.299703 0.103516
0.299548 0.107422
0.299422 0.111328
0.299338 0.115234
0.299304 0.119141
0.299313 0.123047
0.299359 0.126953
0.299431 0.130859
0.299519 0.134766
0.299619 0.138672
0.299735 0.142578
0.299867 0.146484
0.300001 0.150391
0.30013 0.154297
0.30027 0.158203
0.300443 0.162109
0.300648 0.166016
0.300873 0.169922
0.300648 0.166016
0.300873 0.169922
0.301096 0.173828
0.301338 0.177734
0.301626 0.181641
0.301972 0.185547
0.302368 0.189453
0.302811 0.193359
0.303323 0.197266
0.303948 0.201172
0.304757 0.205078
0.304757 0.205078
0.305782 0.208984
0.307038 0.212891
0.30865 0.216797
0.30865 0.216797
0.310924 0.220703
0.31418 0.224609
0.314453 0.224866
0.318359 0.227945
0.314453 0.224866
0.318359 0.227945
0.322266 0.229872
0.322266 0.229872
0.326172 0.231268
0.326172 0.231268
0.330078 0.232029
0.333984 0.232423
0.337891 0.232555
0.341797 0.232504
0.345703 0.232331
0.349609 0.232085
0.353516 0.231796
0.357422 0.23149
0.361328 0.231183
0.361328 0.231183
0.365234 0.230883
0.369141 0.230602
0.373047 0.230346
0.373047 0.230346
0.443084 0.00195312
0.443113 0.00585938
0.443126 0.00976562
0.443123 0.0136719
0.443104 0.0175781
0.443069 0.0214844
0.443019 0.0253906
0.442957 0.0292969
0.442883 0.0332031
0.442799 0.0371094
0.442709 0.0410156
0.442615 0.0449219
0.442519 0.0488281
0.442423 0.0527344
0.442329 0.0566406
0.44224 0.0605469
0.442156 0.0644531
0.442081 0.0683594
0.442013 0.0722656
0.441955 0.0761719
0.441908 0.0800781
0.441874 0.0839844
0.441855 0.0878906
0.441847 0.0917969
0.441848 0.0957031
0.441858 0.0996094
0.441876 0.103516
0.441899 0.107422
0.441927 0.111328
0.441957 0.115234
0.441986 0.119141
0.442011 0.123047
0.438092 0.185547
0.376953 0.230102
0.380859 0.229862
0.384766 0.229601
0.388672 0.229272
0.392578 0.228844
0.396484 0.228264
0.404297 0.226409
0.400391 0.227482
0.404297 0.226409
0.419922 0.218353
0.437132 0.189453
0.436036 0.193359
0.434748 0.197266
0.433116 0.201172
0.434748 0.197266
0.433116 0.201172
0.431158 0.205078
0.428697 0.208984
0.425634 0.212891
0.423828 0.214841
0.425634 0.212891
0.431158 0.205078
0.428697 0.208984
0.408203 0.225064
0.412109 0.223344
0.412109 0.223344
0.416016 0.221114
0.419922 0.218353
0.44203 0.126953
0.442039 0.130859
0.442033 0.134766
0.442007 0.138672
0.441958 0.142578
0.441879 0.146484
0.441766 0.150391
0.441615 0.154297
0.441407 0.158203
0.44115 0.162109
0.441407 0.158203
0.440844 0.166016
0.440472 0.169922
0.440027 0.173828
0.439493 0.177734
0.438851 0.181641
0.438092 0.185547
0.437132 0.189453
0.251953 0.487665
0.255859 0.487434
0.259766 0.487222
0.263672 0.487026
0.267578 0.486846
0.271484 0.48668
0.275391 0.486526
0.279297 0.486384
0.283203 0.486253
0.287109 0.486133
0.291016 0.486025
0.294922 0.485931
0.298828 0.48585
0.302734 0.485781
0.306641 0.485723
0.310547 0.485674
0.314453 0.485632
0.318359 0.485598
0.322266 0.48557
0.326172 0.485548
0.330078 0.485533
0.333984 0.485523
0.337891 0.485519
0.341797 0.485519
0.345703 0.485524
0.349609 0.485534
0.353516 0.485546
0.357422 0.485562
0.361328 0.485581
0.365234 0.485603
0.369141 0.485626
0.373047 0.485652
0.376953 0.485679
0.380859 0.485708
0.384766 0.485739
0.388672 0.485771
0.392578 0.485804
0.396484 0.485837
0.400391 0.485871
0.404297 0.485904
0.408203 0.485937
0.412109 0.485969
0.416016 0.486
0.419922 0.48603
0.423828 0.486059
0.427734 0.486087
0.431641 0.486114
0.435547 0.486141
0.439453 0.486166
0.443359 0.486191
0.447266 0.486214
0.451172 0.486236
0.455078 0.486257
0.458984 0.486277
0.462891 0.486295
0.466797 0.486312
0.470703 0.486327
0.474609 0.48634
0.478516 0.486351
0.482422 0.48636
0.486328 0.486367
0.490234 0.486371
0.494141 0.486374
0.498047 0.486375
