-0.453299 -0.443359
-0.455422 -0.439453
-0.445641 -0.455078
-0.439166 -0.462891
-0.442567 -0.458984
-0.445641 -0.455078
-0.442567 -0.458984
-0.448432 -0.451172
-0.450974 -0.447266
-0.448432 -0.451172
-0.453299 -0.443359
-0.4684 -0.404297
-0.469355 -0.400391
-0.470243 -0.396484
-0.471062 -0.392578
-0.4725 -0.384766
-0.471812 -0.388672
-0.4725 -0.384766
-0.473133 -0.380859
-0.473729 -0.376953
-0.460801 -0.427734
-0.462317 -0.423828
-0.457368 -0.435547
-0.459154 -0.431641
-0.457368 -0.435547
-0.460801 -0.427734
-0.465027 -0.416016
-0.463725 -0.419922
-0.465027 -0.416016
-0.466234 -0.412109
-0.46736 -0.408203
-0.4684 -0.404297
-0.431641 -0.470238
-0.423828 -0.476306
-0.427734 -0.473455
-0.427734 -0.473455
-0.423828 -0.476306
-0.408203 -0.484738
-0.419922 -0.478833
-0.416016 -0.481067
-0.416016 -0.481067
-0.412109 -0.48303
-0.408203 -0.484738
-0.435547 -0.46663
-0.439166 -0.462891
-0.431641 -0.470238
-0.404297 -0.486213
-0.400391 -0.48746
-0.396484 -0.488496
-0.396484 -0.488496
-0.392578 -0.489329
-0.388672 -0.489967
-0.384766 -0.490423
-0.380859 -0.490711
-0.376953 -0.490847
-0.474293 -0.373047
-0.47483 -0.369141
-0.475339 -0.365234
-0.475814 -0.361328
-0.476639 -0.353516
-0.477 -0.349609
-0.477339 -0.345703
-0.476248 -0.357422
-0.476639 -0.353516
-0.477655 -0.341797
-0.477951 -0.337891
-0.478228 -0.333984
-0.478487 -0.330078
-0.478729 -0.326172
-0.478954 -0.322266
-0.479166 -0.318359
-0.479366 -0.314453
-0.479554 -0.310547
-0.479731 -0.306641
-0.479898 -0.302734
-0.480055 -0.298828
-0.480203 -0.294922
-0.480342 -0.291016
-0.480471 -0.287109
-0.480586 -0.283203
-0.480471 -0.287109
-0.480694 -0.279297
-0.480794 -0.275391
-0.480886 -0.271484
-0.48097 -0.267578
-0.481048 -0.263672
-0.481119 -0.259766
-0.481185 -0.255859
-0.481244 -0.251953
-0.373047 -0.490846
-0.369141 -0.490722
-0.365234 -0.490488
-0.361328 -0.490155
-0.357422 -0.489739
-0.353516 -0.489252
-0.349609 -0.488704
-0.345703 -0.488114
-0.345703 -0.488114
-0.341797 -0.487483
-0.337891 -0.486823
-0.333984 -0.486141
-0.330078 -0.485446
-0.326172 -0.484746
-0.322266 -0.484048
-0.322266 -0.484048
-0.318359 -0.483359
-0.314453 -0.482687
-0.310547 -0.482038
-0.306641 -0.481417
-0.302734 -0.480832
-0.298828 -0.480283
-0.298828 -0.480283
-0.294922 -0.47978
-0.291016 -0.479327
-0.287109 -0.478928
-0.283203 -0.478585
-0.279297 -0.478306
-0.275391 -0.478093
-0.271484 -0.477948
-0.267578 -0.477874
-0.263672 -0.477873
-0.259766 -0.477946
-0.255859 -0.478093
-0.251953 -0.478317
-0.481298 -0.248047
-0.481348 -0.244141
-0.481393 -0.240234
-0.481433 -0.236328
-0.481469 -0.232422
-0.4815 -0.228516
-0.481527 -0.224609
-0.48155 -0.220703
-0.481569 -0.216797
-0.481583 -0.212891
-0.481594 -0.208984
-0.481602 -0.205078
-0.481606 -0.201172
-0.481607 -0.197266
-0.481606 -0.193359
-0.481602 -0.189453
-0.481597 -0.185547
-0.481589 -0.181641
-0.481579 -0.177734
-0.481567 -0.173828
-0.481553 -0.169922
-0.481537 -0.166016
-0.481519 -0.162109
-0.481499 -0.158203
-0.481477 -0.154297
-0.481453 -0.150391
-0.481427 -0.146484
-0.4814 -0.142578
-0.481372 -0.138672
-0.481342 -0.134766
-0.481311 -0.130859
-0.481279 -0.126953
-0.481246 -0.123047
-0.481212 -0.119141
-0.481176 -0.115234
-0.48114 -0.111328
-0.481102 -0.107422
-0.481062 -0.103516
-0.481021 -0.0996094
-0.480978 -0.0957031
-0.480932 -0.0917969
-0.480884 -0.0878906
-0.480833 -0.0839844
-0.480778 -0.0800781
-0.480721 -0.0761719
-0.48066 -0.0722656
-0.480596 -0.0683594
-0.480529 -0.0644531
-0.480529 -0.0644531
-0.480456 -0.0605469
-0.480456 -0.0605469
-0.480385 -0.0566406
-0.48031 -0.0527344
-0.48023 -0.0488281
-0.480147 -0.0449219
-0.480059 -0.0410156
-0.479968 -0.0371094
-0.479873 -0.0332031
-0.479775 -0.0292969
-0.479675 -0.0253906
-0.479573 -0.0214844
-0.479469 -0.0175781
-0.479367 -0.0136719
-0.479265 -0.00976562
-0.479165 -0.00585938
-0.479067 -0.00195312
-0.283262 -0.00195312
-0.280162 -0.00585938
-0.283262 -0.00195312
-0.251953 -0.0329919
-0.271484 -0.0152443
-0.267578 -0.0189758
-0.267578 -0.0189758
-0.276785 -0.00976562
-0.273099 -0.0136719
-0.276785 -0.00976562
-0.280162 -0.00585938
-0.271484 -0.0152443
-0.263672 -0.022541
-0.259766 -0.0260199
-0.259766 -0.0260199
-0.263672 -0.022541
-0.255859 -0.0294835
-0.251953 -0.0329919
-0.248047 -0.47861
-0.244141 -0.47897
-0.240234 -0.479398
-0.236328 -0.479889
-0.232422 -0.480416
-0.232422 -0.480416
-0.228516 -0.480972
-0.224609 -0.481567
-0.220703 -0.482199
-0.208984 -0.484197
-0.205078 -0.484847
-0.216797 -0.482854
-0.212891 -0.483526
-0.208984 -0.484197
-0.201172 -0.485486
-0.197266 -0.486112
-0.193359 -0.486716
-0.189453 -0.487296
-0.185547 -0.48785
-0.181641 -0.488351
-0.181641 -0.488351
-0.177734 -0.488824
-0.173828 -0.489258
-0.169922 -0.489655
-0.166016 -0.49002
-0.162109 -0.490352
-0.158203 -0.490655
-0.154297 -0.490931
-0.150391 -0.491183
-0.146484 -0.491416
-0.142578 -0.491631
-0.138672 -0.49183
-0.134766 -0.492018
-0.130859 -0.492192
-0.126953 -0.49236
-0.130859 -0.492192
-0.186836 -0.259766
-0.187757 -0.255859
-0.18891 -0.251953
-0.170815 -0.322266
-0.175781 -0.316406
-0.17647 -0.314453
-0.173741 -0.318359
-0.17647 -0.314453
-0.164988 -0.330078
-0.15959 -0.337891
-0.15685 -0.341797
-0.15959 -0.337891
-0.162268 -0.333984
-0.164988 -0.330078
-0.167854 -0.326172
-0.170815 -0.322266
-0.167854 -0.326172
-0.153615 -0.345703
-0.150391 -0.34862
-0.150391 -0.34862
-0.146484 -0.351173
-0.142578 -0.353031
-0.146484 -0.351173
-0.138672 -0.354328
-0.134766 -0.355317
-0.134766 -0.355317
-0.130859 -0.355988
-0.126953 -0.356343
-0.15685 -0.341797
-0.178743 -0.310547
-0.180544 -0.306641
-0.18189 -0.302734
-0.182925 -0.298828
-0.178743 -0.310547
-0.183701 -0.294922
-0.18419 -0.291016
-0.183701 -0.294922
-0.184483 -0.287109
-0.18463 -0.283203
-0.184714 -0.279297
-0.184825 -0.275391
-0.185054 -0.271484
-0.18546 -0.267578
-0.186054 -0.263672
-0.186836 -0.259766
-0.187757 -0.255859
-0.123047 -0.492519
-0.119141 -0.492674
-0.115234 -0.492826
-0.111328 -0.492972
-0.107422 -0.493113
-0.103516 -0.493249
-0.0996094 -0.49338
-0.0957031 -0.493505
-0.0917969 -0.493624
-0.0878906 -0.493736
-0.0839844 -0.493843
-0.0800781 -0.493942
-0.0761719 -0.494034
-0.0722656 -0.494116
-0.0683594 -0.494196
-0.0644531 -0.494271
-0.0605469 -0.494339
-0.0566406 -0.494401
-0.0527344 -0.494458
-0.0488281 -0.49451
-0.0449219 -0.494558
-0.0410156 -0.4946
-0.0371094 -0.494637
-0.0332031 -0.49467
-0.0292969 -0.494699
-0.0253906 -0.494723
-0.0214844 -0.494743
-0.0175781 -0.49476
-0.0136719 -0.494772
-0.00976562 -0.494781
-0.00585938 -0.494786
-0.00195312 -0.494788
-0.123047 -0.356464
-0.119141 -0.356416
-0.115234 -0.356236
-0.111328 -0.355937
-0.107422 -0.355518
-0.107422 -0.355518
-0.103516 -0.354964
-0.0996094 -0.354258
-0.0957031 -0.353383
-0.0917969 -0.352337
-0.0878906 -0.35112
-0.0878906 -0.35112
-0.0839844 -0.34975
-0.0800781 -0.348272
-0.0800781 -0.348272
-0.0761719 -0.346622
-0.0722656 -0.344861
-0.0683594 -0.342915
-0.0683594 -0.342915
-0.0644531 -0.340889
-0.0644531 -0.340889
-0.0605469 -0.338693
-0.0605469 -0.338693
-0.0566406 -0.336307
-0.0566406 -0.336307
-0.0527344 -0.333518
-0.0496269 -0.330078
-0.0507512 -0.332065
-0.0496269 -0.330078
-0.0480678 -0.326172
-0.0474802 -0.322266
-0.0477128 -0.318359
-0.048487 -0.314453
-0.0504655 -0.306641
-0.0494963 -0.310547
-0.0504655 -0.306641
-0.0513451 -0.302734
-0.0522121 -0.298828
-0.0547559 -0.283203
-0.0530627 -0.294922
-0.0538156 -0.291016
-0.0543918 -0.287109
-0.0547559 -0.283203
-0.0549082 -0.279297
-0.0548717 -0.275391
-0.0546829 -0.271484
-0.0546829 -0.271484
-0.0543712 -0.267578
-0.0539513 -0.263672
-0.0534252 -0.259766
-0.0527854 -0.255859
-0.0520475 -0.251953
-0.203936 -0.220703
-0.195445 -0.236328
-0.191798 -0.244141
-0.190288 -0.248047
-0.191798 -0.244141
-0.193531 -0.240234
-0.195445 -0.236328
-0.199709 -0.228516
-0.197525 -0.232422
-0.199709 -0.228516
-0.201885 -0.224609
-0.203936 -0.220703
-0.206991 -0.212891
-0.205651 -0.216797
-0.206991 -0.212891
-0.207779 -0.208984
-0.207905 -0.205078
-0.207445 -0.201172
-0.206598 -0.197266
-0.206598 -0.197266
-0.205329 -0.193359
-0.203832 -0.189453
-0.202406 -0.185547
-0.201091 -0.181641
-0.200029 -0.177734
-0.199297 -0.173828
-0.199297 -0.173828
-0.198924 -0.169922
-0.198933 -0.166016
-0.199293 -0.162109
-0.199974 -0.158203
-0.199293 -0.162109
-0.202906 -0.146484
-0.203982 -0.142578
-0.205032 -0.138672
-0.206042 -0.134766
-0.20704 -0.130859
-0.208028 -0.126953
-0.20704 -0.130859
-0.200871 -0.154297
-0.201864 -0.150391
-0.202906 -0.146484
-0.218889 -0.0761719
-0.220481 -0.0722656
-0.222318 -0.0683594
-0.22445 -0.0644531
-0.222318 -0.0683594
-0.210607 -0.115234
-0.211396 -0.111328
-0.208958 -0.123047
-0.20981 -0.119141
-0.210607 -0.115234
-0.212112 -0.107422
-0.212762 -0.103516
-0.213384 -0.0996094
-0.214013 -0.0957031
-0.214701 -0.0917969
-0.215491 -0.0878906
-0.214701 -0.0917969
-0.216425 -0.0839844
-0.21755 -0.0800781
-0.218889 -0.0761719
-0.23262 -0.0527344
-0.235955 -0.0488281
-0.244141 -0.0403294
-0.248047 -0.0365966
-0.248047 -0.0365966
-0.244141 -0.0403294
-0.239577 -0.0449219
-0.243439 -0.0410156
-0.239577 -0.0449219
-0.229617 -0.0566406
-0.22689 -0.0605469
-0.229617 -0.0566406
-0.23262 -0.0527344
-0.235955 -0.0488281
-0.22689 -0.0605469
-0.0512652 -0.248047
-0.0504364 -0.244141
-0.0504364 -0.244141
-0.0497206 -0.240234
-0.049104 -0.236328
-0.048645 -0.232422
-0.0483579 -0.228516
-0.0482447 -0.224609
-0.0482879 -0.220703
-0.0484574 -0.216797
-0.0487109 -0.212891
-0.0489972 -0.208984
-0.0492711 -0.205078
-0.049498 -0.201172
-0.0496568 -0.197266
-0.0497373 -0.193359
-0.0497347 -0.189453
-0.049648 -0.185547
-0.0494822 -0.181641
-0.0492508 -0.177734
-0.048976 -0.173828
-0.0486871 -0.169922
-0.0484154 -0.166016
-0.0481877 -0.162109
-0.048024 -0.158203
-0.0479399 -0.154297
-0.0479418 -0.150391
-0.0480247 -0.146484
-0.0481728 -0.142578
-0.0483611 -0.138672
-0.0485611 -0.134766
-0.0487481 -0.130859
-0.0489018 -0.126953
-0.0490103 -0.123047
-0.0490669 -0.119141
-0.0490683 -0.115234
-0.0490133 -0.111328
-0.0489026 -0.107422
-0.0487427 -0.103516
-0.048551 -0.0996094
-0.0483488 -0.0957031
-0.0481535 -0.0917969
-0.0479765 -0.0878906
-0.047824 -0.0839844
-0.0476956 -0.0800781
-0.0475877 -0.0761719
-0.0474955 -0.0722656
-0.0474152 -0.0683594
-0.0473454 -0.0644531
-0.0472875 -0.0605469
-0.0472441 -0.0566406
-0.0472171 -0.0527344
-0.047205 -0.0488281
-0.0472019 -0.0449219
-0.047198 -0.0410156
-0.0471817 -0.0371094
-0.0471413 -0.0332031
-0.0470649 -0.0292969
-0.046941 -0.0253906
-0.046941 -0.0253906
-0.046771 -0.0214844
-0.0466043 -0.0175781
-0.0464536 -0.0136719
-0.0463068 -0.00976562
-0.0461467 -0.00585938
-0.0459611 -0.00195312
-0.478971 0.00195312
-0.478878 0.00585938
-0.478789 0.00976562
-0.478704 0.0136719
-0.478623 0.0175781
-0.478547 0.0214844
-0.478472 0.0253906
-0.478394 0.0292969
-0.478316 0.0332031
-0.478236 0.0371094
-0.478154 0.0410156
-0.478066 0.0449219
-0.477972 0.0488281
-0.477871 0.0527344
-0.477761 0.0566406
-0.47764 0.0605469
-0.477508 0.0644531
-0.477364 0.0683594
-0.477209 0.0722656
-0.477045 0.0761719
-0.476872 0.0800781
-0.476691 0.0839844
-0.476478 0.0878906
-0.476691 0.0839844
-0.476478 0.0878906
-0.476266 0.0917969
-0.476054 0.0957031
-0.475839 0.0996094
-0.475622 0.103516
-0.475405 0.107422
-0.475192 0.111328
-0.474984 0.115234
-0.474776 0.119141
-0.474572 0.123047
-0.474378 0.126953
-0.474191 0.130859
-0.474011 0.134766
-0.473832 0.138672
-0.473652 0.142578
-0.473469 0.146484
-0.473283 0.150391
-0.473095 0.154297
-0.472901 0.158203
-0.47268 0.162109
-0.47268 0.162109
-0.472446 0.166016
-0.472227 0.169922
-0.472008 0.173828
-0.471777 0.177734
-0.471521 0.181641
-0.471232 0.185547
-0.470901 0.189453
-0.470546 0.193359
-0.470176 0.197266
-0.469784 0.201172
-0.469372 0.205078
-0.468946 0.208984
-0.468946 0.208984
-0.468456 0.212891
-0.467954 0.216797
-0.467432 0.220703
-0.466893 0.224609
-0.466349 0.228516
-0.4658 0.232422
-0.46526 0.236328
-0.464696 0.240234
-0.464696 0.240234
-0.464136 0.244141
-0.463579 0.248047
-0.311914 0.0527344
-0.313447 0.0566406
-0.314953 0.0605469
-0.320982 0.0761719
-0.31645 0.0644531
-0.317946 0.0683594
-0.31645 0.0644531
-0.319461 0.0722656
-0.320982 0.0761719
-0.323916 0.0839844
-0.322462 0.0800781
-0.323916 0.0839844
-0.32538 0.0878906
-0.326779 0.0917969
-0.328158 0.0957031
-0.329556 0.0996094
-0.330913 0.103516
-0.332235 0.107422
-0.330913 0.103516
-0.332235 0.107422
-0.335874 0.119141
-0.336965 0.123047
-0.333519 0.111328
-0.334726 0.115234
-0.335874 0.119141
-0.328158 0.0957031
-0.298027 0.0214844
-0.3001 0.0253906
-0.301983 0.0292969
-0.3001 0.0253906
-0.288736 0.00585938
-0.293613 0.0136719
-0.291244 0.00976562
-0.293613 0.0136719
-0.286107 0.00195312
-0.288736 0.00585938
-0.286107 0.00195312
-0.295876 0.0175781
-0.303805 0.0332031
-0.305514 0.0371094
-0.308797 0.0449219
-0.307175 0.0410156
-0.308797 0.0449219
-0.303805 0.0332031
-0.310376 0.0488281
-0.311914 0.0527344
-0.343674 0.162109
-0.343909 0.166016
-0.344047 0.169922
-0.344088 0.173828
-0.344031 0.177734
-0.34388 0.181641
-0.343639 0.185547
-0.337977 0.126953
-0.338939 0.130859
-0.339832 0.134766
-0.340618 0.138672
-0.339832 0.134766
-0.341305 0.142578
-0.341922 0.146484
-0.34247 0.150391
-0.342946 0.154297
-0.34335 0.158203
-0.343674 0.162109
-0.343639 0.185547
-0.343305 0.189453
-0.342886 0.193359
-0.342384 0.197266
-0.341809 0.201172
-0.341152 0.205078
-0.340404 0.208984
-0.339579 0.212891
-0.339579 0.212891
-0.338675 0.216797
-0.337712 0.220703
-0.336731 0.224609
-0.33574 0.228516
-0.33574 0.228516
-0.334766 0.232422
-0.333794 0.236328
-0.33286 0.240234
-0.33193 0.244141
-0.33193 0.244141
-0.331 0.248047
-0.463004 0.251953
-0.462419 0.255859
-0.46182 0.259766
-0.461233 0.263672
-0.461233 0.263672
-0.460597 0.267578
-0.459997 0.271484
-0.459402 0.275391
-0.458801 0.279297
-0.458195 0.283203
-0.457583 0.287109
-0.456967 0.291016
-0.456967 0.291016
-0.456358 0.294922
-0.455783 0.298828
-0.455228 0.302734
-0.454702 0.306641
-0.454208 0.310547
-0.45375 0.314453
-0.453341 0.318359
-0.452984 0.322266
-0.453341 0.318359
-0.452984 0.322266
-0.45271 0.326172
-0.452526 0.330078
-0.452433 0.333984
-0.452439 0.337891
-0.452548 0.341797
-0.453099 0.349609
-0.453554 0.353516
-0.45415 0.357422
-0.454878 0.361328
-0.455708 0.365234
-0.456631 0.369141
-0.457538 0.373047
-0.456631 0.369141
-0.452761 0.345703
-0.453099 0.349609
-0.388672 0.373623
-0.384766 0.370184
-0.384766 0.370184
-0.380859 0.3668
-0.376953 0.363509
-0.376953 0.363509
-0.380859 0.3668
-0.458522 0.376953
-0.459477 0.380859
-0.460218 0.384766
-0.460633 0.388672
-0.460628 0.392578
-0.460118 0.396484
-0.458954 0.400391
-0.456726 0.404297
-0.456726 0.404297
-0.455078 0.406154
-0.451172 0.408945
-0.447266 0.410357
-0.447266 0.410357
-0.443359 0.410786
-0.439453 0.410391
-0.439453 0.410391
-0.498047 0.497541
-0.494141 0.497549
-0.490234 0.497557
-0.486328 0.497547
-0.482422 0.497545
-0.478516 0.497552
-0.474609 0.497544
-0.470703 0.497537
-0.466797 0.497532
-0.462891 0.497536
-0.458984 0.497509
-0.455078 0.49746
-0.451172 0.497422
-0.447266 0.497428
-0.443359 0.497415
-0.439453 0.497393
-0.431641 0.407661
-0.427734 0.405504
-0.423828 0.403062
-0.423828 0.403062
-0.408203 0.390744
-0.419922 0.400276
-0.416016 0.397231
-0.419922 0.400276
-0.416016 0.397231
-0.412109 0.394047
-0.412109 0.394047
-0.408203 0.390744
-0.435547 0.409303
-0.431641 0.407661
-0.427734 0.405504
-0.400391 0.383952
-0.404297 0.387368
-0.404297 0.387368
-0.400391 0.383952
-0.396484 0.380519
-0.396484 0.380519
-0.392578 0.377073
-0.388672 0.373623
-0.435547 0.49734
-0.431641 0.497259
-0.427734 0.497213
-0.423828 0.497155
-0.419922 0.497032
-0.416016 0.496985
-0.412109 0.497003
-0.408203 0.496956
-0.404297 0.49695
-0.400391 0.496915
-0.396484 0.496713
-0.393068 0.496333
-0.387966 0.496023
-0.390403 0.496111
-0.384766 0.495828
-0.380859 0.495611
-0.376953 0.495413
-0.329977 0.251953
-0.328871 0.255859
-0.327766 0.259766
-0.327766 0.259766
-0.326684 0.263672
-0.325652 0.267578
-0.324721 0.271484
-0.323934 0.275391
-0.323934 0.275391
-0.323283 0.279297
-0.322712 0.283203
-0.322203 0.287109
-0.321781 0.291016
-0.321478 0.294922
-0.321268 0.298828
-0.321111 0.302734
-0.321036 0.306641
-0.321068 0.310547
-0.373047 0.360348
-0.369141 0.357444
-0.361328 0.352623
-0.365234 0.354854
-0.365234 0.354854
-0.361328 0.352623
-0.373047 0.360348
-0.357422 0.350896
-0.353516 0.349575
-0.357422 0.350896
-0.349609 0.348676
-0.345703 0.348165
-0.321131 0.314453
-0.321167 0.318359
-0.321223 0.322266
-0.321371 0.326172
-0.321612 0.330078
-0.321888 0.333984
-0.323443 0.341797
-0.322276 0.337891
-0.323443 0.341797
-0.341797 0.347948
-0.341797 0.347948
-0.337891 0.347874
-0.337891 0.347874
-0.333984 0.347701
-0.333984 0.347701
-0.330078 0.347032
-0.326172 0.345268
-0.324173 0.343809
-0.373047 0.495228
-0.369141 0.495055
-0.365234 0.494892
-0.361328 0.494733
-0.357422 0.494577
-0.353516 0.494421
-0.349609 0.494266
-0.345703 0.494114
-0.341797 0.493962
-0.337891 0.493812
-0.333984 0.493661
-0.330078 0.493503
-0.326172 0.493333
-0.322266 0.493146
-0.318359 0.492935
-0.314453 0.492694
-0.306641 0.492103
-0.310547 0.492418
-0.306641 0.492103
-0.302734 0.491751
-0.298828 0.491359
-0.294922 0.490925
-0.291016 0.490451
-0.287109 0.48994
-0.283203 0.489394
-0.279297 0.488825
-0.275391 0.488243
-0.275391 0.488243
-0.271484 0.487658
-0.267578 0.487078
-0.263672 0.486516
-0.259766 0.485985
-0.255859 0.485495
-0.251953 0.48506
-0.0457434 0.00195312
-0.04549 0.00585938
-0.0452007 0.00976562
-0.0448768 0.0136719
-0.0445233 0.0175781
-0.0441458 0.0214844
-0.0437341 0.0253906
-0.0432825 0.0292969
-0.0427985 0.0332031
-0.0427985 0.0332031
-0.0423313 0.0371094
-0.0418421 0.0410156
-0.0413197 0.0449219
-0.0407781 0.0488281
-0.0402282 0.0527344
-0.0396681 0.0566406
-0.0390864 0.0605469
-0.0390864 0.0605469
-0.0385093 0.0644531
-0.0379375 0.0683594
-0.0373317 0.0722656
-0.0367181 0.0761719
-0.036117 0.0800781
-0.035537 0.0839844
-0.0349707 0.0878906
-0.0349707 0.0878906
-0.0344538 0.0917969
-0.0339374 0.0957031
-0.0334057 0.0996094
-0.0328624 0.103516
-0.03232 0.107422
-0.0317942 0.111328
-0.0312903 0.115234
-0.0312903 0.115234
-0.030829 0.119141
-0.0304101 0.123047
-0.0299926 0.126953
-0.0295807 0.130859
-0.0291783 0.134766
-0.0287938 0.138672
-0.0284359 0.142578
-0.0280897 0.146484
-0.0277372 0.150391
-0.0273744 0.154297
-0.0273744 0.154297
-0.0270315 0.158203
-0.0267354 0.162109
-0.0264565 0.166016
-0.0261892 0.169922
-0.0259344 0.173828
-0.0256916 0.177734
-0.0254594 0.181641
-0.025233 0.185547
-0.0250094 0.189453
-0.0247955 0.193359
-0.0245921 0.197266
-0.0243983 0.201172
-0.0242148 0.205078
-0.0240421 0.208984
-0.0238791 0.212891
-0.0237252 0.216797
-0.0235792 0.220703
-0.0234359 0.224609
-0.0234359 0.224609
-0.0232894 0.228516
-0.0231514 0.232422
-0.023018 0.236328
-0.0228895 0.240234
-0.0227652 0.244141
-0.022645 0.248047
-0.244141 0.484375
-0.240234 0.484133
-0.236328 0.483963
-0.248047 0.484685
-0.244141 0.484375
-0.232422 0.483869
-0.228516 0.483854
-0.224609 0.483916
-0.220703 0.484054
-0.216797 0.484268
-0.216797 0.484268
-0.212891 0.484553
-0.208984 0.484906
-0.205078 0.485323
-0.201172 0.485799
-0.197266 0.486326
-0.193359 0.486895
-0.189453 0.487492
-0.185547 0.488106
-0.185547 0.488106
-0.181641 0.488723
-0.177734 0.489346
-0.173828 0.489942
-0.169922 0.49049
-0.166016 0.49097
-0.162109 0.491363
-0.158203 0.491658
-0.154297 0.491846
-0.150391 0.491922
-0.146484 0.491886
-0.142578 0.491738
-0.138672 0.49148
-0.134766 0.491117
-0.130859 0.490656
-0.126953 0.490102
-0.0225289 0.251953
-0.0224174 0.255859
-0.0223115 0.259766
-0.0222123 0.263672
-0.0221208 0.267578
-0.022038 0.271484
-0.0219648 0.275391
-0.0219015 0.279297
-0.0218482 0.283203
-0.0218045 0.287109
-0.0217698 0.291016
-0.0217436 0.294922
-0.0217255 0.298828
-0.0217156 0.302734
-0.021714 0.306641
-0.0217214 0.310547
-0.0217382 0.314453
-0.0217643 0.318359
-0.0217994 0.322266
-0.0218428 0.326172
-0.0218941 0.330078
-0.0219533 0.333984
-0.0220205 0.337891
-0.022096 0.341797
-0.0221799 0.345703
-0.0222721 0.349609
-0.0223725 0.353516
-0.0224819 0.357422
-0.0226019 0.361328
-0.0227353 0.365234
-0.0228845 0.369141
-0.023052 0.373047
-0.123047 0.489464
-0.119141 0.488747
-0.115234 0.487953
-0.115234 0.487953
-0.111328 0.487091
-0.0996094 0.483924
-0.0957031 0.482661
-0.107422 0.486142
-0.103516 0.48509
-0.0996094 0.483924
-0.0683594 0.470125
-0.0644531 0.467664
-0.0917969 0.481278
-0.0917969 0.481278
-0.0878906 0.479773
-0.0878906 0.479773
-0.0800781 0.476398
-0.0839844 0.478159
-0.0800781 0.476398
-0.0761719 0.474484
-0.0722656 0.472398
-0.0722656 0.472398
-0.0683594 0.470125
-0.0644531 0.467664
-0.032152 0.435547
-0.0234481 0.380859
-0.0236806 0.384766
-0.0239359 0.388672
-0.0232394 0.376953
-0.0234481 0.380859
-0.0242154 0.392578
-0.024522 0.396484
-0.0248588 0.400391
-0.0252305 0.404297
-0.0256483 0.408203
-0.0261238 0.412109
-0.0273678 0.419922
-0.0266809 0.416016
-0.0273678 0.419922
-0.0282138 0.423828
-0.0292492 0.427734
-0.0305286 0.431641
-0.032152 0.435547
-0.0566406 0.462162
-0.0605469 0.465016
-0.0605469 0.465016
-0.0566406 0.462162
-0.0527344 0.459091
-0.0488281 0.455771
-0.0488281 0.455771
-0.0449219 0.452178
-0.0401494 0.447266
-0.0438886 0.451172
-0.0342859 0.439453
-0.0369453 0.443359
-0.0342859 0.439453
-0.0401494 0.447266
-0.0449219 0.452178
0.00195312 -0.494786
0.00585938 -0.494781
0.00976562 -0.494772
0.0136719 -0.49476
0.0175781 -0.494745
0.0214844 -0.494726
0.0253906 -0.494703
0.0292969 -0.494677
0.0332031 -0.494647
0.0371094 -0.494612
0.0410156 -0.494573
0.0449219 -0.49453
0.0488281 -0.494482
0.0527344 -0.494429
0.0566406 -0.494371
0.0605469 -0.494308
0.0644531 -0.494238
0.0683594 -0.494162
0.0722656 -0.494081
0.0761719 -0.493997
0.0800781 -0.493902
0.0839844 -0.493801
0.0878906 -0.493693
0.0917969 -0.493578
0.0957031 -0.493457
0.0996094 -0.49333
0.103516 -0.493197
0.107422 -0.493059
0.111328 -0.492916
0.115234 -0.492769
0.119141 -0.492618
0.123047 -0.49246
0.0500657 -0.330078
0.0527344 -0.332888
0.0500657 -0.330078
0.0566406 -0.335687
0.0605469 -0.338102
0.0566406 -0.335687
0.048166 -0.326172
0.0473461 -0.322266
0.0473872 -0.318359
0.0480596 -0.314453
0.0490722 -0.310547
0.0501269 -0.306641
0.0509859 -0.302734
0.0509859 -0.302734
0.0518478 -0.298828
0.0527071 -0.294922
0.0535138 -0.291016
0.0541768 -0.287109
0.0546413 -0.283203
0.0546413 -0.283203
0.0545685 -0.267578
0.0548927 -0.279297
0.0549422 -0.275391
0.0548212 -0.271484
0.0545685 -0.267578
0.0542043 -0.263672
0.0537422 -0.259766
0.0531726 -0.255859
0.0524891 -0.251953
0.0722656 -0.344338
0.0761719 -0.34613
0.0800781 -0.34781
0.0800781 -0.34781
0.0839844 -0.349324
0.0917969 -0.352031
0.0878906 -0.350726
0.0917969 -0.352031
0.0644531 -0.340279
0.0644531 -0.340279
0.0683594 -0.342374
0.0722656 -0.344338
0.0957031 -0.353222
0.0996094 -0.354325
0.103516 -0.355332
0.103516 -0.355332
0.107422 -0.356196
0.111328 -0.35689
0.115234 -0.357407
0.119141 -0.357739
0.123047 -0.357867
0.126953 -0.4923
0.130859 -0.492134
0.130859 -0.492134
0.134766 -0.491958
0.138672 -0.491769
0.142578 -0.491568
0.146484 -0.491352
0.150391 -0.491119
0.154297 -0.490866
0.158203 -0.49059
0.162109 -0.490288
0.166016 -0.489956
0.169922 -0.489592
0.173828 -0.489197
0.177734 -0.488765
0.181641 -0.488294
0.181641 -0.488294
0.185547 -0.48779
0.189453 -0.487239
0.193359 -0.486661
0.197266 -0.48606
0.201172 -0.485438
0.205078 -0.484804
0.208984 -0.484159
0.205078 -0.484804
0.208984 -0.484159
0.212891 -0.483491
0.216797 -0.482826
0.220703 -0.482179
0.224609 -0.481555
0.228516 -0.480968
0.232422 -0.480419
0.232422 -0.480419
0.236328 -0.479899
0.240234 -0.479415
0.244141 -0.478996
0.248047 -0.478643
0.126953 -0.357784
0.130859 -0.35746
0.134766 -0.356822
0.138672 -0.355695
0.138672 -0.355695
0.142578 -0.354
0.146484 -0.351927
0.146484 -0.351927
0.150391 -0.349143
0.150391 -0.349143
0.152414 -0.347723
0.154297 -0.345464
0.157315 -0.341797
0.157315 -0.341797
0.159881 -0.337891
0.159881 -0.337891
0.162354 -0.333984
0.164781 -0.330078
0.164781 -0.330078
0.167162 -0.326172
0.167162 -0.326172
0.169444 -0.322266
0.171603 -0.318359
0.171603 -0.318359
0.173543 -0.314453
0.175202 -0.310547
0.175202 -0.310547
0.176645 -0.306641
0.177841 -0.302734
0.178807 -0.298828
0.1796 -0.294922
0.1796 -0.294922
0.180233 -0.291016
0.180729 -0.287109
0.181136 -0.283203
0.181499 -0.279297
0.181862 -0.275391
0.182271 -0.271484
0.182777 -0.267578
0.18342 -0.263672
0.18342 -0.263672
0.184201 -0.259766
0.185182 -0.255859
0.186362 -0.251953
0.0508951 -0.244141
0.051717 -0.248047
0.0508951 -0.244141
0.0501017 -0.240234
0.049392 -0.236328
0.04884 -0.232422
0.04846 -0.228516
0.0482652 -0.224609
0.0482411 -0.220703
0.0483601 -0.216797
0.0485808 -0.212891
0.0488603 -0.208984
0.0491456 -0.205078
0.0493977 -0.201172
0.0495891 -0.197266
0.0497048 -0.193359
0.049737 -0.189453
0.049682 -0.185547
0.0495418 -0.181641
0.0493266 -0.177734
0.0490569 -0.173828
0.0487625 -0.169922
0.0484763 -0.166016
0.0482289 -0.162109
0.048044 -0.158203
0.0479401 -0.154297
0.0479256 -0.150391
0.0479978 -0.146484
0.0481419 -0.142578
0.0483319 -0.138672
0.0485378 -0.134766
0.0487338 -0.130859
0.0488974 -0.126953
0.0490157 -0.123047
0.0490818 -0.119141
0.0490929 -0.115234
0.0490478 -0.111328
0.0489468 -0.107422
0.0487945 -0.103516
0.0486062 -0.0996094
0.0484037 -0.0957031
0.0482061 -0.0917969
0.0480264 -0.0878906
0.0478721 -0.0839844
0.0477441 -0.0800781
0.0476388 -0.0761719
0.0475507 -0.0722656
0.0474748 -0.0683594
0.0474083 -0.0644531
0.0473514 -0.0605469
0.0473065 -0.0566406
0.047276 -0.0527344
0.0472596 -0.0488281
0.0472531 -0.0449219
0.0472481 -0.0410156
0.0472341 -0.0371094
0.0472007 -0.0332031
0.0468927 -0.0214844
0.0467103 -0.0175781
0.0465477 -0.0136719
0.0463965 -0.00976562
0.0462386 -0.00585938
0.0460586 -0.00195312
0.0471387 -0.0292969
0.047039 -0.0253906
0.0468927 -0.0214844
0.187707 -0.248047
0.187707 -0.248047
0.189273 -0.244141
0.191078 -0.240234
0.191078 -0.240234
0.193155 -0.236328
0.195492 -0.232422
0.195492 -0.232422
0.198097 -0.228516
0.198097 -0.228516
0.200891 -0.224609
0.203756 -0.220703
0.203756 -0.220703
0.206479 -0.216797
0.206479 -0.216797
0.208796 -0.212891
0.210483 -0.208984
0.210483 -0.208984
0.211328 -0.205078
0.210511 -0.197266
0.207688 -0.189453
0.209239 -0.193359
0.207688 -0.189453
0.211223 -0.201172
0.210511 -0.197266
0.203501 -0.177734
0.202556 -0.173828
0.201928 -0.169922
0.201627 -0.166016
0.20164 -0.162109
0.201931 -0.158203
0.206166 -0.185547
0.204725 -0.181641
0.203501 -0.177734
0.202444 -0.154297
0.203122 -0.150391
0.203122 -0.150391
0.203933 -0.146484
0.204781 -0.142578
0.205611 -0.138672
0.206422 -0.134766
0.207234 -0.130859
0.207234 -0.130859
0.207986 -0.126953
0.208644 -0.123047
0.209218 -0.119141
0.209718 -0.115234
0.210163 -0.111328
0.210585 -0.107422
0.211052 -0.103516
0.211052 -0.103516
0.211595 -0.0996094
0.212243 -0.0957031
0.213026 -0.0917969
0.213984 -0.0878906
0.215124 -0.0839844
0.216478 -0.0800781
0.218061 -0.0761719
0.219907 -0.0722656
0.222066 -0.0683594
0.224464 -0.0644531
0.227222 -0.0605469
0.227222 -0.0605469
0.230268 -0.0566406
0.230268 -0.0566406
0.233579 -0.0527344
0.233579 -0.0527344
0.237157 -0.0488281
0.237157 -0.0488281
0.240234 -0.0456741
0.244141 -0.0418728
0.244141 -0.0418728
0.248047 -0.0382587
0.248047 -0.0382587
0.251953 -0.478359
0.255859 -0.478143
0.259766 -0.478003
0.263672 -0.477936
0.267578 -0.477944
0.271484 -0.478025
0.275391 -0.478174
0.279297 -0.478392
0.283203 -0.478674
0.287109 -0.47902
0.291016 -0.479422
0.294922 -0.479875
0.298828 -0.480376
0.298828 -0.480376
0.302734 -0.480924
0.306641 -0.481505
0.310547 -0.482122
0.322266 -0.48412
0.326172 -0.484813
0.314453 -0.482767
0.318359 -0.483436
0.322266 -0.48412
0.330078 -0.485508
0.333984 -0.486198
0.337891 -0.486875
0.341797 -0.487531
0.345703 -0.488156
0.345703 -0.488156
0.349609 -0.488741
0.353516 -0.489284
0.357422 -0.489768
0.361328 -0.490181
0.365234 -0.490512
0.369141 -0.490745
0.373047 -0.49087
0.376953 -0.490873
0.380859 -0.490739
0.384766 -0.490454
0.388672 -0.490002
0.392578 -0.489369
0.396484 -0.488541
0.396484 -0.488541
0.400391 -0.487513
0.404297 -0.486275
0.408203 -0.48481
0.408203 -0.48481
0.412109 -0.483112
0.416016 -0.481161
0.416016 -0.481161
0.419922 -0.47894
0.423828 -0.476427
0.423828 -0.476427
0.427734 -0.473588
0.427734 -0.473588
0.431641 -0.47039
0.431641 -0.47039
0.435547 -0.466805
0.435555 -0.466797
0.439347 -0.462891
0.44275 -0.458984
0.44275 -0.458984
0.445826 -0.455078
0.445826 -0.455078
0.44862 -0.451172
0.44862 -0.451172
0.451164 -0.447266
0.453489 -0.443359
0.453489 -0.443359
0.455612 -0.439453
0.457557 -0.435547
0.457557 -0.435547
0.459343 -0.431641
0.460991 -0.427734
0.460991 -0.427734
0.46251 -0.423828
0.463922 -0.419922
0.465227 -0.416016
0.465227 -0.416016
0.466437 -0.412109
0.467563 -0.408203
0.468601 -0.404297
0.468601 -0.404297
0.469557 -0.400391
0.470444 -0.396484
0.471261 -0.392578
0.47201 -0.388672
0.472697 -0.384766
0.472697 -0.384766
0.473335 -0.380859
0.473939 -0.376953
0.382812 -0.335938
0.474511 -0.373047
0.475054 -0.369141
0.475565 -0.365234
0.476035 -0.361328
0.476461 -0.357422
0.476461 -0.357422
0.476848 -0.353516
0.477212 -0.349609
0.477553 -0.345703
0.477872 -0.341797
0.47817 -0.337891
0.47845 -0.333984
0.478711 -0.330078
0.478954 -0.326172
0.479182 -0.322266
0.479395 -0.318359
0.479596 -0.314453
0.479785 -0.310547
0.479963 -0.306641
0.480131 -0.302734
0.480289 -0.298828
0.480438 -0.294922
0.480438 -0.294922
0.480571 -0.291016
0.480696 -0.287109
0.480812 -0.283203
0.480918 -0.279297
0.481016 -0.275391
0.481106 -0.271484
0.481189 -0.267578
0.481265 -0.263672
0.481334 -0.259766
0.481397 -0.255859
0.481454 -0.251953
0.251953 -0.0347626
0.251953 -0.0347626
0.255859 -0.031319
0.255859 -0.031319
0.259766 -0.0278641
0.259766 -0.0278641
0.263672 -0.0243473
0.263672 -0.0243473
0.267578 -0.0207197
0.267578 -0.0207197
0.270826 -0.0175781
0.274593 -0.0136719
0.274593 -0.0136719
0.278056 -0.00976562
0.278056 -0.00976562
0.281218 -0.00585938
0.281218 -0.00585938
0.284111 -0.00195312
0.284111 -0.00195312
0.318359 -0.0488281
0.481506 -0.248047
0.481553 -0.244141
0.481596 -0.240234
0.481634 -0.236328
0.481667 -0.232422
0.481695 -0.228516
0.48172 -0.224609
0.48174 -0.220703
0.481756 -0.216797
0.481767 -0.212891
0.481775 -0.208984
0.48178 -0.205078
0.481781 -0.201172
0.481779 -0.197266
0.481774 -0.193359
0.481767 -0.189453
0.481758 -0.185547
0.481747 -0.181641
0.481734 -0.177734
0.48172 -0.173828
0.481703 -0.169922
0.481685 -0.166016
0.481664 -0.162109
0.481642 -0.158203
0.481618 -0.154297
0.481592 -0.150391
0.481565 -0.146484
0.481536 -0.142578
0.481506 -0.138672
0.481475 -0.134766
0.481442 -0.130859
0.481409 -0.126953
0.481375 -0.123047
0.48134 -0.119141
0.481304 -0.115234
0.481267 -0.111328
0.481229 -0.107422
0.481189 -0.103516
0.481148 -0.0996094
0.481105 -0.0957031
0.481059 -0.0917969
0.481011 -0.0878906
0.48096 -0.0839844
0.480906 -0.0800781
0.480849 -0.0761719
0.480789 -0.0722656
0.480726 -0.0683594
0.480659 -0.0644531
0.480516 -0.0566406
0.48059 -0.0605469
0.480516 -0.0566406
0.480438 -0.0527344
0.480362 -0.0488281
0.480438 -0.0527344
0.480281 -0.0449219
0.480196 -0.0410156
0.480107 -0.0371094
0.480015 -0.0332031
0.47992 -0.0292969
0.479822 -0.0253906
0.479722 -0.0214844
0.479621 -0.0175781
0.47952 -0.0136719
0.479419 -0.00976562
0.47932 -0.00585938
0.479223 -0.00195312
0.0458473 0.00195312
0.0456003 0.00585938
0.0453169 0.00976562
0.0449978 0.0136719
0.0446465 0.0175781
0.0442735 0.0214844
0.0438707 0.0253906
0.0434271 0.0292969
0.0429477 0.0332031
0.0424705 0.0371094
0.0429477 0.0332031
0.0419897 0.0410156
0.0414701 0.0449219
0.03925 0.0605469
0.040929 0.0488281
0.0403778 0.0527344
0.0398211 0.0566406
0.03925 0.0605469
0.0314556 0.115234
0.0309726 0.119141
0.0305537 0.123047
0.0386568 0.0644531
0.0380966 0.0683594
0.0375003 0.0722656
0.036886 0.0761719
0.0362799 0.0800781
0.0356935 0.0839844
0.0351234 0.0878906
0.0345953 0.0917969
0.0351234 0.0878906
0.0340873 0.0957031
0.0335631 0.0996094
0.0330295 0.103516
0.0324901 0.107422
0.0319617 0.111328
0.0314556 0.115234
0.03014 0.126953
0.0297312 0.130859
0.0293279 0.134766
0.0289362 0.138672
0.0285724 0.142578
0.0282313 0.146484
0.0278936 0.150391
0.0275454 0.154297
0.0271927 0.158203
0.0268854 0.162109
0.0271927 0.158203
0.0266055 0.166016
0.0263387 0.169922
0.0260848 0.173828
0.0258427 0.177734
0.0256124 0.181641
0.0253907 0.185547
0.025171 0.189453
0.0249575 0.193359
0.0247534 0.197266
0.0245594 0.201172
0.0243758 0.205078
0.0242023 0.208984
0.0240386 0.212891
0.0238838 0.216797
0.0234622 0.228516
0.0233235 0.232422
0.0237372 0.220703
0.0235977 0.224609
0.0234622 0.228516
0.0231911 0.236328
0.0230632 0.240234
0.0229403 0.244141
0.0228215 0.248047
0.0227072 0.251953
0.0225978 0.255859
0.0224938 0.259766
0.022396 0.263672
0.0223051 0.267578
0.0222222 0.271484
0.0221484 0.275391
0.0220842 0.279297
0.0220301 0.283203
0.0219861 0.287109
0.0219516 0.291016
0.021926 0.294922
0.0219086 0.298828
0.0218992 0.302734
0.021898 0.306641
0.0219057 0.310547
0.021923 0.314453
0.02195 0.318359
0.0219865 0.322266
0.0220317 0.326172
0.0220846 0.330078
0.022145 0.333984
0.0222129 0.337891
0.0222888 0.341797
0.0223733 0.345703
0.0224663 0.349609
0.0225679 0.353516
0.0226789 0.357422
0.0228009 0.361328
0.0229362 0.365234
0.0230874 0.369141
0.0232568 0.373047
0.0234454 0.376953
0.0234454 0.376953
0.0236556 0.380859
0.0238863 0.384766
0.0241388 0.388672
0.024415 0.392578
0.0247173 0.396484
0.0250507 0.400391
0.025421 0.404297
0.025834 0.408203
0.0263015 0.412109
0.0268542 0.416016
0.0275417 0.419922
0.0275417 0.419922
0.0283769 0.423828
0.0293928 0.427734
0.0306506 0.431641
0.0306506 0.431641
0.0322645 0.435547
0.0343785 0.439453
0.0343785 0.439453
0.037027 0.443359
0.0402201 0.447266
0.0402201 0.447266
0.0439463 0.451172
0.0449219 0.452125
0.0449219 0.452125
0.0488281 0.455731
0.0488281 0.455731
0.0527344 0.459058
0.0566406 0.462132
0.0566406 0.462132
0.0605469 0.464988
0.0605469 0.464988
0.0644531 0.46764
0.0644531 0.46764
0.0683594 0.470107
0.0722656 0.472384
0.0722656 0.472384
0.0761719 0.474475
0.0800781 0.476391
0.0800781 0.476391
0.0839844 0.478154
0.0878906 0.47977
0.0878906 0.47977
0.0917969 0.481275
0.0917969 0.481275
0.0957031 0.482659
0.0996094 0.483921
0.0996094 0.483921
0.103516 0.485086
0.107422 0.486137
0.111328 0.487085
0.115234 0.487945
0.115234 0.487945
0.119141 0.488737
0.119141 0.488737
0.123047 0.489454
0.126953 0.49009
0.130859 0.490644
0.134766 0.491105
0.138672 0.491468
0.142578 0.491727
0.146484 0.491876
0.150391 0.491914
0.154297 0.491839
0.158203 0.491653
0.162109 0.49136
0.166016 0.490968
0.169922 0.490488
0.173828 0.48994
0.177734 0.489344
0.181641 0.48872
0.185547 0.488102
0.185547 0.488102
0.189453 0.487487
0.193359 0.486888
0.197266 0.486317
0.201172 0.485788
0.216797 0.484251
0.205078 0.48531
0.208984 0.484891
0.212891 0.484537
0.216797 0.484251
0.220703 0.484036
0.224609 0.483897
0.228516 0.483834
0.232422 0.48385
0.236328 0.483945
0.240234 0.484117
0.244141 0.484361
0.244141 0.484361
0.248047 0.484673
0.286781 0.00195312
0.28921 0.00585938
0.28921 0.00585938
0.29149 0.00976562
0.293656 0.0136719
0.293656 0.0136719
0.295679 0.0175781
0.297676 0.0214844
0.297676 0.0214844
0.299535 0.0253906
0.301337 0.0292969
0.301337 0.0292969
0.30305 0.0332031
0.304707 0.0371094
0.304707 0.0371094
0.306336 0.0410156
0.307949 0.0449219
0.307949 0.0449219
0.309544 0.0488281
0.311128 0.0527344
0.312708 0.0566406
0.312708 0.0566406
0.314272 0.0605469
0.315829 0.0644531
0.315829 0.0644531
0.317429 0.0683594
0.319028 0.0722656
0.320607 0.0761719
0.320607 0.0761719
0.322139 0.0800781
0.323643 0.0839844
0.323643 0.0839844
0.325182 0.0878906
0.32663 0.0917969
0.328064 0.0957031
0.328064 0.0957031
0.329529 0.0996094
0.33095 0.103516
0.332337 0.107422
0.33095 0.103516
0.332337 0.107422
0.333681 0.111328
0.334946 0.115234
0.336143 0.119141
0.336143 0.119141
0.337273 0.123047
0.338336 0.126953
0.339336 0.130859
0.340255 0.134766
0.340255 0.134766
0.341056 0.138672
0.341773 0.142578
0.342417 0.146484
0.342986 0.150391
0.343475 0.154297
0.34388 0.158203
0.34388 0.158203
0.344193 0.162109
0.344409 0.166016
0.344527 0.169922
0.344547 0.173828
0.34447 0.177734
0.344297 0.181641
0.344033 0.185547
0.343689 0.189453
0.34325 0.193359
0.342723 0.197266
0.342118 0.201172
0.341432 0.205078
0.340654 0.208984
0.339786 0.212891
0.338856 0.216797
0.339786 0.212891
0.335823 0.228516
0.334769 0.232422
0.337872 0.220703
0.336871 0.224609
0.335823 0.228516
0.333676 0.236328
0.332613 0.240234
0.331621 0.244141
0.330721 0.248047
0.331621 0.244141
0.343689 0.189453
0.479128 0.00195312
0.479035 0.00585938
0.478944 0.00976562
0.478855 0.0136719
0.47877 0.0175781
0.478687 0.0214844
0.478606 0.0253906
0.478525 0.0292969
0.47844 0.0332031
0.47835 0.0371094
0.478257 0.0410156
0.478158 0.0449219
0.478051 0.0488281
0.477935 0.0527344
0.47781 0.0566406
0.477675 0.0605469
0.477528 0.0644531
0.477369 0.0683594
0.477198 0.0722656
0.477017 0.0761719
0.47683 0.0800781
0.476634 0.0839844
0.47642 0.0878906
0.47621 0.0917969
0.47683 0.0800781
0.476634 0.0839844
0.475999 0.0957031
0.475784 0.0996094
0.475565 0.103516
0.475345 0.107422
0.475131 0.111328
0.47492 0.115234
0.474711 0.119141
0.474511 0.123047
0.474321 0.126953
0.474137 0.130859
0.473959 0.134766
0.473783 0.138672
0.473606 0.142578
0.473426 0.146484
0.473245 0.150391
0.473065 0.154297
0.472668 0.162109
0.47288 0.158203
0.472668 0.162109
0.472453 0.166016
0.472253 0.169922
0.472055 0.173828
0.471848 0.177734
0.47162 0.181641
0.47136 0.185547
0.46881 0.212891
0.468333 0.216797
0.467844 0.220703
0.46734 0.224609
0.466826 0.228516
0.466313 0.232422
0.465799 0.236328
0.465286 0.240234
0.464753 0.244141
0.464205 0.248047
0.464753 0.244141
0.471061 0.189453
0.470724 0.193359
0.470371 0.197266
0.470011 0.201172
0.469632 0.205078
0.469237 0.208984
0.46881 0.212891
0.328214 0.259766
0.327454 0.263672
0.326725 0.267578
0.326101 0.271484
0.325588 0.275391
0.325171 0.279297
0.32987 0.251953
0.329037 0.255859
0.328214 0.259766
0.324804 0.283203
0.324476 0.287109
0.324139 0.291016
0.32375 0.294922
0.324139 0.291016
0.323368 0.298828
0.323028 0.302734
0.322757 0.306641
0.322585 0.310547
0.322465 0.314453
0.322321 0.318359
0.322139 0.322266
0.321969 0.326172
0.32186 0.330078
0.321775 0.333984
0.321727 0.337891
0.322359 0.341797
0.325318 0.345703
0.326172 0.346328
0.330078 0.347756
0.330078 0.347756
0.333984 0.348388
0.337891 0.348634
0.341797 0.34882
0.345703 0.349127
0.349609 0.349676
0.353516 0.35053
0.357422 0.351717
0.357422 0.351717
0.361328 0.353308
0.365234 0.355296
0.365234 0.355296
0.369141 0.35769
0.373047 0.360405
0.373047 0.360405
0.251953 0.485051
0.255859 0.48549
0.259766 0.485983
0.263672 0.486518
0.267578 0.487083
0.271484 0.487667
0.275391 0.488256
0.275391 0.488256
0.279297 0.488842
0.283203 0.489414
0.287109 0.489962
0.291016 0.490477
0.294922 0.490953
0.298828 0.49139
0.302734 0.491784
0.306641 0.492139
0.306641 0.492139
0.310547 0.492455
0.314453 0.492734
0.318359 0.492978
0.322266 0.493191
0.326172 0.493381
0.330078 0.493553
0.333984 0.493714
0.337891 0.493869
0.341797 0.494023
0.345703 0.494177
0.349609 0.494331
0.353516 0.494486
0.357422 0.494638
0.361328 0.494785
0.365234 0.494928
0.369141 0.495077
0.373047 0.495243
0.376953 0.363485
0.376953 0.363485
0.380859 0.36676
0.380859 0.36676
0.384766 0.370167
0.384766 0.370167
0.388672 0.373649
0.390625 0.375
0.463654 0.251953
0.463079 0.255859
0.462489 0.259766
0.461886 0.263672
0.461295 0.267578
0.460655 0.271484
0.460053 0.275391
0.459454 0.279297
0.461295 0.267578
0.460655 0.271484
0.458845 0.283203
0.458229 0.287109
0.456982 0.294922
0.457605 0.291016
0.456982 0.294922
0.45637 0.298828
0.455794 0.302734
0.455241 0.306641
0.454719 0.310547
0.453065 0.326172
0.452827 0.330078
0.452692 0.333984
0.452656 0.337891
0.452727 0.341797
0.454231 0.314453
0.453784 0.318359
0.453391 0.322266
0.453065 0.326172
0.452906 0.345703
0.4532 0.349609
0.452906 0.345703
0.4532 0.349609
0.45361 0.353516
0.454152 0.357422
0.454819 0.361328
0.455582 0.365234
0.456411 0.369141
0.457271 0.373047
0.457271 0.373047
0.388672 0.373649
0.392578 0.377142
0.396484 0.380629
0.396484 0.380629
0.400391 0.38411
0.400391 0.38411
0.404297 0.387581
0.404297 0.387581
0.408203 0.391035
0.408203 0.391035
0.412109 0.394428
0.412109 0.394428
0.416016 0.397699
0.416016 0.397699
0.419922 0.400783
0.419922 0.400783
0.423828 0.403722
0.423828 0.403722
0.427734 0.406201
0.427734 0.406201
0.431641 0.408311
0.435547 0.409952
0.435547 0.409952
0.376953 0.495439
0.380859 0.495666
0.384766 0.495934
0.38953 0.496272
0.392578 0.496651
0.396484 0.49692
0.400391 0.496964
0.404297 0.497009
0.408203 0.497003
0.412109 0.497062
0.416016 0.497115
0.419922 0.497083
0.423828 0.497153
0.427734 0.497253
0.431641 0.497264
0.435547 0.497276
0.458128 0.376953
0.458982 0.380859
0.459669 0.384766
0.460067 0.388672
0.460088 0.392578
0.459632 0.396484
0.456402 0.404297
0.458529 0.400391
0.456402 0.404297
0.439453 0.411028
0.443359 0.411316
0.447266 0.41071
0.447266 0.41071
0.451172 0.409012
0.455078 0.405897
0.439453 0.497317
0.443359 0.497321
0.447266 0.497319
0.451172 0.497381
0.455078 0.497467
0.458984 0.497518
0.462891 0.497513
0.466797 0.49752
0.470703 0.497536
0.474609 0.497543
0.478516 0.497557
0.482422 0.497545
0.486328 0.497548
0.490234 0.497563
0.494141 0.497565
0.498047 0.497558
