-0.481893 -0.498047
-0.48187 -0.494141
-0.481749 -0.490234
-0.481558 -0.486328
-0.481306 -0.482422
-0.480989 -0.478516
-0.480604 -0.474609
-0.480604 -0.474609
-0.480147 -0.470703
-0.479612 -0.466797
-0.47902 -0.462891
-0.478429 -0.458984
-0.47784 -0.455078
-0.47719 -0.451172
-0.476415 -0.447266
-0.476415 -0.447266
-0.475459 -0.443359
-0.474504 -0.439453
-0.473794 -0.435547
-0.473394 -0.431641
-0.473279 -0.427734
-0.473367 -0.423828
-0.473505 -0.419922
-0.473533 -0.416016
-0.473386 -0.412109
-0.473096 -0.408203
-0.472728 -0.404297
-0.472728 -0.404297
-0.472359 -0.400391
-0.472106 -0.396484
-0.472044 -0.392578
-0.472481 -0.384766
-0.472179 -0.388672
-0.472481 -0.384766
-0.472891 -0.380859
-0.473435 -0.376953
-0.423797 -0.494141
-0.425901 -0.490234
-0.42738 -0.486328
-0.425901 -0.490234
-0.427398 -0.482422
-0.426591 -0.478516
-0.425289 -0.474609
-0.425289 -0.474609
-0.423492 -0.470703
-0.419437 -0.496934
-0.416016 -0.497384
-0.41255 -0.494141
-0.414162 -0.490234
-0.415655 -0.486328
-0.410818 -0.496399
-0.41255 -0.494141
-0.408788 -0.497813
-0.408203 -0.49553
-0.414162 -0.490234
-0.416472 -0.482422
-0.416343 -0.478516
-0.415583 -0.474609
-0.41443 -0.470703
-0.41443 -0.470703
-0.421509 -0.466797
-0.421509 -0.466797
-0.419917 -0.462891
-0.418769 -0.458984
-0.418091 -0.456508
-0.417666 -0.454489
-0.413164 -0.466797
-0.412201 -0.462891
-0.411881 -0.458984
-0.411471 -0.455078
-0.416948 -0.451172
-0.416979 -0.447266
-0.416016 -0.440854
-0.416016 -0.440854
-0.411133 -0.451172
-0.411337 -0.447266
-0.410156 -0.449219
-0.410156 -0.445313
-0.410986 -0.443359
-0.410769 -0.439453
-0.40356 -0.497375
-0.40572 -0.495866
-0.416094 -0.435547
-0.414478 -0.432798
-0.411692 -0.435547
-0.412721 -0.431641
-0.409234 -0.430444
-0.411813 -0.427734
-0.410589 -0.423828
-0.408662 -0.429417
-0.410589 -0.423828
-0.409469 -0.419922
-0.407807 -0.416016
-0.40629 -0.412109
-0.404297 -0.4278
-0.40187 -0.426279
-0.40051 -0.423828
-0.398184 -0.419922
-0.40629 -0.412109
-0.40519 -0.408203
-0.398184 -0.419922
-0.395989 -0.416016
-0.393695 -0.412109
-0.393695 -0.412109
-0.390828 -0.408203
-0.390828 -0.408203
-0.404292 -0.404297
-0.403456 -0.400391
-0.402603 -0.396484
-0.402603 -0.396484
-0.401676 -0.392578
-0.40068 -0.388672
-0.39957 -0.384766
-0.398387 -0.380859
-0.398387 -0.380859
-0.397118 -0.376953
-0.388672 -0.405931
-0.384766 -0.402289
-0.384766 -0.402289
-0.380859 -0.399053
-0.380859 -0.399053
-0.376953 -0.395979
-0.376953 -0.395979
-0.476823 -0.361328
-0.474098 -0.373047
-0.474882 -0.369141
-0.475829 -0.365234
-0.476823 -0.361328
-0.477905 -0.357422
-0.479048 -0.353516
-0.480232 -0.349609
-0.481339 -0.345703
-0.480232 -0.349609
-0.484257 -0.333984
-0.484977 -0.330078
-0.485545 -0.326172
-0.485947 -0.322266
-0.48621 -0.318359
-0.486397 -0.314453
-0.482412 -0.341797
-0.483391 -0.337891
-0.484257 -0.333984
-0.486612 -0.310547
-0.486969 -0.306641
-0.48833 -0.298828
-0.487567 -0.302734
-0.48833 -0.298828
-0.489184 -0.294922
-0.490079 -0.291016
-0.490931 -0.287109
-0.49169 -0.283203
-0.49234 -0.279297
-0.492901 -0.275391
-0.493395 -0.271484
-0.493834 -0.267578
-0.49234 -0.279297
-0.494225 -0.263672
-0.494571 -0.259766
-0.494871 -0.255859
-0.495129 -0.251953
-0.395765 -0.373047
-0.394308 -0.369141
-0.394308 -0.369141
-0.39272 -0.365234
-0.390938 -0.361328
-0.390938 -0.361328
-0.388919 -0.357422
-0.386659 -0.353516
-0.386659 -0.353516
-0.38415 -0.349609
-0.38415 -0.349609
-0.381243 -0.345703
-0.377945 -0.341797
-0.377945 -0.341797
-0.374188 -0.337891
-0.373047 -0.392952
-0.373047 -0.392952
-0.369141 -0.389917
-0.369141 -0.389917
-0.365234 -0.386805
-0.365234 -0.386805
-0.361328 -0.383494
-0.361328 -0.383494
-0.357422 -0.37989
-0.357422 -0.37989
-0.354478 -0.376953
-0.333984 -0.416016
-0.281983 -0.427532
-0.281992 -0.424618
-0.279297 -0.427987
-0.279297 -0.424124
-0.277344 -0.425781
-0.277219 -0.425469
-0.35089 -0.373047
-0.35089 -0.373047
-0.347597 -0.369141
-0.347597 -0.369141
-0.34451 -0.365234
-0.373047 -0.336804
-0.373047 -0.336804
-0.369141 -0.333415
-0.369141 -0.333415
-0.365234 -0.330555
-0.365234 -0.330555
-0.361328 -0.328165
-0.361328 -0.328165
-0.357422 -0.326113
-0.353516 -0.324577
-0.353516 -0.324577
-0.349609 -0.323517
-0.345703 -0.322832
-0.34451 -0.365234
-0.341719 -0.361328
-0.338999 -0.357422
-0.338999 -0.357422
-0.336386 -0.353516
-0.336386 -0.353516
-0.334032 -0.349609
-0.331703 -0.345703
-0.331703 -0.345703
-0.329508 -0.341797
-0.32777 -0.337891
-0.341797 -0.322568
-0.337891 -0.322693
-0.333984 -0.323325
-0.329047 -0.326172
-0.330078 -0.325103
-0.32777 -0.337891
-0.326801 -0.333984
-0.326862 -0.330078
-0.329047 -0.326172
-0.495347 -0.248047
-0.495524 -0.244141
-0.495654 -0.240234
-0.495732 -0.236328
-0.495757 -0.232422
-0.495734 -0.228516
-0.495674 -0.224609
-0.495594 -0.220703
-0.495506 -0.216797
-0.495416 -0.212891
-0.495326 -0.208984
-0.495232 -0.205078
-0.495132 -0.201172
-0.495026 -0.197266
-0.494919 -0.193359
-0.494816 -0.189453
-0.494724 -0.185547
-0.494646 -0.181641
-0.494583 -0.177734
-0.494532 -0.173828
-0.49449 -0.169922
-0.494456 -0.166016
-0.494428 -0.162109
-0.494406 -0.158203
-0.494391 -0.154297
-0.494386 -0.150391
-0.494392 -0.146484
-0.494409 -0.142578
-0.494438 -0.138672
-0.494476 -0.134766
-0.49452 -0.130859
-0.494568 -0.126953
-0.494618 -0.123047
-0.494665 -0.119141
-0.49471 -0.115234
-0.49475 -0.111328
-0.494785 -0.107422
-0.494813 -0.103516
-0.494835 -0.0996094
-0.494849 -0.0957031
-0.494854 -0.0917969
-0.494849 -0.0878906
-0.494836 -0.0839844
-0.494813 -0.0800781
-0.494781 -0.0761719
-0.494741 -0.0722656
-0.494695 -0.0683594
-0.494643 -0.0644531
-0.494587 -0.0605469
-0.494529 -0.0566406
-0.494469 -0.0527344
-0.494408 -0.0488281
-0.494347 -0.0449219
-0.494286 -0.0410156
-0.494226 -0.0371094
-0.494165 -0.0332031
-0.494103 -0.0292969
-0.494046 -0.0253906
-0.493989 -0.0214844
-0.493935 -0.0175781
-0.493883 -0.0136719
-0.493835 -0.00976562
-0.493789 -0.00585938
-0.493746 -0.00195312
-0.243952 -0.498047
-0.240234 -0.497687
-0.237892 -0.499004
-0.224349 -0.498047
-0.222656 -0.496094
-0.22027 -0.497059
-0.222584 -0.496078
-0.201783 -0.439453
-0.197266 -0.445708
-0.199274 -0.443359
-0.201783 -0.439453
-0.199274 -0.443359
-0.193359 -0.449233
-0.193359 -0.449233
-0.189453 -0.451668
-0.203509 -0.435547
-0.20445 -0.431641
-0.204368 -0.427734
-0.203357 -0.423828
-0.203509 -0.435547
-0.203357 -0.423828
-0.201548 -0.419922
-0.199352 -0.416016
-0.199352 -0.416016
-0.196982 -0.412109
-0.194585 -0.408203
-0.194585 -0.408203
-0.192289 -0.404297
-0.192289 -0.404297
-0.19013 -0.400391
-0.188121 -0.396484
-0.185547 -0.453258
-0.181641 -0.453926
-0.177734 -0.453869
-0.173828 -0.453461
-0.185547 -0.453258
-0.169922 -0.452951
-0.169922 -0.452951
-0.166016 -0.452232
-0.162109 -0.451424
-0.158203 -0.450692
-0.154297 -0.450189
-0.150391 -0.449994
-0.146484 -0.450118
-0.142578 -0.450525
-0.130859 -0.453102
-0.126953 -0.453943
-0.138672 -0.45119
-0.134766 -0.452095
-0.130859 -0.453102
-0.188121 -0.396484
-0.186244 -0.392578
-0.184479 -0.388672
-0.182784 -0.384766
-0.182784 -0.384766
-0.18116 -0.380859
-0.179534 -0.376953
-0.179534 -0.376953
-0.177846 -0.373047
-0.176035 -0.369141
-0.176035 -0.369141
-0.174022 -0.365234
-0.171817 -0.361328
-0.171817 -0.361328
-0.169221 -0.357422
-0.166351 -0.353516
-0.169221 -0.357422
-0.166351 -0.353516
-0.163115 -0.349609
-0.163115 -0.349609
-0.162109 -0.348526
-0.158203 -0.344722
-0.158203 -0.344722
-0.154297 -0.341392
-0.154297 -0.341392
-0.150391 -0.338334
-0.146484 -0.335548
-0.146484 -0.335548
-0.142578 -0.332908
-0.142578 -0.332908
-0.138672 -0.330117
-0.134766 -0.327164
-0.134766 -0.327164
-0.130859 -0.323782
-0.130859 -0.323782
-0.129322 -0.322266
-0.126026 -0.318359
-0.0936699 -0.474609
-0.0952014 -0.470703
-0.123047 -0.45457
-0.119141 -0.454744
-0.115234 -0.454629
-0.111328 -0.454876
-0.107422 -0.455843
-0.103516 -0.457944
-0.103516 -0.457944
-0.0968062 -0.466797
-0.0990158 -0.462891
-0.0968062 -0.466797
-0.10225 -0.458984
-0.0859375 -0.492188
-0.0896836 -0.486328
-0.0871359 -0.490234
-0.0896836 -0.486328
-0.0839844 -0.492412
-0.0800781 -0.493266
-0.0839844 -0.492412
-0.0910014 -0.482422
-0.0922325 -0.478516
-0.0936699 -0.474609
-0.0761719 -0.492955
-0.0722656 -0.492332
-0.0722656 -0.492332
-0.0683594 -0.491554
-0.0644531 -0.490407
-0.0605469 -0.488996
-0.0566406 -0.487489
-0.0527344 -0.486059
-0.0488281 -0.484861
-0.0488281 -0.484861
-0.0449219 -0.483965
-0.0410156 -0.483358
-0.0371094 -0.483079
-0.0332031 -0.483037
-0.0292969 -0.482976
-0.0253906 -0.482654
-0.0214844 -0.482104
-0.0175781 -0.481468
-0.0136719 -0.480765
-0.0136719 -0.480765
-0.00976562 -0.479881
-0.00976562 -0.479881
-0.00585938 -0.478782
-0.00195312 -0.477407
0.00104688 -0.458984
-0.00158394 -0.455078
-0.00882979 -0.443359
-0.0106782 -0.439453
-0.00417851 -0.451172
-0.00665942 -0.447266
-0.00417851 -0.451172
-0.012101 -0.435547
-0.0131197 -0.431641
-0.012101 -0.435547
-0.0136562 -0.427734
-0.0136244 -0.423828
-0.0129131 -0.419922
-0.011463 -0.416016
-0.011463 -0.416016
-0.00931019 -0.412109
-0.0070107 -0.408203
-0.0070107 -0.408203
-0.00534898 -0.404297
-0.00436675 -0.400391
-0.00393121 -0.396484
-0.00395988 -0.392578
-0.00393121 -0.396484
-0.00395988 -0.392578
-0.00426051 -0.388672
-0.00467275 -0.384766
-0.00511267 -0.380859
-0.00552839 -0.376953
-0.126026 -0.318359
-0.123511 -0.314453
-0.121585 -0.310547
-0.121585 -0.310547
-0.120141 -0.306641
-0.119112 -0.302734
-0.118319 -0.298828
-0.117649 -0.294922
-0.117032 -0.291016
-0.117032 -0.291016
-0.116388 -0.287109
-0.115706 -0.283203
-0.114987 -0.279297
-0.114266 -0.275391
-0.11356 -0.271484
-0.11356 -0.271484
-0.112884 -0.267578
-0.112222 -0.263672
-0.111597 -0.259766
-0.111014 -0.255859
-0.110468 -0.251953
-0.00588665 -0.373047
-0.00616143 -0.369141
-0.00633858 -0.365234
-0.00642054 -0.361328
-0.00642909 -0.357422
-0.00640032 -0.353516
-0.0063719 -0.349609
-0.00636948 -0.345703
-0.0064003 -0.341797
-0.0064566 -0.337891
-0.00652583 -0.333984
-0.00659933 -0.330078
-0.00667478 -0.326172
-0.00675371 -0.322266
-0.00683693 -0.318359
-0.00692038 -0.314453
-0.00699354 -0.310547
-0.00704248 -0.306641
-0.00705635 -0.302734
-0.00703195 -0.298828
-0.00697221 -0.294922
-0.00688105 -0.291016
-0.00676197 -0.287109
-0.00662107 -0.283203
-0.00647023 -0.279297
-0.00632943 -0.275391
-0.00622643 -0.271484
-0.00619263 -0.267578
-0.00625582 -0.263672
-0.00643318 -0.259766
-0.00672649 -0.255859
-0.00711993 -0.251953
-0.127677 -0.126953
-0.125105 -0.130859
-0.127677 -0.126953
-0.233929 -0.0175781
-0.241378 -0.00976562
-0.24476 -0.00585938
-0.247977 -0.00195312
-0.24476 -0.00585938
-0.237783 -0.0136719
-0.241378 -0.00976562
-0.237783 -0.0136719
-0.228516 -0.022615
-0.232422 -0.0190168
-0.232422 -0.0190168
-0.228516 -0.022615
-0.224609 -0.026005
-0.224609 -0.026005
-0.220703 -0.029238
-0.216797 -0.0323603
-0.212891 -0.035406
-0.212891 -0.035406
-0.208984 -0.0384215
-0.205078 -0.0414505
-0.208984 -0.0384215
-0.197266 -0.0476346
-0.189453 -0.0542213
-0.193359 -0.0508608
-0.193359 -0.0508608
-0.189453 -0.0542213
-0.201172 -0.0445104
-0.201172 -0.0445104
-0.197266 -0.0476346
-0.216797 -0.0323603
-0.181641 -0.0613921
-0.17102 -0.0722656
-0.174676 -0.0683594
-0.178505 -0.0644531
-0.174676 -0.0683594
-0.164168 -0.0800781
-0.15454 -0.0917969
-0.157734 -0.0878906
-0.160915 -0.0839844
-0.164168 -0.0800781
-0.160915 -0.0839844
-0.167529 -0.0761719
-0.17102 -0.0722656
-0.167529 -0.0761719
-0.139141 -0.111328
-0.151373 -0.0957031
-0.148301 -0.0996094
-0.151373 -0.0957031
-0.14527 -0.103516
-0.142236 -0.107422
-0.14527 -0.103516
-0.148301 -0.0996094
-0.133303 -0.119141
-0.136178 -0.115234
-0.139141 -0.111328
-0.136178 -0.115234
-0.130469 -0.123047
-0.133303 -0.119141
-0.15454 -0.0917969
-0.157734 -0.0878906
-0.185547 -0.057727
-0.185547 -0.057727
-0.181641 -0.0613921
-0.109955 -0.248047
-0.109476 -0.244141
-0.109476 -0.244141
-0.109013 -0.240234
-0.108567 -0.236328
-0.108138 -0.232422
-0.10773 -0.228516
-0.107351 -0.224609
-0.106998 -0.220703
-0.106669 -0.216797
-0.106367 -0.212891
-0.106106 -0.208984
-0.105899 -0.205078
-0.105754 -0.201172
-0.105682 -0.197266
-0.105691 -0.193359
-0.105795 -0.189453
-0.109044 -0.166016
-0.110125 -0.162109
-0.111371 -0.158203
-0.106005 -0.185547
-0.106335 -0.181641
-0.106795 -0.177734
-0.107392 -0.173828
-0.108137 -0.169922
-0.109044 -0.166016
-0.116206 -0.146484
-0.118182 -0.142578
-0.112797 -0.154297
-0.114417 -0.150391
-0.112797 -0.154297
-0.116206 -0.146484
-0.118182 -0.142578
-0.120324 -0.138672
-0.12267 -0.134766
-0.120324 -0.138672
-0.125105 -0.130859
-0.00806855 -0.244141
-0.00859657 -0.240234
-0.00905525 -0.236328
-0.00758767 -0.248047
-0.00806855 -0.244141
-0.00939195 -0.232422
-0.00954614 -0.228516
-0.00950549 -0.224609
-0.00930142 -0.220703
-0.00899994 -0.216797
-0.00867729 -0.212891
-0.00838763 -0.208984
-0.00815638 -0.205078
-0.00799708 -0.201172
-0.00791934 -0.197266
-0.00793077 -0.193359
-0.008035 -0.189453
-0.00823014 -0.185547
-0.00850965 -0.181641
-0.00886088 -0.177734
-0.00925997 -0.173828
-0.00966739 -0.169922
-0.0100249 -0.166016
-0.0102747 -0.162109
-0.0103847 -0.158203
-0.0103493 -0.154297
-0.0101894 -0.150391
-0.00993943 -0.146484
-0.00964213 -0.142578
-0.00933276 -0.138672
-0.0090306 -0.134766
-0.00874584 -0.130859
-0.0084832 -0.126953
-0.00824591 -0.123047
-0.00803657 -0.119141
-0.00785684 -0.115234
-0.00785684 -0.115234
-0.00771056 -0.111328
-0.00760551 -0.107422
-0.00753748 -0.103516
-0.00751452 -0.0996094
-0.00754033 -0.0957031
-0.00774474 -0.0878906
-0.00791627 -0.0839844
-0.00814307 -0.0800781
-0.00761671 -0.0917969
-0.00774474 -0.0878906
-0.00839935 -0.0761719
-0.00867751 -0.0722656
-0.00896077 -0.0683594
-0.00923765 -0.0644531
-0.00950454 -0.0605469
-0.00976857 -0.0566406
-0.0100367 -0.0527344
-0.010315 -0.0488281
-0.010595 -0.0449219
-0.0108655 -0.0410156
-0.0111213 -0.0371094
-0.0113684 -0.0332031
-0.0116184 -0.0292969
-0.0118763 -0.0253906
-0.0116184 -0.0292969
-0.0118763 -0.0253906
-0.012167 -0.0214844
-0.0124658 -0.0175781
-0.0127626 -0.0136719
-0.0130171 -0.00976562
-0.0131734 -0.00585938
-0.013178 -0.00195312
-0.493705 0.00195312
-0.493665 0.00585938
-0.493624 0.00976562
-0.493583 0.0136719
-0.493541 0.0175781
-0.493498 0.0214844
-0.493454 0.0253906
-0.493409 0.0292969
-0.493366 0.0332031
-0.493326 0.0371094
-0.493291 0.0410156
-0.493265 0.0449219
-0.493248 0.0488281
-0.493244 0.0527344
-0.493252 0.0566406
-0.493274 0.0605469
-0.493309 0.0644531
-0.493356 0.0683594
-0.493413 0.0722656
-0.493477 0.0761719
-0.493545 0.0800781
-0.493615 0.0839844
-0.493683 0.0878906
-0.493745 0.0917969
-0.493799 0.0957031
-0.493842 0.0996094
-0.493869 0.103516
-0.493877 0.107422
-0.493863 0.111328
-0.493822 0.115234
-0.493751 0.119141
-0.493643 0.123047
-0.493496 0.126953
-0.493305 0.130859
-0.493071 0.134766
-0.492798 0.138672
-0.492495 0.142578
-0.492173 0.146484
-0.492173 0.146484
-0.49185 0.150391
-0.491535 0.154297
-0.491223 0.158203
-0.490921 0.162109
-0.490644 0.166016
-0.490399 0.169922
-0.490196 0.173828
-0.490033 0.177734
-0.48992 0.181641
-0.489853 0.185547
-0.489828 0.189453
-0.489839 0.193359
-0.489881 0.197266
-0.489949 0.201172
-0.490044 0.205078
-0.490167 0.208984
-0.490325 0.212891
-0.490521 0.216797
-0.490765 0.220703
-0.491048 0.224609
-0.491349 0.228516
-0.491652 0.232422
-0.492197 0.240234
-0.492412 0.244141
-0.492555 0.248047
-0.491937 0.236328
-0.492197 0.240234
-0.311517 0.0957031
-0.313745 0.0996094
-0.315873 0.103516
-0.317926 0.107422
-0.315873 0.103516
-0.319878 0.111328
-0.321748 0.115234
-0.323503 0.119141
-0.325177 0.123047
-0.323503 0.119141
-0.319878 0.111328
-0.289524 0.0605469
-0.284711 0.0527344
-0.282319 0.0488281
-0.284711 0.0527344
-0.287136 0.0566406
-0.289524 0.0605469
-0.26487 0.0214844
-0.27 0.0292969
-0.267488 0.0253906
-0.27 0.0292969
-0.256783 0.00976562
-0.259571 0.0136719
-0.253929 0.00585938
-0.250991 0.00195312
-0.253929 0.00585938
-0.256783 0.00976562
-0.262243 0.0175781
-0.26487 0.0214844
-0.262243 0.0175781
-0.272511 0.0332031
-0.275025 0.0371094
-0.277474 0.0410156
-0.2799 0.0449219
-0.277474 0.0410156
-0.272511 0.0332031
-0.282319 0.0488281
-0.299423 0.0761719
-0.296912 0.0722656
-0.299423 0.0761719
-0.304372 0.0839844
-0.309213 0.0917969
-0.30683 0.0878906
-0.309213 0.0917969
-0.301906 0.0800781
-0.304372 0.0839844
-0.301906 0.0800781
-0.291938 0.0644531
-0.294429 0.0683594
-0.291938 0.0644531
-0.296912 0.0722656
-0.311517 0.0957031
-0.343916 0.181641
-0.344852 0.185547
-0.328254 0.130859
-0.329718 0.134766
-0.331126 0.138672
-0.336332 0.154297
-0.332478 0.142578
-0.333801 0.146484
-0.332478 0.142578
-0.335092 0.150391
-0.336332 0.154297
-0.326744 0.126953
-0.328254 0.130859
-0.337521 0.158203
-0.33867 0.162109
-0.339782 0.166016
-0.340863 0.169922
-0.339782 0.166016
-0.341908 0.173828
-0.342928 0.177734
-0.343916 0.181641
-0.345729 0.189453
-0.346524 0.193359
-0.347765 0.201172
-0.347209 0.197266
-0.347765 0.201172
-0.348179 0.205078
-0.348442 0.208984
-0.348559 0.212891
-0.34854 0.216797
-0.348407 0.220703
-0.348194 0.224609
-0.347951 0.228516
-0.347728 0.232422
-0.347728 0.232422
-0.347576 0.236328
-0.347505 0.240234
-0.347732 0.248047
-0.347543 0.244141
-0.347732 0.248047
-0.492524 0.251953
-0.492167 0.255859
-0.492167 0.255859
-0.491373 0.259766
-0.490101 0.263672
-0.488499 0.267578
-0.488499 0.267578
-0.487083 0.271484
-0.486148 0.275391
-0.48582 0.279297
-0.485976 0.283203
-0.486198 0.287109
-0.485773 0.291016
-0.483545 0.294922
-0.483545 0.294922
-0.482422 0.296123
-0.478516 0.298668
-0.474609 0.30095
-0.474609 0.30095
-0.470703 0.303736
-0.467893 0.306641
-0.467893 0.306641
-0.465022 0.310547
-0.465022 0.310547
-0.498047 0.366476
-0.494141 0.366639
-0.498047 0.366476
-0.494141 0.366639
-0.490234 0.366392
-0.486328 0.365741
-0.490234 0.366392
-0.470703 0.357821
-0.482422 0.364662
-0.478516 0.363061
-0.478516 0.363061
-0.474609 0.360839
-0.470703 0.357821
-0.462981 0.314453
-0.461384 0.318359
-0.461384 0.318359
-0.460294 0.322266
-0.459615 0.326172
-0.460544 0.341797
-0.459284 0.330078
-0.459286 0.333984
-0.459678 0.337891
-0.460544 0.341797
-0.464114 0.349609
-0.462041 0.345703
-0.464114 0.349609
-0.466824 0.353516
-0.470292 0.357422
-0.37535 0.302734
-0.378035 0.306641
-0.380359 0.310547
-0.378035 0.306641
-0.382374 0.314453
-0.383787 0.318359
-0.384718 0.322266
-0.385186 0.326172
-0.382374 0.314453
-0.385249 0.330078
-0.384956 0.333984
-0.38433 0.337891
-0.383393 0.341797
-0.382184 0.345703
-0.382184 0.345703
-0.380719 0.349609
-0.378984 0.353516
-0.378984 0.353516
-0.377007 0.357422
-0.374738 0.361328
-0.436604 0.431641
-0.439086 0.435547
-0.492319 0.464724
-0.492285 0.465814
-0.491478 0.464753
-0.491627 0.465637
-0.496375 0.499363
-0.494084 0.499143
-0.491447 0.498894
-0.441028 0.439453
-0.44175 0.443359
-0.441028 0.439453
-0.44175 0.443359
-0.441714 0.447266
-0.441379 0.451172
-0.441379 0.451172
-0.440789 0.455078
-0.439894 0.458984
-0.439046 0.462891
-0.438508 0.466797
-0.438429 0.470703
-0.438716 0.474609
-0.439236 0.478516
-0.439784 0.482422
-0.451172 0.498274
-0.448613 0.498747
-0.440259 0.486328
-0.440682 0.490234
-0.443076 0.498047
-0.441209 0.494141
-0.443076 0.498047
-0.428339 0.419922
-0.423828 0.414998
-0.424838 0.416016
-0.428339 0.419922
-0.424838 0.416016
-0.434028 0.427734
-0.431411 0.423828
-0.434028 0.427734
-0.436604 0.431641
-0.419922 0.411855
-0.416016 0.409814
-0.416016 0.409814
-0.412109 0.408642
-0.408203 0.408154
-0.404297 0.40823
-0.400391 0.408762
-0.396484 0.409672
-0.396484 0.409672
-0.392578 0.410929
-0.388672 0.412633
-0.384766 0.414729
-0.384766 0.414729
-0.380859 0.417169
-0.380859 0.417169
-0.376953 0.42009
-0.427734 0.499921
-0.425757 0.499929
-0.348079 0.251953
-0.348609 0.255859
-0.349371 0.259766
-0.350424 0.263672
-0.351815 0.267578
-0.353484 0.271484
-0.355568 0.275391
-0.357926 0.279297
-0.355568 0.275391
-0.351815 0.267578
-0.366432 0.291016
-0.369481 0.294922
-0.363496 0.287109
-0.360631 0.283203
-0.363496 0.287109
-0.366432 0.291016
-0.372504 0.298828
-0.37535 0.302734
-0.372504 0.298828
-0.360631 0.283203
-0.374738 0.361328
-0.372218 0.365234
-0.372218 0.365234
-0.369409 0.369141
-0.366287 0.373047
-0.366287 0.373047
-0.362833 0.376953
-0.362833 0.376953
-0.359053 0.380859
-0.357422 0.382444
-0.357422 0.382444
-0.353516 0.386173
-0.353516 0.386173
-0.349609 0.389981
-0.347082 0.392578
-0.347082 0.392578
-0.343648 0.396484
-0.374903 0.421777
-0.373259 0.423828
-0.370709 0.427734
-0.370709 0.427734
-0.369096 0.431641
-0.368053 0.435547
-0.343648 0.396484
-0.340796 0.400391
-0.340796 0.400391
-0.338463 0.404297
-0.336431 0.408203
-0.336431 0.408203
-0.334881 0.412109
-0.333526 0.416016
-0.332498 0.419922
-0.331885 0.423828
-0.331885 0.423828
-0.331558 0.427734
-0.331399 0.431641
-0.331456 0.435547
-0.367439 0.439453
-0.367036 0.443359
-0.367439 0.439453
-0.367036 0.443359
-0.366674 0.447266
-0.366177 0.451172
-0.365309 0.455078
-0.363543 0.458984
-0.363543 0.458984
-0.361328 0.462009
-0.357422 0.463263
-0.353516 0.463455
-0.345703 0.461599
-0.349609 0.462927
-0.345703 0.461599
-0.336579 0.447266
-0.337587 0.451172
-0.332232 0.439453
-0.334185 0.443359
-0.332232 0.439453
-0.336579 0.447266
-0.341797 0.459341
-0.33732 0.455078
-0.337891 0.455289
-0.341797 0.459341
-0.338597 0.461158
-0.337845 0.458984
-0.330078 0.460259
-0.332795 0.462891
-0.332084 0.466797
-0.330078 0.460259
-0.331531 0.466797
-0.326928 0.460158
-0.326172 0.465128
-0.326172 0.465128
-0.332741 0.470703
-0.33108 0.474609
-0.33108 0.474609
-0.330078 0.475633
-0.32536 0.470703
-0.32536 0.470703
-0.322309 0.474609
-0.326172 0.477748
-0.322266 0.479524
-0.320269 0.476543
-0.317534 0.477544
-0.318133 0.481652
-0.314453 0.478688
-0.314698 0.482422
-0.315237 0.486328
-0.314057 0.490234
-0.313958 0.494141
-0.312509 0.496102
-0.31097 0.479427
-0.309571 0.482023
-0.309374 0.486328
-0.308721 0.489496
-0.308535 0.487695
-0.308433 0.491141
-0.308594 0.496094
-0.310084 0.4969
-0.308158 0.494141
-0.30701 0.498047
-0.304685 0.499991
-0.250991 0.00195312
-0.0130117 0.00195312
-0.0127056 0.00585938
-0.0123216 0.00976562
-0.0119286 0.0136719
-0.0119286 0.0136719
-0.0115769 0.0175781
-0.0115769 0.0175781
-0.0113525 0.0214844
-0.0112643 0.0253906
-0.0113501 0.0292969
-0.0118142 0.0371094
-0.0115637 0.0332031
-0.0118142 0.0371094
-0.0120779 0.0410156
-0.0123398 0.0449219
-0.0125583 0.0488281
-0.0126944 0.0527344
-0.0127193 0.0566406
-0.0126163 0.0605469
-0.0123829 0.0644531
-0.0120319 0.0683594
-0.0115672 0.0722656
-0.0115672 0.0722656
-0.0110439 0.0761719
-0.0104495 0.0800781
-0.00982384 0.0839844
-0.00918608 0.0878906
-0.00855202 0.0917969
-0.00793001 0.0957031
-0.00793001 0.0957031
-0.00733373 0.0996094
-0.0067712 0.103516
-0.00627539 0.107422
-0.00588751 0.111328
-0.00567335 0.115234
-0.00567028 0.119141
-0.0058915 0.123047
-0.00772882 0.138672
-0.00630055 0.126953
-0.00682032 0.130859
-0.00733075 0.134766
-0.00772882 0.138672
-0.00798997 0.142578
-0.00815181 0.146484
-0.00827266 0.150391
-0.00850735 0.154297
-0.00894841 0.158203
-0.00958832 0.162109
-0.0103388 0.166016
-0.0110964 0.169922
-0.0117542 0.173828
-0.0122819 0.177734
-0.0117542 0.173828
-0.0126248 0.181641
-0.0127 0.185547
-0.0125617 0.189453
-0.0122752 0.193359
-0.0119191 0.197266
-0.0115601 0.201172
-0.0115601 0.201172
-0.0112576 0.205078
-0.0110191 0.208984
-0.010866 0.212891
-0.0108169 0.216797
-0.0108824 0.220703
-0.0110679 0.224609
-0.0118036 0.232422
-0.0113806 0.228516
-0.0118036 0.232422
-0.0123655 0.236328
-0.0130519 0.240234
-0.0138458 0.244141
-0.0147363 0.248047
-0.181115 0.490234
-0.181925 0.494141
-0.181192 0.497844
-0.17612 0.488251
-0.177734 0.488387
-0.175453 0.488122
-0.173675 0.490234
-0.177647 0.495551
-0.178301 0.496981
-0.17445 0.494141
-0.0317132 0.298828
-0.0332918 0.302734
-0.0354434 0.310547
-0.0345658 0.306641
-0.0354434 0.310547
-0.0156872 0.251953
-0.0167116 0.255859
-0.0177647 0.259766
-0.0189105 0.263672
-0.0238623 0.279297
-0.0200194 0.267578
-0.0212664 0.271484
-0.0225475 0.275391
-0.0238623 0.279297
-0.0156872 0.251953
-0.0268496 0.287109
-0.0253376 0.283203
-0.0268496 0.287109
-0.028436 0.291016
-0.0301498 0.294922
-0.0317132 0.298828
-0.0360375 0.314453
-0.0361556 0.318359
-0.035823 0.322266
-0.0350933 0.326172
-0.0350933 0.326172
-0.0341087 0.330078
-0.0329033 0.333984
-0.031501 0.337891
-0.031501 0.337891
-0.0299744 0.341797
-0.00976562 0.327205
-0.0121153 0.330078
-0.0119004 0.33238
-0.00976562 0.336094
-0.00976562 0.336094
-0.0075947 0.330078
-0.00757429 0.332509
-0.028323 0.345703
-0.0266262 0.349609
-0.0266262 0.349609
-0.0249694 0.353516
-0.0233897 0.357422
-0.0233897 0.357422
-0.0219095 0.361328
-0.0204737 0.365234
-0.0190904 0.369141
-0.0190904 0.369141
-0.0177558 0.373047
-0.0164987 0.376953
-0.0153487 0.380859
-0.0153487 0.380859
-0.0142977 0.384766
-0.0133623 0.388672
-0.0125766 0.392578
-0.0119579 0.396484
-0.0119579 0.396484
-0.0114708 0.400391
-0.0111356 0.404297
-2.08938e-05 0.392578
-0.000417288 0.396484
-0.000810232 0.400391
-0.00120399 0.404297
-0.0109255 0.408203
-0.0108216 0.412109
-0.0108056 0.416016
-0.0108692 0.419922
-0.0015827 0.408203
-0.00191103 0.412109
-0.00219431 0.416016
-0.00243961 0.419922
-0.0110062 0.423828
-0.0112006 0.427734
-0.011417 0.431641
-0.0116055 0.435547
-0.00266741 0.423828
-0.00288336 0.427734
-0.00306972 0.431641
-0.00319936 0.435547
-0.0117265 0.439453
-0.0117775 0.443359
-0.0117265 0.439453
-0.0117863 0.447266
-0.0117834 0.451172
-0.0032627 0.439453
-0.00328551 0.443359
-0.00330811 0.447266
-0.00334431 0.451172
-0.011764 0.455078
-0.0117083 0.458984
-0.0117083 0.458984
-0.011592 0.462891
-0.011377 0.466797
-0.00337014 0.455078
-0.00337975 0.458984
-0.00338633 0.462891
-0.00335518 0.466797
-0.0110794 0.470703
-0.0107727 0.474609
-0.0105251 0.478516
-0.0103422 0.482422
-0.00324609 0.470703
-0.00310037 0.474609
-0.00297898 0.478516
-0.00287929 0.482422
-0.0101985 0.486328
-0.0100786 0.490234
-0.00998546 0.494141
-0.00993722 0.498047
-0.00277577 0.486328
-0.0026685 0.490234
-0.0025815 0.494141
-0.00253492 0.498047
0.00195312 -0.475674
0.00425437 -0.476738
0.00195312 -0.475674
0.00451566 -0.474609
0.00580123 -0.470703
0.0162191 -0.474609
0.0146094 -0.470703
0.0175781 -0.476527
0.0214844 -0.479589
0.0214844 -0.479589
0.0162191 -0.474609
0.0253906 -0.481807
0.0292969 -0.483379
0.00353667 -0.462891
0.0050633 -0.466797
0.00353667 -0.462891
0.00104688 -0.458984
-0.00158394 -0.455078
0.0143618 -0.466797
0.0144542 -0.462891
0.0145341 -0.458984
0.014447 -0.455078
0.0141388 -0.451172
0.0135403 -0.447266
0.011737 -0.439453
0.012721 -0.443359
0.011737 -0.439453
0.0332031 -0.484231
0.0371094 -0.484403
0.0332031 -0.484231
0.0371094 -0.484403
0.0410156 -0.483877
0.0449219 -0.482663
0.0488281 -0.480773
0.0488281 -0.480773
0.0527344 -0.478372
0.0566406 -0.475512
0.0566406 -0.475512
0.0605469 -0.472154
0.0605469 -0.472154
0.00747185 -0.423828
0.0106785 -0.435547
0.00961201 -0.431641
0.00854374 -0.427734
0.00747185 -0.423828
0.00646685 -0.419922
0.00570257 -0.416016
0.00544264 -0.412109
0.00581915 -0.408203
0.00671928 -0.404297
0.00770535 -0.400391
0.00770535 -0.400391
0.00866107 -0.396484
0.00954348 -0.392578
0.0101644 -0.388672
0.0104931 -0.384766
0.0105787 -0.380859
0.0104982 -0.376953
0.0644531 -0.468465
0.0660726 -0.466797
0.0683594 -0.464552
0.0699368 -0.462891
0.0722656 -0.460605
0.0738729 -0.458984
0.0761719 -0.456748
0.0761719 -0.456748
0.0800781 -0.453171
0.0800781 -0.453171
0.0839844 -0.449866
0.0839844 -0.449866
0.0878906 -0.446775
0.0917969 -0.443973
0.0878906 -0.446775
0.0917969 -0.443973
0.0957031 -0.441469
0.0957031 -0.441469
0.0996094 -0.439398
0.103516 -0.437667
0.103516 -0.437667
0.107422 -0.436343
0.111328 -0.435322
0.115234 -0.43466
0.119141 -0.434341
0.123047 -0.434357
0.0103255 -0.373047
0.0101171 -0.369141
0.00991445 -0.365234
0.00974859 -0.361328
0.0096484 -0.357422
0.00962922 -0.353516
0.00968576 -0.349609
0.00979986 -0.345703
0.00993274 -0.341797
0.0100494 -0.337891
0.0101221 -0.333984
0.0101347 -0.330078
0.0100823 -0.326172
0.00996822 -0.322266
0.00980203 -0.318359
0.0095931 -0.314453
0.00936028 -0.310547
0.00912229 -0.306641
0.00889553 -0.302734
0.00869021 -0.298828
0.00850973 -0.294922
0.00835401 -0.291016
0.00822311 -0.287109
0.00811958 -0.283203
0.00804956 -0.279297
0.00802289 -0.275391
0.00805041 -0.271484
0.00813873 -0.267578
0.00828658 -0.263672
0.00848242 -0.259766
0.00870052 -0.255859
0.00889891 -0.251953
0.121911 -0.330078
0.124704 -0.333984
0.121911 -0.330078
0.116955 -0.322266
0.112613 -0.314453
0.114689 -0.318359
0.112613 -0.314453
0.119323 -0.326172
0.116955 -0.322266
0.108934 -0.306641
0.105773 -0.298828
0.107292 -0.302734
0.105773 -0.298828
0.101946 -0.287109
0.100891 -0.283203
0.104365 -0.294922
0.103099 -0.291016
0.101946 -0.287109
0.110681 -0.310547
0.108934 -0.306641
0.0999355 -0.279297
0.0990902 -0.275391
0.0977324 -0.267578
0.0983581 -0.271484
0.0977324 -0.267578
0.0971914 -0.263672
0.09674 -0.259766
0.0963782 -0.255859
0.0961134 -0.251953
0.132812 -0.5
0.138672 -0.437459
0.142578 -0.438832
0.146484 -0.440435
0.150391 -0.442141
0.150391 -0.442141
0.154297 -0.443962
0.158203 -0.445869
0.162109 -0.447827
0.162109 -0.447827
0.158203 -0.445869
0.166016 -0.449798
0.166016 -0.449798
0.169922 -0.45172
0.173828 -0.453541
0.177734 -0.455208
0.181641 -0.456697
0.181641 -0.456697
0.185547 -0.457883
0.173828 -0.453541
0.126953 -0.434698
0.130859 -0.43535
0.134766 -0.436286
0.138672 -0.437459
0.169922 -0.374121
0.173828 -0.376283
0.177734 -0.378311
0.177734 -0.378311
0.181641 -0.380191
0.185547 -0.381903
0.189453 -0.458815
0.193359 -0.459454
0.197266 -0.459779
0.201172 -0.459768
0.205078 -0.459415
0.208984 -0.458702
0.212891 -0.457551
0.212891 -0.457551
0.216797 -0.456112
0.22941 -0.49846
0.232422 -0.498428
0.220703 -0.454028
0.220703 -0.454028
0.224609 -0.451605
0.228516 -0.448972
0.228516 -0.448972
0.232422 -0.446029
0.232422 -0.446029
0.236328 -0.443191
0.240234 -0.440507
0.240234 -0.440507
0.244141 -0.437764
0.189453 -0.383478
0.193359 -0.384924
0.189453 -0.383478
0.197266 -0.386239
0.197266 -0.386239
0.201172 -0.387417
0.201172 -0.387417
0.216797 -0.390822
0.205078 -0.388462
0.208984 -0.389379
0.212891 -0.390164
0.216797 -0.390822
0.244141 -0.437764
0.248047 -0.43516
0.220703 -0.391345
0.224609 -0.391732
0.228516 -0.391975
0.232422 -0.392064
0.236328 -0.391997
0.240234 -0.391768
0.244141 -0.391373
0.248047 -0.39081
0.248047 -0.39081
0.134408 -0.345703
0.138672 -0.350155
0.138129 -0.349609
0.134408 -0.345703
0.138129 -0.349609
0.150391 -0.36073
0.154297 -0.363774
0.154297 -0.363774
0.142578 -0.353933
0.142578 -0.353933
0.146484 -0.357455
0.150391 -0.36073
0.127729 -0.337891
0.130954 -0.341797
0.127729 -0.337891
0.124704 -0.333984
0.158203 -0.366622
0.162109 -0.36931
0.158203 -0.366622
0.166016 -0.371822
0.166016 -0.371822
0.169922 -0.374121
0.00902497 -0.248047
0.00903214 -0.244141
0.00890522 -0.240234
0.00867124 -0.236328
0.00789997 -0.224609
0.00775649 -0.220703
0.00838698 -0.232422
0.00811521 -0.228516
0.00789997 -0.224609
0.00775649 -0.220703
0.00771638 -0.216797
0.00776266 -0.212891
0.00788264 -0.208984
0.00809235 -0.205078
0.00836896 -0.201172
0.00870974 -0.197266
0.00909727 -0.193359
0.00950839 -0.189453
0.00990427 -0.185547
0.0102347 -0.181641
0.0104515 -0.177734
0.0105134 -0.173828
0.010409 -0.169922
0.0101502 -0.166016
0.00976527 -0.162109
0.00931374 -0.158203
0.00777772 -0.142578
0.00885077 -0.154297
0.0084188 -0.150391
0.00805375 -0.146484
0.00777772 -0.142578
0.00762547 -0.138672
0.00758435 -0.134766
0.00765548 -0.130859
0.00783636 -0.126953
0.00783636 -0.126953
0.0959416 -0.248047
0.0958564 -0.244141
0.0958581 -0.240234
0.0959472 -0.236328
0.0961224 -0.232422
0.0963805 -0.228516
0.0967194 -0.224609
0.0971378 -0.220703
0.097629 -0.216797
0.097629 -0.216797
0.0981935 -0.212891
0.0988211 -0.208984
0.0995039 -0.205078
0.100234 -0.201172
0.10101 -0.197266
0.101841 -0.193359
0.101841 -0.193359
0.102725 -0.189453
0.103663 -0.185547
0.10466 -0.181641
0.105725 -0.177734
0.105725 -0.177734
0.106874 -0.173828
0.108105 -0.169922
0.109404 -0.166016
0.109404 -0.166016
0.110802 -0.162109
0.112286 -0.158203
0.113873 -0.154297
0.113873 -0.154297
0.115542 -0.150391
0.117299 -0.146484
0.117299 -0.146484
0.11916 -0.142578
0.121099 -0.138672
0.121099 -0.138672
0.123151 -0.134766
0.125284 -0.130859
0.0081371 -0.123047
0.00854165 -0.119141
0.00904052 -0.115234
0.00961372 -0.111328
0.0102231 -0.107422
0.0108424 -0.103516
0.0114501 -0.0996094
0.0120041 -0.0957031
0.0125703 -0.0917969
0.0130568 -0.0878906
0.0134816 -0.0839844
0.0138437 -0.0800781
0.014162 -0.0761719
0.0144456 -0.0722656
0.0146987 -0.0683594
0.014913 -0.0644531
0.0150669 -0.0605469
0.0151245 -0.0566406
0.0150383 -0.0527344
0.0147546 -0.0488281
0.0142218 -0.0449219
0.0134016 -0.0410156
0.0123156 -0.0371094
0.0110323 -0.0332031
0.0123156 -0.0371094
0.0110323 -0.0332031
0.0083457 -0.0253906
0.00705505 -0.0214844
0.00588614 -0.0175781
0.009716 -0.0292969
0.0083457 -0.0253906
0.00383404 -0.00976562
0.00479627 -0.0136719
0.00383404 -0.00976562
0.0030043 -0.00585938
0.00227517 -0.00195312
0.125284 -0.130859
0.127544 -0.126953
0.127544 -0.126953
0.129936 -0.123047
0.129936 -0.123047
0.132402 -0.119141
0.132402 -0.119141
0.134973 -0.115234
0.13755 -0.111328
0.13755 -0.111328
0.140216 -0.107422
0.140216 -0.107422
0.14305 -0.103516
0.14305 -0.103516
0.146081 -0.0996094
0.146081 -0.0996094
0.149174 -0.0957031
0.149174 -0.0957031
0.152373 -0.0917969
0.152373 -0.0917969
0.155675 -0.0878906
0.155675 -0.0878906
0.159107 -0.0839844
0.159107 -0.0839844
0.162677 -0.0800781
0.162677 -0.0800781
0.166395 -0.0761719
0.166395 -0.0761719
0.169922 -0.0726186
0.173828 -0.0688392
0.173828 -0.0688392
0.177734 -0.0652183
0.177734 -0.0652183
0.181641 -0.0617411
0.181641 -0.0617411
0.185547 -0.0583924
0.185547 -0.0583924
0.189453 -0.0551607
0.189453 -0.0551607
0.193359 -0.0520297
0.193359 -0.0520297
0.197266 -0.0489794
0.201172 -0.0459804
0.201172 -0.0459804
0.205078 -0.0430209
0.205078 -0.0430209
0.208984 -0.040081
0.208984 -0.040081
0.212891 -0.0371111
0.216797 -0.0340857
0.216797 -0.0340857
0.220703 -0.0309875
0.220703 -0.0309875
0.224609 -0.0277794
0.224609 -0.0277794
0.228516 -0.0244144
0.228516 -0.0244144
0.232422 -0.0208558
0.232422 -0.0208558
0.235808 -0.0175781
0.239577 -0.0136719
0.239577 -0.0136719
0.243064 -0.00976562
0.243064 -0.00976562
0.246292 -0.00585938
0.246292 -0.00585938
0.249306 -0.00195312
0.252524 -0.470193
0.255859 -0.471141
0.258405 -0.469598
0.251698 -0.466797
0.253159 -0.464322
0.257678 -0.464953
0.255859 -0.463894
0.258896 -0.466797
0.258201 -0.464472
0.291587 -0.498047
0.291091 -0.494141
0.294887 -0.498047
0.296437 -0.493317
0.291839 -0.491244
0.294922 -0.490919
0.297102 -0.497195
0.297326 -0.491424
0.251953 -0.432577
0.251953 -0.432577
0.255859 -0.429913
0.255859 -0.429913
0.259766 -0.427252
0.259766 -0.427252
0.263672 -0.424324
0.263672 -0.424324
0.267578 -0.421353
0.267578 -0.421353
0.271484 -0.418181
0.271484 -0.418181
0.275391 -0.414778
0.275391 -0.414778
0.279297 -0.411082
0.282165 -0.408203
0.251953 -0.390087
0.255859 -0.389172
0.259766 -0.388059
0.263672 -0.386716
0.263672 -0.386716
0.267578 -0.385149
0.271484 -0.383294
0.271484 -0.383294
0.275391 -0.381155
0.279297 -0.378652
0.279297 -0.378652
0.282165 -0.408203
0.285733 -0.404297
0.285733 -0.404297
0.28891 -0.400391
0.28891 -0.400391
0.291804 -0.396484
0.291804 -0.396484
0.294465 -0.392578
0.283203 -0.375761
0.297136 -0.388672
0.297136 -0.388672
0.299799 -0.384766
0.299799 -0.384766
0.302484 -0.380859
0.305459 -0.376953
0.305459 -0.376953
0.376306 -0.439453
0.364248 -0.423828
0.366495 -0.427734
0.364248 -0.423828
0.37245 -0.435547
0.36919 -0.431641
0.37245 -0.435547
0.366495 -0.427734
0.362501 -0.419922
0.361174 -0.416016
0.360519 -0.412109
0.360589 -0.408203
0.361624 -0.404297
0.365026 -0.400391
0.365234 -0.400148
0.369141 -0.398417
0.369141 -0.398417
0.373047 -0.39762
0.283203 -0.375761
0.287109 -0.372446
0.287109 -0.372446
0.291016 -0.368745
0.294398 -0.365234
0.294398 -0.365234
0.297874 -0.361328
0.297874 -0.361328
0.308727 -0.373047
0.308727 -0.373047
0.312168 -0.369141
0.301191 -0.357422
0.301191 -0.357422
0.304663 -0.353516
0.304663 -0.353516
0.306641 -0.351491
0.310547 -0.348005
0.310547 -0.348005
0.312168 -0.369141
0.315747 -0.365234
0.315747 -0.365234
0.318603 -0.361328
0.320435 -0.357422
0.314453 -0.345776
0.318359 -0.344753
0.320435 -0.357422
0.322614 -0.353516
0.324217 -0.351558
0.322266 -0.344477
0.327012 -0.349609
0.326022 -0.345707
0.328132 -0.34764
0.406202 -0.478516
0.405325 -0.474609
0.404115 -0.470703
0.376953 -0.440075
0.380859 -0.443533
0.384766 -0.446772
0.388672 -0.450002
0.388672 -0.450002
0.384766 -0.446772
0.392578 -0.45352
0.397563 -0.458984
0.394171 -0.455078
0.402449 -0.466797
0.400252 -0.462891
0.402449 -0.466797
0.397563 -0.458984
0.392578 -0.45352
0.407464 -0.498047
0.407479 -0.494141
0.410181 -0.498047
0.410163 -0.495772
0.407382 -0.490234
0.407178 -0.486328
0.406809 -0.482422
0.406202 -0.478516
0.427009 -0.494141
0.428361 -0.496733
0.427009 -0.494141
0.426969 -0.490234
0.426878 -0.486328
0.431619 -0.496144
0.431198 -0.495784
0.435547 -0.496142
0.434537 -0.49608
0.426757 -0.482422
0.42668 -0.478516
0.426708 -0.474609
0.426816 -0.470703
0.426912 -0.466797
0.426957 -0.462891
0.426888 -0.458984
0.426589 -0.455078
0.426029 -0.451172
0.425361 -0.447266
0.426029 -0.451172
0.424739 -0.443359
0.424203 -0.439453
0.376953 -0.397095
0.380859 -0.396596
0.384766 -0.396056
0.388672 -0.395674
0.392578 -0.395714
0.396484 -0.396259
0.404297 -0.398289
0.400391 -0.397184
0.404297 -0.398289
0.423033 -0.408203
0.423816 -0.435547
0.423869 -0.431641
0.424355 -0.427734
0.424985 -0.423828
0.425447 -0.419922
0.425502 -0.416016
0.424869 -0.412109
0.423033 -0.408203
0.408203 -0.399445
0.412109 -0.400762
0.416016 -0.402436
0.416016 -0.402436
0.419922 -0.404736
0.440572 -0.496221
0.43936 -0.495957
0.443776 -0.496935
0.441957 -0.495938
0.447266 -0.498221
0.451172 -0.49856
0.455078 -0.497715
0.45929 -0.498112
0.461092 -0.496535
0.462075 -0.494141
0.464826 -0.490234
0.464826 -0.490234
0.467312 -0.486328
0.469365 -0.482422
0.469365 -0.482422
0.471006 -0.478516
0.472378 -0.474609
0.472378 -0.474609
0.473584 -0.470703
0.474678 -0.466797
0.475687 -0.462891
0.476623 -0.458984
0.476623 -0.458984
0.477509 -0.455078
0.478352 -0.451172
0.479156 -0.447266
0.479923 -0.443359
0.480649 -0.439453
0.480649 -0.439453
0.481334 -0.435547
0.48197 -0.431641
0.48256 -0.427734
0.483111 -0.423828
0.483642 -0.419922
0.484163 -0.416016
0.484163 -0.416016
0.484691 -0.412109
0.485231 -0.408203
0.485766 -0.404297
0.486286 -0.400391
0.486776 -0.396484
0.487211 -0.392578
0.487569 -0.388672
0.487837 -0.384766
0.488006 -0.380859
0.488078 -0.376953
0.488061 -0.373047
0.487972 -0.369141
0.487832 -0.365234
0.487669 -0.361328
0.487515 -0.357422
0.487396 -0.353516
0.487333 -0.349609
0.487338 -0.345703
0.487408 -0.341797
0.487534 -0.337891
0.487695 -0.333984
0.487874 -0.330078
0.48806 -0.326172
0.488247 -0.322266
0.488247 -0.322266
0.488437 -0.318359
0.488651 -0.314453
0.488895 -0.310547
0.489176 -0.306641
0.489489 -0.302734
0.489819 -0.298828
0.490139 -0.294922
0.490429 -0.291016
0.490695 -0.287109
0.490962 -0.283203
0.491265 -0.279297
0.491629 -0.275391
0.492066 -0.271484
0.492066 -0.271484
0.492516 -0.267578
0.492983 -0.263672
0.493418 -0.259766
0.493791 -0.255859
0.494086 -0.251953
0.249306 -0.00195312
0.316406 -0.0507812
0.494305 -0.248047
0.494463 -0.244141
0.49458 -0.240234
0.494672 -0.236328
0.494749 -0.232422
0.494817 -0.228516
0.494877 -0.224609
0.494924 -0.220703
0.494956 -0.216797
0.494969 -0.212891
0.494959 -0.208984
0.494928 -0.205078
0.49488 -0.201172
0.494818 -0.197266
0.494748 -0.193359
0.494672 -0.189453
0.494592 -0.185547
0.494513 -0.181641
0.494439 -0.177734
0.494377 -0.173828
0.494333 -0.169922
0.49431 -0.166016
0.494306 -0.162109
0.494317 -0.158203
0.494335 -0.154297
0.49435 -0.150391
0.494356 -0.146484
0.494348 -0.142578
0.494328 -0.138672
0.494298 -0.134766
0.494262 -0.130859
0.494226 -0.126953
0.494194 -0.123047
0.494167 -0.119141
0.494147 -0.115234
0.494133 -0.111328
0.494123 -0.107422
0.494116 -0.103516
0.49411 -0.0996094
0.494105 -0.0957031
0.494101 -0.0917969
0.494097 -0.0878906
0.494093 -0.0839844
0.494088 -0.0800781
0.494083 -0.0761719
0.494079 -0.0722656
0.494075 -0.0683594
0.494073 -0.0644531
0.494073 -0.0605469
0.494076 -0.0566406
0.494083 -0.0527344
0.494094 -0.0488281
0.494109 -0.0449219
0.494129 -0.0410156
0.494151 -0.0371094
0.494174 -0.0332031
0.494198 -0.0292969
0.494221 -0.0253906
0.494241 -0.0214844
0.494256 -0.0175781
0.494264 -0.0136719
0.494263 -0.00976562
0.494252 -0.00585938
0.494229 -0.00195312
0.00165819 0.00195312
0.0011736 0.00585938
0.000835007 0.00976562
0.000662527 0.0136719
0.000677752 0.0175781
0.000901133 0.0214844
0.00134485 0.0253906
0.00201582 0.0292969
0.00288917 0.0332031
0.00392745 0.0371094
0.00392745 0.0371094
0.005128 0.0410156
0.00644458 0.0449219
0.00783016 0.0488281
0.00783016 0.0488281
0.00930315 0.0527344
0.0108377 0.0566406
0.0123199 0.0605469
0.0123199 0.0605469
0.013914 0.0644531
0.0154387 0.0683594
0.0154387 0.0683594
0.01695 0.0722656
0.0184611 0.0761719
0.0198913 0.0800781
0.0198913 0.0800781
0.0213714 0.0839844
0.0228529 0.0878906
0.0228529 0.0878906
0.0244117 0.0917969
0.0261256 0.0957031
0.0279075 0.0996094
0.0279075 0.0996094
0.0298419 0.103516
0.0317418 0.107422
0.0317418 0.107422
0.033717 0.111328
0.035565 0.115234
0.035565 0.115234
0.0374156 0.119141
0.0390727 0.123047
0.0390727 0.123047
0.0405865 0.126953
0.0419393 0.130859
0.0430133 0.134766
0.0430133 0.134766
0.0439031 0.138672
0.0445928 0.142578
0.0450525 0.146484
0.0452899 0.150391
0.0453249 0.154297
0.0451637 0.158203
0.044827 0.162109
0.0443369 0.166016
0.0437274 0.169922
0.0430326 0.173828
0.0422962 0.177734
0.0430326 0.173828
0.0415276 0.181641
0.0407563 0.185547
0.031951 0.220703
0.0304813 0.224609
0.0276406 0.232422
0.0290698 0.228516
0.0276406 0.232422
0.0231973 0.244141
0.0216089 0.248047
0.0262111 0.236328
0.0247397 0.240234
0.0231973 0.244141
0.0392359 0.193359
0.0384675 0.197266
0.0376801 0.201172
0.0399935 0.189453
0.0392359 0.193359
0.0368172 0.205078
0.0358263 0.208984
0.034634 0.212891
0.0333661 0.216797
0.034634 0.212891
0.031951 0.220703
0.0304813 0.224609
0.0154312 0.263672
0.0140385 0.267578
0.0127348 0.271484
0.0115671 0.275391
0.0105557 0.279297
0.0115671 0.275391
0.020007 0.251953
0.018439 0.255859
0.020007 0.251953
0.0169098 0.259766
0.0154312 0.263672
0.00769638 0.294922
0.00966066 0.283203
0.00888887 0.287109
0.00823951 0.291016
0.00769638 0.294922
0.00730635 0.298828
0.00701506 0.302734
0.00682629 0.306641
0.0066777 0.310547
0.00650151 0.314453
0.00623422 0.318359
0.00585311 0.322266
0.00539165 0.326172
0.00493342 0.330078
0.00453859 0.333984
0.00389197 0.341797
0.00420383 0.337891
0.00389197 0.341797
0.00359148 0.345703
0.00327547 0.349609
0.00294716 0.353516
0.00260247 0.357422
0.00225223 0.361328
0.00192444 0.365234
0.0016327 0.369141
0.00137713 0.373047
0.00114422 0.376953
0.000913256 0.380859
0.000656307 0.384766
0.000347911 0.388672
-2.08938e-05 0.392578
0.252175 0.00195312
0.254882 0.00585938
0.252175 0.00195312
0.254882 0.00585938
0.257487 0.00976562
0.257487 0.00976562
0.260025 0.0136719
0.262456 0.0175781
0.262456 0.0175781
0.264839 0.0214844
0.264839 0.0214844
0.26721 0.0253906
0.269485 0.0292969
0.269485 0.0292969
0.271757 0.0332031
0.273977 0.0371094
0.273977 0.0371094
0.276188 0.0410156
0.2784 0.0449219
0.276188 0.0410156
0.2784 0.0449219
0.280558 0.0488281
0.280558 0.0488281
0.282742 0.0527344
0.284925 0.0566406
0.284925 0.0566406
0.28716 0.0605469
0.289405 0.0644531
0.289405 0.0644531
0.291718 0.0683594
0.291718 0.0683594
0.294112 0.0722656
0.294112 0.0722656
0.29652 0.0761719
0.29652 0.0761719
0.298996 0.0800781
0.301483 0.0839844
0.301483 0.0839844
0.30397 0.0878906
0.30397 0.0878906
0.306418 0.0917969
0.308795 0.0957031
0.308795 0.0957031
0.311077 0.0996094
0.313216 0.103516
0.313216 0.103516
0.315191 0.107422
0.317003 0.111328
0.317003 0.111328
0.318651 0.115234
0.320167 0.119141
0.320167 0.119141
0.321591 0.123047
0.322908 0.126953
0.324175 0.130859
0.324175 0.130859
0.325432 0.134766
0.326687 0.138672
0.327979 0.142578
0.327979 0.142578
0.329303 0.146484
0.330613 0.150391
0.331864 0.154297
0.331864 0.154297
0.332982 0.158203
0.333921 0.162109
0.334642 0.166016
0.335123 0.169922
0.335356 0.173828
0.335344 0.177734
0.335125 0.181641
0.334732 0.185547
0.334192 0.189453
0.333557 0.193359
0.332971 0.197266
0.332685 0.201172
0.332957 0.205078
0.333965 0.208984
0.335846 0.212891
0.335846 0.212891
0.338361 0.216797
0.34132 0.220703
0.34132 0.220703
0.344281 0.224609
0.344281 0.224609
0.346854 0.228516
0.346854 0.228516
0.348891 0.232422
0.35044 0.236328
0.351487 0.240234
0.351487 0.240234
0.352172 0.244141
0.352504 0.248047
0.494195 0.00195312
0.494147 0.00585938
0.494089 0.00976562
0.494021 0.0136719
0.493944 0.0175781
0.493862 0.0214844
0.493776 0.0253906
0.493691 0.0292969
0.493606 0.0332031
0.493524 0.0371094
0.493444 0.0410156
0.493366 0.0449219
0.493289 0.0488281
0.493215 0.0527344
0.493142 0.0566406
0.493072 0.0605469
0.493004 0.0644531
0.492941 0.0683594
0.492882 0.0722656
0.492829 0.0761719
0.492784 0.0800781
0.492749 0.0839844
0.492724 0.0878906
0.492711 0.0917969
0.49271 0.0957031
0.492721 0.0996094
0.492745 0.103516
0.492781 0.107422
0.492827 0.111328
0.492882 0.115234
0.492942 0.119141
0.493001 0.123047
0.493052 0.126953
0.493086 0.130859
0.493093 0.134766
0.493068 0.138672
0.493011 0.142578
0.492924 0.146484
0.492814 0.150391
0.492689 0.154297
0.492181 0.169922
0.492556 0.158203
0.492421 0.162109
0.492293 0.166016
0.492181 0.169922
0.492096 0.173828
0.492049 0.177734
0.492044 0.181641
0.492089 0.185547
0.492186 0.189453
0.492186 0.189453
0.492338 0.193359
0.492552 0.197266
0.492828 0.201172
0.493169 0.205078
0.493582 0.208984
0.494071 0.212891
0.494633 0.216797
0.495242 0.220703
0.495835 0.224609
0.496363 0.228516
0.496363 0.228516
0.496906 0.232422
0.497442 0.236328
0.497951 0.240234
0.498401 0.244141
0.498693 0.248047
0.351493 0.259766
0.350688 0.263672
0.35244 0.251953
0.352063 0.255859
0.351493 0.259766
0.349538 0.267578
0.348245 0.271484
0.347388 0.275391
0.346911 0.279297
0.347388 0.275391
0.347085 0.283203
0.348235 0.287109
0.348235 0.287109
0.350305 0.291016
0.350305 0.291016
0.353604 0.294922
0.357211 0.298828
0.357211 0.298828
0.360735 0.302734
0.360735 0.302734
0.363796 0.306641
0.363796 0.306641
0.366352 0.310547
0.366352 0.310547
0.368151 0.314453
0.369445 0.318359
0.370141 0.322266
0.370494 0.326172
0.370784 0.330078
0.371123 0.333984
0.371123 0.333984
0.371453 0.337891
0.371721 0.341797
0.371878 0.345703
0.371824 0.349609
0.371546 0.353516
0.371323 0.357422
0.371595 0.361328
0.372765 0.365234
0.375681 0.369141
0.358121 0.491635
0.355049 0.495178
0.355434 0.498047
0.355904 0.492609
0.355486 0.499861
0.360479 0.491827
0.362222 0.493056
0.361925 0.498047
0.3649 0.494141
0.364315 0.498047
0.376953 0.370276
0.376953 0.370276
0.380859 0.372315
0.384766 0.373618
0.388672 0.374899
0.498762 0.251953
0.49844 0.255859
0.496054 0.263672
0.497563 0.259766
0.496054 0.263672
0.492161 0.275391
0.49204 0.279297
0.494329 0.267578
0.492921 0.271484
0.492161 0.275391
0.482422 0.298243
0.478267 0.302734
0.473399 0.310547
0.475567 0.306641
0.473399 0.310547
0.481735 0.298828
0.478267 0.302734
0.482422 0.298243
0.475567 0.306641
0.492224 0.283203
0.492027 0.287109
0.486328 0.295191
0.490708 0.291016
0.490234 0.291393
0.492224 0.283203
0.492027 0.287109
0.46906 0.322266
0.468436 0.326172
0.46823 0.330078
0.468398 0.333984
0.468947 0.337891
0.471658 0.314453
0.470177 0.318359
0.46906 0.322266
0.468947 0.337891
0.469923 0.341797
0.471451 0.345703
0.473672 0.349609
0.473672 0.349609
0.476656 0.353516
0.476656 0.353516
0.478516 0.35542
0.482422 0.358811
0.482422 0.358811
0.486328 0.361416
0.486328 0.361416
0.490234 0.363432
0.490234 0.363432
0.487431 0.368214
0.491688 0.367346
0.494141 0.364895
0.498047 0.365899
0.495851 0.367274
0.498047 0.365899
0.388672 0.374899
0.392578 0.376331
0.396484 0.378193
0.396484 0.378193
0.400391 0.380586
0.404297 0.383852
0.405207 0.384766
0.405207 0.384766
0.408364 0.388672
0.410639 0.392578
0.410639 0.392578
0.412117 0.396484
0.412984 0.400391
0.413472 0.404297
0.413816 0.408203
0.414071 0.412109
0.414071 0.412109
0.414202 0.416016
0.414158 0.419922
0.413908 0.423828
0.413473 0.427734
0.412952 0.431641
0.412419 0.435547
0.413908 0.423828
0.401849 0.498842
0.405988 0.496023
0.403863 0.497191
0.411927 0.439453
0.411645 0.443359
0.411964 0.447266
0.413412 0.451172
0.413412 0.451172
0.416206 0.455078
0.419506 0.458984
0.416206 0.455078
0.419506 0.458984
0.422105 0.462891
0.422105 0.462891
0.424284 0.466797
0.435547 0.455078
0.406485 0.496005
0.408526 0.497897
0.410456 0.499182
0.425727 0.470703
0.425727 0.470703
0.427004 0.474609
0.429011 0.478516
0.429011 0.478516
0.432134 0.482422
0.435547 0.485367
0.435547 0.485367
0.480469 0.417969
0.486328 0.419922
0.484375 0.429688
0.439453 0.488414
0.439453 0.488414
0.441434 0.490234
0.444334 0.494141
0.447114 0.498047
0.447114 0.498047
0.451172 0.498533
0.453811 0.498723
0.457031 0.5
0.470703 0.458984
0.482422 0.458984
0.490234 0.458984
0.499793 0.499655
