-0.469342 -0.443359
-0.471172 -0.439453
-0.450331 -0.470703
-0.447266 -0.473689
-0.447266 -0.473689
-0.443359 -0.477113
-0.439453 -0.480157
-0.439453 -0.480157
-0.443359 -0.477113
-0.460112 -0.458984
-0.462754 -0.455078
-0.457193 -0.462891
-0.45395 -0.466797
-0.457193 -0.462891
-0.460112 -0.458984
-0.465155 -0.451172
-0.467343 -0.447266
-0.465155 -0.451172
-0.469342 -0.443359
-0.45395 -0.466797
-0.477083 -0.423828
-0.472848 -0.435547
-0.474384 -0.431641
-0.472848 -0.435547
-0.475792 -0.427734
-0.477083 -0.423828
-0.478264 -0.419922
-0.479346 -0.416016
-0.480334 -0.412109
-0.481237 -0.408203
-0.480334 -0.412109
-0.484128 -0.392578
-0.484698 -0.388672
-0.48522 -0.384766
-0.485696 -0.380859
-0.486132 -0.376953
-0.482062 -0.404297
-0.482816 -0.400391
-0.483502 -0.396484
-0.484128 -0.392578
-0.484698 -0.388672
-0.431641 -0.485252
-0.427734 -0.487356
-0.427734 -0.487356
-0.423828 -0.489191
-0.435547 -0.482861
-0.431641 -0.485252
-0.416016 -0.492119
-0.419922 -0.490774
-0.416016 -0.492119
-0.412109 -0.493243
-0.408203 -0.494163
-0.404297 -0.494908
-0.400391 -0.495504
-0.395309 -0.496176
-0.397256 -0.495987
-0.392578 -0.49621
-0.388672 -0.49619
-0.384766 -0.496263
-0.380859 -0.496231
-0.377787 -0.496227
-0.37554 -0.496039
-0.48653 -0.373047
-0.486895 -0.369141
-0.487231 -0.365234
-0.487537 -0.361328
-0.487812 -0.357422
-0.488057 -0.353516
-0.48827 -0.349609
-0.48846 -0.345703
-0.48827 -0.349609
-0.488632 -0.341797
-0.488785 -0.337891
-0.488922 -0.333984
-0.489042 -0.330078
-0.489148 -0.326172
-0.489242 -0.322266
-0.489324 -0.318359
-0.489395 -0.314453
-0.489456 -0.310547
-0.489508 -0.306641
-0.489553 -0.302734
-0.48959 -0.298828
-0.48962 -0.294922
-0.489645 -0.291016
-0.489664 -0.287109
-0.489678 -0.283203
-0.489687 -0.279297
-0.489693 -0.275391
-0.489695 -0.271484
-0.489693 -0.267578
-0.489689 -0.263672
-0.489683 -0.259766
-0.489674 -0.255859
-0.489663 -0.251953
-0.373047 -0.495442
-0.369141 -0.494884
-0.365234 -0.494106
-0.361328 -0.49317
-0.357422 -0.4921
-0.357422 -0.4921
-0.353516 -0.490905
-0.349609 -0.48959
-0.345703 -0.488249
-0.345703 -0.488249
-0.341797 -0.486897
-0.337891 -0.48554
-0.333984 -0.484268
-0.333984 -0.484268
-0.330078 -0.483055
-0.326172 -0.481907
-0.322266 -0.480858
-0.322266 -0.480858
-0.318359 -0.479896
-0.314453 -0.479017
-0.310547 -0.478214
-0.306641 -0.477435
-0.302734 -0.47663
-0.302734 -0.47663
-0.298828 -0.475852
-0.294922 -0.475297
-0.291016 -0.475314
-0.287109 -0.475855
-0.283203 -0.475941
-0.279297 -0.474241
-0.277322 -0.472681
-0.276213 -0.470703
-0.27474 -0.466797
-0.273702 -0.462891
-0.273702 -0.462891
-0.272018 -0.458984
-0.268883 -0.455078
-0.267578 -0.453934
-0.267578 -0.453934
-0.263672 -0.451265
-0.259766 -0.4497
-0.259766 -0.4497
-0.255859 -0.449031
-0.251953 -0.449122
-0.251953 -0.449122
-0.48965 -0.248047
-0.489636 -0.244141
-0.489621 -0.240234
-0.489604 -0.236328
-0.489586 -0.232422
-0.489567 -0.228516
-0.489547 -0.224609
-0.489527 -0.220703
-0.489505 -0.216797
-0.489483 -0.212891
-0.48946 -0.208984
-0.489436 -0.205078
-0.489412 -0.201172
-0.489388 -0.197266
-0.489364 -0.193359
-0.48934 -0.189453
-0.489316 -0.185547
-0.489292 -0.181641
-0.489269 -0.177734
-0.489246 -0.173828
-0.489224 -0.169922
-0.489203 -0.166016
-0.489183 -0.162109
-0.489163 -0.158203
-0.489145 -0.154297
-0.489128 -0.150391
-0.489112 -0.146484
-0.489098 -0.142578
-0.489084 -0.138672
-0.489073 -0.134766
-0.489062 -0.130859
-0.489053 -0.126953
-0.489045 -0.123047
-0.489039 -0.119141
-0.489033 -0.115234
-0.489029 -0.111328
-0.489026 -0.107422
-0.489023 -0.103516
-0.489022 -0.0996094
-0.489021 -0.0957031
-0.489021 -0.0917969
-0.489021 -0.0878906
-0.489022 -0.0839844
-0.489022 -0.0800781
-0.489023 -0.0761719
-0.489023 -0.0722656
-0.489023 -0.0683594
-0.489022 -0.0644531
-0.48902 -0.0605469
-0.489017 -0.0566406
-0.489013 -0.0527344
-0.489007 -0.0488281
-0.489 -0.0449219
-0.488991 -0.0410156
-0.48898 -0.0371094
-0.488967 -0.0332031
-0.488953 -0.0292969
-0.488937 -0.0253906
-0.48892 -0.0214844
-0.488902 -0.0175781
-0.488883 -0.0136719
-0.488863 -0.00976562
-0.488843 -0.00585938
-0.488823 -0.00195312
-0.218719 -0.498047
-0.219527 -0.494141
-0.22056 -0.490234
-0.221848 -0.486328
-0.226713 -0.474609
-0.228483 -0.470703
-0.223362 -0.482422
-0.22497 -0.478516
-0.223362 -0.482422
-0.222656 -0.480469
-0.226713 -0.474609
-0.240234 -0.453944
-0.235212 -0.458984
-0.238853 -0.455078
-0.248047 -0.449937
-0.244141 -0.451492
-0.240234 -0.453944
-0.230384 -0.466797
-0.232533 -0.462891
-0.230384 -0.466797
-0.235212 -0.458984
-0.218719 -0.498047
-0.16799 -0.492233
-0.166624 -0.494401
-0.168378 -0.49093
-0.166302 -0.489019
-0.166016 -0.488081
-0.162846 -0.497871
-0.162672 -0.494141
-0.158304 -0.498047
-0.163016 -0.490321
-0.156724 -0.408203
-0.164143 -0.392578
-0.159047 -0.404297
-0.161059 -0.400391
-0.159047 -0.404297
-0.161059 -0.400391
-0.162678 -0.396484
-0.164143 -0.392578
-0.165447 -0.388672
-0.166626 -0.384766
-0.167702 -0.380859
-0.168715 -0.376953
-0.167702 -0.380859
-0.142578 -0.422119
-0.150391 -0.415859
-0.153836 -0.412109
-0.156724 -0.408203
-0.153836 -0.412109
-0.146484 -0.419359
-0.146484 -0.419359
-0.142578 -0.422119
-0.138672 -0.424351
-0.134766 -0.426286
-0.134766 -0.426286
-0.126953 -0.429808
-0.130859 -0.428051
-0.126953 -0.429808
-0.171424 -0.365234
-0.172331 -0.361328
-0.173236 -0.357422
-0.174181 -0.353516
-0.176413 -0.345703
-0.175226 -0.349609
-0.176413 -0.345703
-0.169668 -0.373047
-0.170562 -0.369141
-0.171424 -0.365234
-0.172331 -0.361328
-0.180233 -0.333984
-0.180988 -0.330078
-0.177737 -0.341797
-0.179029 -0.337891
-0.180618 -0.326172
-0.179106 -0.322266
-0.179106 -0.322266
-0.176116 -0.318359
-0.176116 -0.318359
-0.173828 -0.315886
-0.169922 -0.31209
-0.169922 -0.31209
-0.166016 -0.308476
-0.166016 -0.308476
-0.162109 -0.304712
-0.160169 -0.302734
-0.160169 -0.302734
-0.156709 -0.298828
-0.156709 -0.298828
-0.153678 -0.294922
-0.153678 -0.294922
-0.151023 -0.291016
-0.148675 -0.287109
-0.148675 -0.287109
-0.146585 -0.283203
-0.144737 -0.279297
-0.144737 -0.279297
-0.143119 -0.275391
-0.141723 -0.271484
-0.140538 -0.267578
-0.140538 -0.267578
-0.139547 -0.263672
-0.138722 -0.259766
-0.13805 -0.255859
-0.13751 -0.251953
-0.106827 -0.494141
-0.104873 -0.498047
-0.103516 -0.492684
-0.105989 -0.49187
-0.104051 -0.491964
-0.100324 -0.498047
-0.101081 -0.495236
-0.111328 -0.437735
-0.107422 -0.440256
-0.107422 -0.440256
-0.103516 -0.443029
-0.0996094 -0.446139
-0.0957031 -0.449571
-0.0957031 -0.449571
-0.0996094 -0.446139
-0.0917969 -0.453206
-0.0878906 -0.456718
-0.0878906 -0.456718
-0.0839844 -0.4602
-0.0800781 -0.462894
-0.0839844 -0.4602
-0.0917969 -0.453206
-0.0761719 -0.463852
-0.0722656 -0.462982
-0.0683594 -0.460851
-0.0683594 -0.460851
-0.0644531 -0.45757
-0.0644531 -0.45757
-0.123047 -0.431623
-0.119141 -0.433507
-0.119141 -0.433507
-0.115234 -0.435543
-0.111328 -0.437735
-0.0618545 -0.455078
-0.0580032 -0.451172
-0.0580032 -0.451172
-0.0542321 -0.447266
-0.0542321 -0.447266
-0.0516577 -0.443359
-0.0503896 -0.439453
-0.0516577 -0.443359
-0.0503896 -0.439453
-0.050184 -0.435547
-0.0504501 -0.431641
-0.050836 -0.427734
-0.0512394 -0.423828
-0.050836 -0.427734
-0.0514467 -0.419922
-0.051048 -0.416016
-0.051048 -0.416016
-0.0499008 -0.412109
-0.0479885 -0.408203
-0.0479885 -0.408203
-0.046875 -0.40625
-0.0449219 -0.404681
-0.0410156 -0.401493
-0.0410156 -0.401493
-0.0371094 -0.398864
-0.0371094 -0.398864
-0.0332031 -0.396325
-0.0292969 -0.393353
-0.0292969 -0.393353
-0.0253906 -0.389732
-0.0243831 -0.388672
-0.0243831 -0.388672
-0.0210577 -0.384766
-0.0210577 -0.384766
-0.0180775 -0.380859
-0.0180775 -0.380859
-0.0155458 -0.376953
-0.0155458 -0.376953
-0.0133814 -0.373047
-0.0116182 -0.369141
-0.0116182 -0.369141
-0.0104541 -0.365234
-0.0104541 -0.365234
-0.00982769 -0.361328
-0.00956492 -0.357422
-0.00960053 -0.353516
-0.00985958 -0.349609
-0.0102316 -0.345703
-0.0106599 -0.341797
-0.0110997 -0.337891
-0.0118659 -0.330078
-0.011514 -0.333984
-0.0118659 -0.330078
-0.012212 -0.326172
-0.0125214 -0.322266
-0.0127598 -0.318359
-0.0129176 -0.314453
-0.0130013 -0.310547
-0.0130195 -0.306641
-0.0129788 -0.302734
-0.0128843 -0.298828
-0.0127414 -0.294922
-0.0125558 -0.291016
-0.0123337 -0.287109
-0.0120834 -0.283203
-0.0118089 -0.279297
-0.0115084 -0.275391
-0.0118089 -0.279297
-0.0115084 -0.275391
-0.011209 -0.271484
-0.0109105 -0.267578
-0.0106305 -0.263672
-0.0103839 -0.259766
-0.0101852 -0.255859
-0.0100468 -0.251953
-0.137094 -0.248047
-0.136793 -0.244141
-0.136793 -0.244141
-0.1366 -0.240234
-0.1366 -0.240234
-0.136499 -0.236328
-0.136485 -0.232422
-0.136549 -0.228516
-0.136693 -0.224609
-0.13692 -0.220703
-0.136693 -0.224609
-0.140321 -0.197266
-0.141283 -0.193359
-0.142322 -0.189453
-0.137231 -0.216797
-0.137637 -0.212891
-0.138138 -0.208984
-0.138757 -0.205078
-0.13948 -0.201172
-0.140321 -0.197266
-0.171912 -0.126953
-0.162989 -0.142578
-0.156687 -0.154297
-0.158741 -0.150391
-0.160846 -0.146484
-0.162989 -0.142578
-0.160846 -0.146484
-0.167372 -0.134766
-0.16516 -0.138672
-0.167372 -0.134766
-0.169623 -0.130859
-0.171912 -0.126953
-0.147661 -0.173828
-0.14474 -0.181641
-0.143468 -0.185547
-0.14474 -0.181641
-0.14614 -0.177734
-0.147661 -0.173828
-0.149277 -0.169922
-0.150997 -0.166016
-0.152803 -0.162109
-0.154703 -0.158203
-0.152803 -0.162109
-0.149277 -0.169922
-0.156687 -0.154297
-0.186139 -0.103516
-0.191008 -0.0957031
-0.188581 -0.0996094
-0.191008 -0.0957031
-0.210087 -0.0644531
-0.203137 -0.0761719
-0.205491 -0.0722656
-0.207807 -0.0683594
-0.210087 -0.0644531
-0.207807 -0.0683594
-0.195886 -0.0878906
-0.198331 -0.0839844
-0.20076 -0.0800781
-0.198331 -0.0839844
-0.193447 -0.0917969
-0.195886 -0.0878906
-0.203137 -0.0761719
-0.219052 -0.0488281
-0.225598 -0.0371094
-0.227832 -0.0332031
-0.22341 -0.0410156
-0.221235 -0.0449219
-0.22341 -0.0410156
-0.225598 -0.0371094
-0.237226 -0.0175781
-0.234794 -0.0214844
-0.237226 -0.0175781
-0.242363 -0.00976562
-0.245103 -0.00585938
-0.247969 -0.00195312
-0.245103 -0.00585938
-0.239744 -0.0136719
-0.242363 -0.00976562
-0.230099 -0.0292969
-0.232422 -0.0253906
-0.230099 -0.0292969
-0.234794 -0.0214844
-0.214614 -0.0566406
-0.212365 -0.0605469
-0.214614 -0.0566406
-0.216849 -0.0527344
-0.219052 -0.0488281
-0.178917 -0.115234
-0.181302 -0.111328
-0.176564 -0.119141
-0.174228 -0.123047
-0.176564 -0.119141
-0.178917 -0.115234
-0.18371 -0.107422
-0.186139 -0.103516
-0.18371 -0.107422
-0.188581 -0.0996094
-0.00997549 -0.248047
-0.00997185 -0.244141
-0.0100307 -0.240234
-0.0101424 -0.236328
-0.0102949 -0.232422
-0.0104754 -0.228516
-0.0106707 -0.224609
-0.0108683 -0.220703
-0.0110576 -0.216797
-0.0112304 -0.212891
-0.0113809 -0.208984
-0.0115057 -0.205078
-0.0116022 -0.201172
-0.0116694 -0.197266
-0.0117109 -0.193359
-0.0117356 -0.189453
-0.0117109 -0.193359
-0.0117505 -0.185547
-0.0117535 -0.181641
-0.0117412 -0.177734
-0.0117092 -0.173828
-0.0117092 -0.173828
-0.0116617 -0.169922
-0.0116017 -0.166016
-0.0115301 -0.162109
-0.0114552 -0.158203
-0.0113833 -0.154297
-0.0113202 -0.150391
-0.0112713 -0.146484
-0.0112413 -0.142578
-0.0112334 -0.138672
-0.011249 -0.134766
-0.0112869 -0.130859
-0.0113434 -0.126953
-0.0114138 -0.123047
-0.0114922 -0.119141
-0.0115723 -0.115234
-0.0116487 -0.111328
-0.011719 -0.107422
-0.0117882 -0.103516
-0.011719 -0.107422
-0.0118514 -0.0996094
-0.0118963 -0.0957031
-0.0119161 -0.0917969
-0.0119101 -0.0878906
-0.0118803 -0.0839844
-0.0118293 -0.0800781
-0.011761 -0.0761719
-0.0116751 -0.0722656
-0.011761 -0.0761719
-0.0116751 -0.0722656
-0.0115862 -0.0683594
-0.0114884 -0.0644531
-0.0113907 -0.0605469
-0.0112965 -0.0566406
-0.0112095 -0.0527344
-0.011132 -0.0488281
-0.0110663 -0.0449219
-0.0110146 -0.0410156
-0.0109786 -0.0371094
-0.0109588 -0.0332031
-0.0109538 -0.0292969
-0.0109612 -0.0253906
-0.0109776 -0.0214844
-0.0109995 -0.0175781
-0.0110231 -0.0136719
-0.0110451 -0.00976562
-0.0110622 -0.00585938
-0.011072 -0.00195312
-0.488803 0.00195312
-0.488784 0.00585938
-0.488766 0.00976562
-0.48875 0.0136719
-0.488735 0.0175781
-0.488723 0.0214844
-0.488713 0.0253906
-0.488705 0.0292969
-0.488701 0.0332031
-0.488699 0.0371094
-0.488701 0.0410156
-0.488707 0.0449219
-0.488717 0.0488281
-0.488732 0.0527344
-0.488752 0.0566406
-0.488779 0.0605469
-0.488812 0.0644531
-0.488852 0.0683594
-0.488899 0.0722656
-0.488955 0.0761719
-0.489018 0.0800781
-0.489091 0.0839844
-0.489172 0.0878906
-0.489261 0.0917969
-0.489358 0.0957031
-0.489464 0.0996094
-0.489577 0.103516
-0.489696 0.107422
-0.489822 0.111328
-0.489952 0.115234
-0.490085 0.119141
-0.49022 0.123047
-0.490355 0.126953
-0.49049 0.130859
-0.490626 0.134766
-0.490762 0.138672
-0.490899 0.142578
-0.491036 0.146484
-0.491176 0.150391
-0.491317 0.154297
-0.491461 0.158203
-0.491607 0.162109
-0.49175 0.166016
-0.491889 0.169922
-0.4922 0.181641
-0.492241 0.185547
-0.492015 0.173828
-0.492123 0.177734
-0.4922 0.181641
-0.492235 0.189453
-0.49217 0.193359
-0.49217 0.193359
-0.492041 0.197266
-0.491845 0.201172
-0.491582 0.205078
-0.491256 0.208984
-0.490875 0.212891
-0.490448 0.216797
-0.489992 0.220703
-0.489521 0.224609
-0.489046 0.228516
-0.488585 0.232422
-0.488136 0.236328
-0.488136 0.236328
-0.487724 0.240234
-0.487347 0.244141
-0.487009 0.248047
-0.312729 0.0761719
-0.323371 0.0917969
-0.32084 0.0878906
-0.323371 0.0917969
-0.315507 0.0800781
-0.318208 0.0839844
-0.315507 0.0800781
-0.32084 0.0878906
-0.328069 0.0996094
-0.332151 0.107422
-0.330195 0.103516
-0.332151 0.107422
-0.335507 0.115234
-0.336878 0.119141
-0.338066 0.123047
-0.333922 0.111328
-0.335507 0.115234
-0.325786 0.0957031
-0.328069 0.0996094
-0.300945 0.0605469
-0.297815 0.0566406
-0.300945 0.0605469
-0.287881 0.0449219
-0.280946 0.0371094
-0.284425 0.0410156
-0.287881 0.0449219
-0.284425 0.0410156
-0.291286 0.0488281
-0.294602 0.0527344
-0.291286 0.0488281
-0.294602 0.0527344
-0.297815 0.0566406
-0.274002 0.0292969
-0.267081 0.0214844
-0.270538 0.0253906
-0.274002 0.0292969
-0.270538 0.0253906
-0.260358 0.0136719
-0.257147 0.00976562
-0.260358 0.0136719
-0.254012 0.00585938
-0.250945 0.00195312
-0.254012 0.00585938
-0.257147 0.00976562
-0.263678 0.0175781
-0.267081 0.0214844
-0.277468 0.0332031
-0.280946 0.0371094
-0.277468 0.0332031
-0.304001 0.0644531
-0.306979 0.0683594
-0.309888 0.0722656
-0.312729 0.0761719
-0.309888 0.0722656
-0.304001 0.0644531
-0.339907 0.130859
-0.339074 0.126953
-0.339907 0.130859
-0.340567 0.134766
-0.341071 0.138672
-0.341449 0.142578
-0.341716 0.146484
-0.341892 0.150391
-0.341988 0.154297
-0.342017 0.158203
-0.341989 0.162109
-0.341916 0.166016
-0.341805 0.169922
-0.34167 0.173828
-0.341518 0.177734
-0.341358 0.181641
-0.341195 0.185547
-0.341036 0.189453
-0.340882 0.193359
-0.340732 0.197266
-0.340583 0.201172
-0.34043 0.205078
-0.340266 0.208984
-0.340081 0.212891
-0.339868 0.216797
-0.339868 0.216797
-0.339621 0.220703
-0.339326 0.224609
-0.338995 0.228516
-0.338632 0.232422
-0.338247 0.236328
-0.337854 0.240234
-0.337476 0.244141
-0.337133 0.248047
-0.486717 0.251953
-0.486478 0.255859
-0.486299 0.259766
-0.486179 0.263672
-0.486124 0.267578
-0.486131 0.271484
-0.486192 0.275391
-0.486301 0.279297
-0.486447 0.283203
-0.486625 0.287109
-0.486824 0.291016
-0.48704 0.294922
-0.487272 0.298828
-0.487519 0.302734
-0.487786 0.306641
-0.488075 0.310547
-0.488366 0.314453
-0.488674 0.318359
-0.488366 0.314453
-0.48899 0.322266
-0.489304 0.326172
-0.489615 0.330078
-0.489921 0.333984
-0.490218 0.337891
-0.490502 0.341797
-0.490773 0.345703
-0.491024 0.349609
-0.49125 0.353516
-0.491441 0.357422
-0.491586 0.361328
-0.491669 0.365234
-0.491671 0.369141
-0.491569 0.373047
-0.375369 0.333984
-0.376553 0.337891
-0.377637 0.341797
-0.378615 0.345703
-0.379587 0.349609
-0.378615 0.345703
-0.380491 0.353516
-0.381352 0.357422
-0.383057 0.365234
-0.38386 0.369141
-0.384554 0.373047
-0.382206 0.361328
-0.383057 0.365234
-0.491337 0.376953
-0.490957 0.380859
-0.490421 0.384766
-0.489734 0.388672
-0.488911 0.392578
-0.487857 0.396484
-0.488911 0.392578
-0.487857 0.396484
-0.486554 0.400391
-0.484738 0.404297
-0.484738 0.404297
-0.482142 0.408203
-0.479227 0.412109
-0.482142 0.408203
-0.479227 0.412109
-0.476775 0.416016
-0.476775 0.416016
-0.475322 0.419922
-0.475906 0.431641
-0.477124 0.435547
-0.474813 0.423828
-0.475051 0.427734
-0.475906 0.431641
-0.477124 0.435547
-0.48032 0.443359
-0.478705 0.439453
-0.48032 0.443359
-0.481445 0.447266
-0.481793 0.451172
-0.480167 0.455078
-0.480167 0.455078
-0.478516 0.456836
-0.474609 0.459092
-0.470703 0.460633
-0.470703 0.460633
-0.466797 0.462245
-0.462891 0.463711
-0.462891 0.463711
-0.458984 0.465176
-0.458984 0.465176
-0.455078 0.466499
-0.451172 0.467741
-0.447266 0.469
-0.447266 0.469
-0.443359 0.470238
-0.439453 0.471422
-0.385109 0.376953
-0.385522 0.380859
-0.385788 0.384766
-0.385883 0.388672
-0.385776 0.392578
-0.385445 0.396484
-0.384879 0.400391
-0.384092 0.404297
-0.3831 0.408203
-0.3831 0.408203
-0.381894 0.412109
-0.380464 0.416016
-0.378748 0.419922
-0.378748 0.419922
-0.37671 0.423828
-0.374452 0.427734
-0.435547 0.472602
-0.435547 0.472602
-0.431641 0.473839
-0.427734 0.475172
-0.423828 0.476583
-0.423828 0.476583
-0.419922 0.478003
-0.416016 0.479398
-0.412109 0.48071
-0.412109 0.48071
-0.408203 0.481915
-0.418073 0.49977
-0.417243 0.499818
-0.404297 0.483004
-0.400391 0.483938
-0.396484 0.484695
-0.400391 0.483938
-0.396484 0.484695
-0.392578 0.485264
-0.388672 0.485643
-0.384766 0.485865
-0.380859 0.486001
-0.376953 0.486149
-0.359048 0.302734
-0.362172 0.306641
-0.364885 0.310547
-0.362172 0.306641
-0.351826 0.294922
-0.345089 0.287109
-0.348252 0.291016
-0.351826 0.294922
-0.348252 0.291016
-0.355538 0.298828
-0.359048 0.302734
-0.355538 0.298828
-0.336857 0.251953
-0.336681 0.255859
-0.336644 0.259766
-0.336788 0.263672
-0.337162 0.267578
-0.337829 0.271484
-0.340461 0.279297
-0.338896 0.275391
-0.340461 0.279297
-0.342449 0.283203
-0.345089 0.287109
-0.367215 0.314453
-0.369278 0.318359
-0.371068 0.322266
-0.372651 0.326172
-0.371068 0.322266
-0.367215 0.314453
-0.374066 0.330078
-0.375369 0.333984
-0.374452 0.427734
-0.371876 0.431641
-0.371876 0.431641
-0.36896 0.435547
-0.365363 0.439453
-0.365234 0.439578
-0.365234 0.439578
-0.361328 0.44286
-0.357422 0.445342
-0.357422 0.445342
-0.353516 0.447401
-0.349609 0.449338
-0.349609 0.449338
-0.345703 0.451654
-0.345703 0.451654
-0.373047 0.486404
-0.369141 0.486834
-0.365234 0.487455
-0.361328 0.488232
-0.361328 0.488232
-0.357422 0.489118
-0.353516 0.490034
-0.349609 0.490934
-0.345703 0.491652
-0.341797 0.455009
-0.341797 0.455009
-0.341724 0.455078
-0.338174 0.458984
-0.334654 0.462891
-0.334654 0.462891
-0.333984 0.46382
-0.330078 0.467448
-0.330078 0.467448
-0.341797 0.492038
-0.337891 0.492026
-0.333984 0.49166
-0.330078 0.49105
-0.326172 0.470764
-0.322266 0.473796
-0.322266 0.473796
-0.318359 0.476897
-0.316826 0.478516
-0.316826 0.478516
-0.315142 0.482422
-0.326172 0.490357
-0.322266 0.489782
-0.324611 0.499006
-0.322266 0.497115
-0.318359 0.490629
-0.315554 0.486328
-0.314821 0.490234
-0.318487 0.493542
-0.31967 0.498089
-0.313126 0.498816
-0.310547 0.496951
-0.308111 0.498866
-0.2542 0.487959
-0.254913 0.490537
-0.251953 0.487181
-0.251567 0.488621
-0.255971 0.494141
-0.25569 0.498047
-0.250292 0.495707
-0.252315 0.498047
-0.250945 0.00195312
-0.0110727 0.00195312
-0.0110633 0.00585938
-0.0110438 0.00976562
-0.0110145 0.0136719
-0.0109767 0.0175781
-0.010932 0.0214844
-0.0108824 0.0253906
-0.0108302 0.0292969
-0.0107777 0.0332031
-0.0107273 0.0371094
-0.0106807 0.0410156
-0.0106393 0.0449219
-0.0106037 0.0488281
-0.0105738 0.0527344
-0.0105489 0.0566406
-0.0105278 0.0605469
-0.0105096 0.0644531
-0.0104934 0.0683594
-0.010479 0.0722656
-0.0104666 0.0761719
-0.0104564 0.0800781
-0.010449 0.0839844
-0.0104443 0.0878906
-0.0104427 0.0917969
-0.010444 0.0957031
-0.0104484 0.0996094
-0.010456 0.103516
-0.010467 0.107422
-0.0104817 0.111328
-0.0105003 0.115234
-0.0105232 0.119141
-0.0105504 0.123047
-0.010582 0.126953
-0.0106176 0.130859
-0.0106564 0.134766
-0.0106975 0.138672
-0.0107395 0.142578
-0.0107807 0.146484
-0.0108194 0.150391
-0.0108541 0.154297
-0.0108838 0.158203
-0.0109079 0.162109
-0.0109267 0.166016
-0.010941 0.169922
-0.0109524 0.173828
-0.0109625 0.177734
-0.0109733 0.181641
-0.0109863 0.185547
-0.0110026 0.189453
-0.0110223 0.193359
-0.011045 0.197266
-0.0110693 0.201172
-0.0110933 0.205078
-0.011115 0.208984
-0.0111324 0.212891
-0.0111443 0.216797
-0.0111501 0.220703
-0.01115 0.224609
-0.0111451 0.228516
-0.0111369 0.232422
-0.0111273 0.236328
-0.0111186 0.240234
-0.0111127 0.244141
-0.0111112 0.248047
-0.249341 0.487519
-0.249278 0.490282
-0.249431 0.493805
-0.226879 0.487956
-0.226976 0.488314
-0.22653 0.487858
-0.22652 0.488323
-0.204018 0.482422
-0.211097 0.494141
-0.21201 0.498047
-0.207348 0.486328
-0.209622 0.490234
-0.207348 0.486328
-0.211097 0.494141
-0.201172 0.47995
-0.201172 0.47995
-0.197266 0.477682
-0.193359 0.476158
-0.189453 0.475359
-0.193359 0.476158
-0.185547 0.475143
-0.181641 0.475403
-0.177734 0.476054
-0.173828 0.477397
-0.177734 0.476054
-0.173828 0.477397
-0.169922 0.479562
-0.169922 0.479562
-0.166016 0.482645
-0.162615 0.486328
-0.162615 0.486328
-0.159803 0.490234
-0.159803 0.490234
-0.158203 0.492985
-0.154297 0.494294
-0.150391 0.494122
-0.146484 0.494683
-0.142578 0.495121
-0.138672 0.495107
-0.134766 0.494674
-0.130859 0.494122
-0.126953 0.493746
-0.0111151 0.251953
-0.011125 0.255859
-0.0111416 0.259766
-0.0111655 0.263672
-0.0111982 0.267578
-0.0112414 0.271484
-0.0112978 0.275391
-0.0113699 0.279297
-0.0114603 0.283203
-0.0115709 0.287109
-0.0116998 0.291016
-0.0118512 0.294922
-0.0116998 0.291016
-0.0120322 0.298828
-0.0122392 0.302734
-0.0124668 0.306641
-0.0127095 0.310547
-0.0129612 0.314453
-0.0132155 0.318359
-0.0134673 0.322266
-0.0137126 0.326172
-0.0139534 0.330078
-0.0141951 0.333984
-0.0144448 0.337891
-0.0147096 0.341797
-0.0156089 0.353516
-0.015924 0.357422
-0.016245 0.361328
-0.0165706 0.365234
-0.0169041 0.369141
-0.0172556 0.373047
-0.0149939 0.345703
-0.0152978 0.349609
-0.0156089 0.353516
-0.123047 0.493637
-0.119141 0.493946
-0.115234 0.494741
-0.111961 0.495792
-0.109537 0.49614
-0.107422 0.496527
-0.103516 0.496758
-0.0996094 0.496819
-0.0957031 0.4968
-0.0917969 0.496776
-0.0878906 0.496815
-0.0809977 0.494141
-0.0855237 0.496301
-0.0800781 0.493626
-0.0683594 0.485744
-0.0644531 0.48276
-0.0761719 0.491004
-0.0722656 0.48844
-0.0722656 0.48844
-0.0761719 0.491004
-0.0683594 0.485744
-0.0318534 0.431641
-0.0336056 0.435547
-0.0176405 0.376953
-0.0180774 0.380859
-0.0185837 0.384766
-0.0191713 0.388672
-0.019844 0.392578
-0.0206092 0.396484
-0.019844 0.392578
-0.0214687 0.400391
-0.0224206 0.404297
-0.0234563 0.408203
-0.0245993 0.412109
-0.0272083 0.419922
-0.0258537 0.416016
-0.0272083 0.419922
-0.0234563 0.408203
-0.0286707 0.423828
-0.0302383 0.427734
-0.0318534 0.431641
-0.0502214 0.466797
-0.0476943 0.462891
-0.0502214 0.466797
-0.0391514 0.447266
-0.0411149 0.451172
-0.035393 0.439453
-0.0372588 0.443359
-0.035393 0.439453
-0.0391514 0.447266
-0.0431717 0.455078
-0.0453565 0.458984
-0.0431717 0.455078
-0.0476943 0.462891
-0.0561069 0.474609
-0.0605469 0.479313
-0.0605469 0.479313
-0.0597302 0.478516
-0.0529865 0.470703
-0.0561069 0.474609
0.0506541 -0.499672
0.0520322 -0.497484
0.0545228 -0.496019
0.0576205 -0.496734
0.0546875 -0.496094
0.0594179 -0.498478
0.0476708 -0.447266
0.0462309 -0.443359
0.0459355 -0.439453
0.0527344 -0.453055
0.0566406 -0.45569
0.0566406 -0.45569
0.0605469 -0.457867
0.0605469 -0.457867
0.0505709 -0.451172
0.0476708 -0.447266
0.0527344 -0.453055
0.015171 -0.376953
0.0261164 -0.392578
0.0292969 -0.39553
0.0292969 -0.39553
0.0199339 -0.384766
0.0227654 -0.388672
0.0199339 -0.384766
0.0174149 -0.380859
0.015171 -0.376953
0.0227654 -0.388672
0.046174 -0.435547
0.0466522 -0.431641
0.0470896 -0.427734
0.047179 -0.416016
0.0439953 -0.408203
0.0459619 -0.412109
0.0439953 -0.408203
0.0470896 -0.427734
0.0475506 -0.423828
0.0476579 -0.419922
0.047179 -0.416016
0.0332031 -0.398565
0.0371094 -0.40146
0.0371094 -0.40146
0.0332031 -0.398565
0.0410156 -0.404776
0.0683594 -0.461257
0.0644531 -0.459695
0.0683594 -0.461257
0.0722656 -0.462619
0.0761719 -0.463698
0.0800781 -0.464465
0.0839844 -0.464915
0.0839844 -0.464915
0.0878906 -0.465027
0.0917969 -0.464703
0.0917969 -0.464703
0.12241 -0.497745
0.12461 -0.495901
0.0957031 -0.463844
0.0996094 -0.462275
0.0996094 -0.462275
0.103516 -0.459517
0.103516 -0.459517
0.107422 -0.455918
0.108182 -0.455078
0.108182 -0.455078
0.111553 -0.451172
0.114651 -0.447266
0.114651 -0.447266
0.117558 -0.443359
0.117558 -0.443359
0.120417 -0.439453
0.120417 -0.439453
0.12323 -0.435547
0.125969 -0.431641
0.0115747 -0.369141
0.013239 -0.373047
0.0115747 -0.369141
0.0104483 -0.365234
0.00978234 -0.361328
0.00946609 -0.357422
0.00946046 -0.353516
0.00965415 -0.349609
0.0100074 -0.345703
0.0104296 -0.341797
0.0108765 -0.337891
0.011311 -0.333984
0.0116967 -0.330078
0.0116967 -0.330078
0.0120635 -0.326172
0.01242 -0.322266
0.0127373 -0.318359
0.0129943 -0.314453
0.0131898 -0.310547
0.01333 -0.306641
0.0134201 -0.302734
0.0134623 -0.298828
0.0134563 -0.294922
0.0134032 -0.291016
0.0133068 -0.287109
0.0131715 -0.283203
0.0130025 -0.279297
0.0128056 -0.275391
0.0125882 -0.271484
0.0123602 -0.267578
0.0121339 -0.263672
0.0119232 -0.259766
0.0117328 -0.255859
0.0115819 -0.251953
0.0117328 -0.255859
0.127944 -0.496742
0.126397 -0.495691
0.129654 -0.498492
0.163163 -0.498047
0.163746 -0.495447
0.164062 -0.492187
0.167559 -0.498477
0.165468 -0.492792
0.168082 -0.496707
0.169377 -0.494141
0.166047 -0.491516
0.169423 -0.491079
0.125969 -0.431641
0.128647 -0.427734
0.128647 -0.427734
0.131213 -0.423828
0.133714 -0.419922
0.133714 -0.419922
0.136169 -0.416016
0.136169 -0.416016
0.138539 -0.412109
0.140721 -0.408203
0.140721 -0.408203
0.142673 -0.404297
0.14444 -0.400391
0.14444 -0.400391
0.14607 -0.396484
0.147568 -0.392578
0.147568 -0.392578
0.148955 -0.388672
0.148955 -0.388672
0.150242 -0.384766
0.15147 -0.380859
0.152665 -0.376953
0.15147 -0.380859
0.152665 -0.376953
0.214832 -0.498047
0.215706 -0.494141
0.214832 -0.498047
0.215706 -0.494141
0.216795 -0.490234
0.218165 -0.486328
0.218165 -0.486328
0.219794 -0.482422
0.22158 -0.478516
0.223502 -0.474609
0.223502 -0.474609
0.225521 -0.470703
0.225521 -0.470703
0.227825 -0.466797
0.227825 -0.466797
0.230522 -0.462891
0.230522 -0.462891
0.233949 -0.458984
0.236328 -0.456864
0.236328 -0.456864
0.240234 -0.454188
0.240234 -0.454188
0.244141 -0.452406
0.248047 -0.451421
0.153849 -0.373047
0.155003 -0.369141
0.156144 -0.365234
0.156144 -0.365234
0.157288 -0.361328
0.15841 -0.357422
0.159503 -0.353516
0.160602 -0.349609
0.160602 -0.349609
0.161682 -0.345703
0.162734 -0.341797
0.163757 -0.337891
0.163757 -0.337891
0.16473 -0.333984
0.165572 -0.330078
0.166187 -0.326172
0.166473 -0.322266
0.16634 -0.318359
0.165767 -0.314453
0.155339 -0.287109
0.153474 -0.283203
0.148427 -0.271484
0.147013 -0.267578
0.151696 -0.279297
0.149994 -0.275391
0.151696 -0.279297
0.148427 -0.271484
0.144687 -0.259766
0.145758 -0.263672
0.144687 -0.259766
0.143807 -0.255859
0.143122 -0.251953
0.163758 -0.306641
0.160718 -0.298828
0.162353 -0.302734
0.160718 -0.298828
0.164851 -0.310547
0.163758 -0.306641
0.159023 -0.294922
0.157171 -0.291016
0.0114815 -0.248047
0.0114439 -0.244141
0.0114662 -0.240234
0.0115409 -0.236328
0.0116505 -0.232422
0.0117713 -0.228516
0.0117713 -0.228516
0.011917 -0.224609
0.0120809 -0.220703
0.0122502 -0.216797
0.0124129 -0.212891
0.0125595 -0.208984
0.0126839 -0.205078
0.0127823 -0.201172
0.0128527 -0.197266
0.012894 -0.193359
0.0129067 -0.189453
0.0128928 -0.185547
0.0128553 -0.181641
0.0127987 -0.177734
0.012728 -0.173828
0.0126479 -0.169922
0.0125631 -0.166016
0.0124775 -0.162109
0.0123949 -0.158203
0.0123191 -0.154297
0.0122535 -0.150391
0.0122014 -0.146484
0.0121657 -0.142578
0.0121483 -0.138672
0.0121503 -0.134766
0.0121714 -0.130859
0.0122099 -0.126953
0.012263 -0.123047
0.0123264 -0.119141
0.0123952 -0.115234
0.0124638 -0.111328
0.0125264 -0.107422
0.012578 -0.103516
0.0126141 -0.0996094
0.012632 -0.0957031
0.0126299 -0.0917969
0.0126076 -0.0878906
0.0125662 -0.0839844
0.0125077 -0.0800781
0.0124347 -0.0761719
0.0123506 -0.0722656
0.0122589 -0.0683594
0.0121633 -0.0644531
0.0120677 -0.0605469
0.011976 -0.0566406
0.0118918 -0.0527344
0.0118184 -0.0488281
0.0117115 -0.0410156
0.0117581 -0.0449219
0.0117115 -0.0410156
0.0116813 -0.0371094
0.0116682 -0.0332031
0.0116692 -0.0292969
0.0116817 -0.0253906
0.0117026 -0.0214844
0.0117294 -0.0175781
0.0117294 -0.0175781
0.0117604 -0.0136719
0.0117916 -0.00976562
0.0118199 -0.00585938
0.0118426 -0.00195312
0.142633 -0.248047
0.142341 -0.244141
0.142219 -0.240234
0.142251 -0.236328
0.142413 -0.232422
0.142686 -0.228516
0.143053 -0.224609
0.143498 -0.220703
0.144014 -0.216797
0.144595 -0.212891
0.144595 -0.212891
0.145188 -0.208984
0.145794 -0.205078
0.146463 -0.201172
0.14719 -0.197266
0.147988 -0.193359
0.148862 -0.189453
0.148862 -0.189453
0.149745 -0.185547
0.150702 -0.181641
0.151776 -0.177734
0.152974 -0.173828
0.151776 -0.177734
0.152974 -0.173828
0.154251 -0.169922
0.155615 -0.166016
0.155615 -0.166016
0.157092 -0.162109
0.15869 -0.158203
0.160414 -0.154297
0.160414 -0.154297
0.162267 -0.150391
0.164226 -0.146484
0.164226 -0.146484
0.166261 -0.142578
0.168367 -0.138672
0.168367 -0.138672
0.170517 -0.134766
0.17271 -0.130859
0.17271 -0.130859
0.174943 -0.126953
0.174943 -0.126953
0.177197 -0.123047
0.179467 -0.119141
0.179467 -0.119141
0.181747 -0.115234
0.184042 -0.111328
0.184042 -0.111328
0.186355 -0.107422
0.186355 -0.107422
0.188693 -0.103516
0.191033 -0.0996094
0.191033 -0.0996094
0.193389 -0.0957031
0.195739 -0.0917969
0.195739 -0.0917969
0.198094 -0.0878906
0.198094 -0.0878906
0.200455 -0.0839844
0.202795 -0.0800781
0.202795 -0.0800781
0.205144 -0.0761719
0.207458 -0.0722656
0.207458 -0.0722656
0.209747 -0.0683594
0.21202 -0.0644531
0.209747 -0.0683594
0.21202 -0.0644531
0.214243 -0.0605469
0.214243 -0.0605469
0.216463 -0.0566406
0.218654 -0.0527344
0.218654 -0.0527344
0.220839 -0.0488281
0.223004 -0.0449219
0.223004 -0.0449219
0.22516 -0.0410156
0.22731 -0.0371094
0.22731 -0.0371094
0.229472 -0.0332031
0.229472 -0.0332031
0.231671 -0.0292969
0.233888 -0.0253906
0.233888 -0.0253906
0.23615 -0.0214844
0.238446 -0.0175781
0.238446 -0.0175781
0.240782 -0.0136719
0.243172 -0.00976562
0.243172 -0.00976562
0.24563 -0.00585938
0.24563 -0.00585938
0.248187 -0.00195312
0.272872 -0.470703
0.275391 -0.473321
0.272872 -0.470703
0.279297 -0.474623
0.259766 -0.452993
0.263672 -0.455162
0.251953 -0.451164
0.255859 -0.451637
0.259766 -0.452993
0.269399 -0.462891
0.27084 -0.466797
0.269399 -0.462891
0.267493 -0.458984
0.265905 -0.456751
0.283203 -0.474326
0.287109 -0.473838
0.291016 -0.473863
0.294922 -0.474468
0.298828 -0.475282
0.302734 -0.476085
0.306641 -0.476892
0.310547 -0.477741
0.306641 -0.476892
0.314453 -0.478667
0.318359 -0.47969
0.322266 -0.480797
0.322266 -0.480797
0.326172 -0.481991
0.333984 -0.484637
0.337891 -0.486049
0.341797 -0.487519
0.330078 -0.483293
0.333984 -0.484637
0.345703 -0.488935
0.345703 -0.488935
0.349609 -0.490323
0.353516 -0.491626
0.357422 -0.492782
0.353516 -0.491626
0.361328 -0.493806
0.365234 -0.494703
0.369141 -0.495502
0.373533 -0.496279
0.37126 -0.496077
0.376953 -0.496292
0.380859 -0.496164
0.382812 -0.496094
0.384766 -0.496275
0.388672 -0.49613
0.386719 -0.496094
0.392578 -0.496328
0.395865 -0.496287
0.398018 -0.496046
0.400391 -0.495431
0.404297 -0.494813
0.408203 -0.493951
0.412109 -0.492926
0.416016 -0.491704
0.416016 -0.491704
0.419922 -0.490259
0.423828 -0.488578
0.423828 -0.488578
0.427734 -0.486652
0.431641 -0.484459
0.431641 -0.484459
0.435547 -0.481977
0.439453 -0.479173
0.439453 -0.479173
0.443359 -0.476013
0.443359 -0.476013
0.447266 -0.472453
0.447266 -0.472453
0.449024 -0.470703
0.45264 -0.466797
0.45264 -0.466797
0.455879 -0.462891
0.455879 -0.462891
0.458803 -0.458984
0.461457 -0.455078
0.461457 -0.455078
0.463875 -0.451172
0.463875 -0.451172
0.466085 -0.447266
0.468108 -0.443359
0.468108 -0.443359
0.469963 -0.439453
0.471664 -0.435547
0.473225 -0.431641
0.473225 -0.431641
0.474658 -0.427734
0.475973 -0.423828
0.475973 -0.423828
0.477181 -0.419922
0.47829 -0.416016
0.479309 -0.412109
0.480243 -0.408203
0.480243 -0.408203
0.481101 -0.404297
0.48189 -0.400391
0.482613 -0.396484
0.483277 -0.392578
0.483886 -0.388672
0.484446 -0.384766
0.484446 -0.384766
0.484963 -0.380859
0.485444 -0.376953
0.48589 -0.373047
0.486304 -0.369141
0.486687 -0.365234
0.487038 -0.361328
0.487359 -0.357422
0.487649 -0.353516
0.487912 -0.349609
0.488149 -0.345703
0.488363 -0.341797
0.488363 -0.341797
0.488562 -0.337891
0.488746 -0.333984
0.488915 -0.330078
0.48907 -0.326172
0.489212 -0.322266
0.489344 -0.318359
0.489465 -0.314453
0.489576 -0.310547
0.489679 -0.306641
0.489774 -0.302734
0.489861 -0.298828
0.489941 -0.294922
0.490015 -0.291016
0.490084 -0.287109
0.490146 -0.283203
0.490203 -0.279297
0.490256 -0.275391
0.490304 -0.271484
0.490347 -0.267578
0.490386 -0.263672
0.490421 -0.259766
0.490453 -0.255859
0.490482 -0.251953
0.316406 -0.0507812
0.490507 -0.248047
0.490529 -0.244141
0.490548 -0.240234
0.490564 -0.236328
0.490577 -0.232422
0.490587 -0.228516
0.490595 -0.224609
0.4906 -0.220703
0.490603 -0.216797
0.490603 -0.212891
0.490601 -0.208984
0.490597 -0.205078
0.490591 -0.201172
0.490583 -0.197266
0.490573 -0.193359
0.490562 -0.189453
0.49055 -0.185547
0.490536 -0.181641
0.490521 -0.177734
0.490505 -0.173828
0.490488 -0.169922
0.49047 -0.166016
0.490452 -0.162109
0.490433 -0.158203
0.490414 -0.154297
0.490394 -0.150391
0.490375 -0.146484
0.490355 -0.142578
0.490335 -0.138672
0.490315 -0.134766
0.490296 -0.130859
0.490276 -0.126953
0.490257 -0.123047
0.490237 -0.119141
0.490219 -0.115234
0.490199 -0.111328
0.49018 -0.107422
0.490162 -0.103516
0.490143 -0.0996094
0.490125 -0.0957031
0.490106 -0.0917969
0.490088 -0.0878906
0.490069 -0.0839844
0.490051 -0.0800781
0.490032 -0.0761719
0.490013 -0.0722656
0.489993 -0.0683594
0.489973 -0.0644531
0.489951 -0.0605469
0.489929 -0.0566406
0.489905 -0.0527344
0.489879 -0.0488281
0.489853 -0.0449219
0.489824 -0.0410156
0.489794 -0.0371094
0.489763 -0.0332031
0.48973 -0.0292969
0.489695 -0.0253906
0.489659 -0.0214844
0.489623 -0.0175781
0.489585 -0.0136719
0.489546 -0.00976562
0.489507 -0.00585938
0.489467 -0.00195312
0.0118577 0.00195312
0.0118638 0.00585938
0.0118602 0.00976562
0.0118472 0.0136719
0.0118255 0.0175781
0.0117959 0.0214844
0.0117181 0.0292969
0.0117595 0.0253906
0.0117181 0.0292969
0.0116777 0.0332031
0.0116418 0.0371094
0.0116093 0.0410156
0.0115821 0.0449219
0.0115609 0.0488281
0.0115455 0.0527344
0.0115353 0.0566406
0.0115292 0.0605469
0.0115262 0.0644531
0.0115255 0.0683594
0.0115268 0.0722656
0.0115301 0.0761719
0.0115359 0.0800781
0.0115445 0.0839844
0.011556 0.0878906
0.0115706 0.0917969
0.0115882 0.0957031
0.011609 0.0996094
0.0116331 0.103516
0.0116607 0.107422
0.0116924 0.111328
0.0117249 0.115234
0.0117249 0.115234
0.0117626 0.119141
0.011805 0.123047
0.0118524 0.126953
0.0119043 0.130859
0.0119592 0.134766
0.0120155 0.138672
0.0120717 0.142578
0.0121262 0.146484
0.0121776 0.150391
0.0122248 0.154297
0.0122674 0.158203
0.0123054 0.162109
0.0123397 0.166016
0.0123714 0.169922
0.0124021 0.173828
0.0124332 0.177734
0.012466 0.181641
0.0125014 0.185547
0.0125397 0.189453
0.0125807 0.193359
0.0126232 0.197266
0.0126656 0.201172
0.0127058 0.205078
0.0127415 0.208984
0.0127707 0.212891
0.0127921 0.216797
0.0128053 0.220703
0.0128112 0.224609
0.0128119 0.228516
0.0128105 0.232422
0.0128102 0.236328
0.0128137 0.240234
0.0128228 0.244141
0.012838 0.248047
0.250841 0.00195312
0.0128586 0.251953
0.0128835 0.255859
0.0129117 0.259766
0.0129438 0.263672
0.012982 0.267578
0.0130303 0.271484
0.0130936 0.275391
0.0131766 0.279297
0.0132832 0.283203
0.0134155 0.287109
0.0135732 0.291016
0.0137512 0.294922
0.0139406 0.298828
0.0141266 0.302734
0.0142909 0.306641
0.0144191 0.310547
0.0145092 0.314453
0.0145777 0.318359
0.014659 0.322266
0.014798 0.326172
0.0150312 0.330078
0.0153598 0.333984
0.0157228 0.337891
0.0157228 0.337891
0.0160509 0.341797
0.0155258 0.353516
0.014954 0.357422
0.0145378 0.361328
0.0145184 0.365234
0.0151212 0.369141
0.0163668 0.373047
0.0161975 0.345703
0.0160192 0.349609
0.0155258 0.353516
0.0151212 0.369141
0.0163668 0.373047
0.0179793 0.376953
0.0197665 0.380859
0.0197665 0.380859
0.0215617 0.384766
0.0230594 0.388672
0.0230594 0.388672
0.0235238 0.404297
0.0239538 0.392578
0.0243687 0.396484
0.0241514 0.400391
0.0235238 0.404297
0.0227115 0.408203
0.021936 0.412109
0.021357 0.416016
0.0211756 0.419922
0.0216226 0.423828
0.0228911 0.427734
0.0228911 0.427734
0.0251448 0.431641
0.0281717 0.435547
0.0281717 0.435547
0.0273437 0.4375
0.0318585 0.439453
0.0332031 0.44072
0.0332031 0.44072
0.0371094 0.444129
0.0371094 0.444129
0.0410156 0.447409
0.0449219 0.450679
0.0449219 0.450679
0.0488281 0.453832
0.0488281 0.453832
0.0507812 0.457031
0.0527344 0.456839
0.0527344 0.456839
0.0566406 0.459569
0.0566406 0.459569
0.0605469 0.462356
0.0644531 0.465098
0.0644531 0.465098
0.0683594 0.467927
0.0683594 0.467927
0.0722656 0.470807
0.0761719 0.473806
0.0761719 0.473806
0.0800781 0.476593
0.0800781 0.476593
0.0839844 0.479682
0.0839844 0.479682
0.0878906 0.483132
0.0909961 0.486328
0.0909961 0.486328
0.0939487 0.490234
0.0939487 0.490234
0.0960001 0.494141
0.0974916 0.498047
0.0974916 0.498047
0.250841 0.00195312
0.253581 0.00585938
0.253581 0.00585938
0.256393 0.00976562
0.256393 0.00976562
0.259298 0.0136719
0.262289 0.0175781
0.262289 0.0175781
0.265362 0.0214844
0.265362 0.0214844
0.268536 0.0253906
0.268536 0.0253906
0.271835 0.0292969
0.271835 0.0292969
0.275225 0.0332031
0.2786 0.0371094
0.2786 0.0371094
0.282011 0.0410156
0.282011 0.0410156
0.285458 0.0449219
0.285458 0.0449219
0.288904 0.0488281
0.288904 0.0488281
0.292325 0.0527344
0.292325 0.0527344
0.29571 0.0566406
0.29571 0.0566406
0.299038 0.0605469
0.302282 0.0644531
0.302282 0.0644531
0.305442 0.0683594
0.305442 0.0683594
0.308518 0.0722656
0.308518 0.0722656
0.311511 0.0761719
0.311511 0.0761719
0.314422 0.0800781
0.317248 0.0839844
0.317248 0.0839844
0.319972 0.0878906
0.319972 0.0878906
0.322581 0.0917969
0.325052 0.0957031
0.325052 0.0957031
0.327369 0.0996094
0.327369 0.0996094
0.329499 0.103516
0.331441 0.107422
0.331441 0.107422
0.333171 0.111328
0.33471 0.115234
0.336042 0.119141
0.336042 0.119141
0.337181 0.123047
0.338154 0.126953
0.338988 0.130859
0.339695 0.134766
0.339695 0.134766
0.340277 0.138672
0.340731 0.142578
0.341091 0.146484
0.341376 0.150391
0.341596 0.154297
0.341761 0.158203
0.34188 0.162109
0.341959 0.166016
0.342011 0.169922
0.342043 0.173828
0.342058 0.177734
0.342063 0.181641
0.342063 0.185547
0.342061 0.189453
0.342058 0.193359
0.34205 0.197266
0.342032 0.201172
0.341998 0.205078
0.341941 0.208984
0.341855 0.212891
0.341737 0.216797
0.341587 0.220703
0.341401 0.224609
0.341183 0.228516
0.340939 0.232422
0.340676 0.236328
0.340402 0.240234
0.339866 0.248047
0.340127 0.244141
0.339866 0.248047
0.489427 0.00195312
0.489387 0.00585938
0.489347 0.00976562
0.489307 0.0136719
0.489268 0.0175781
0.489229 0.0214844
0.489191 0.0253906
0.489153 0.0292969
0.489117 0.0332031
0.489082 0.0371094
0.489048 0.0410156
0.489015 0.0449219
0.488985 0.0488281
0.488956 0.0527344
0.48893 0.0566406
0.488907 0.0605469
0.488888 0.0644531
0.488872 0.0683594
0.488861 0.0722656
0.488854 0.0761719
0.488852 0.0800781
0.488856 0.0839844
0.488865 0.0878906
0.488879 0.0917969
0.488899 0.0957031
0.488924 0.0996094
0.488953 0.103516
0.488987 0.107422
0.489025 0.111328
0.489066 0.115234
0.48911 0.119141
0.489157 0.123047
0.489207 0.126953
0.489261 0.130859
0.48932 0.134766
0.489385 0.138672
0.489457 0.142578
0.489538 0.146484
0.48963 0.150391
0.489732 0.154297
0.489845 0.158203
0.489966 0.162109
0.490094 0.166016
0.490223 0.169922
0.490346 0.173828
0.490449 0.177734
0.490528 0.181641
0.49057 0.185547
0.490562 0.189453
0.490496 0.193359
0.490361 0.197266
0.490153 0.201172
0.489881 0.205078
0.489541 0.208984
0.489151 0.212891
0.48872 0.216797
0.48827 0.220703
0.487815 0.224609
0.48827 0.220703
0.487374 0.228516
0.486944 0.232422
0.486535 0.236328
0.486153 0.240234
0.485796 0.244141
0.48547 0.248047
0.339622 0.251953
0.339393 0.255859
0.339233 0.259766
0.339183 0.263672
0.339283 0.267578
0.339585 0.271484
0.340148 0.275391
0.340148 0.275391
0.340952 0.279297
0.34212 0.283203
0.343731 0.287109
0.343731 0.287109
0.345853 0.291016
0.348437 0.294922
0.348437 0.294922
0.35145 0.298828
0.35145 0.298828
0.35476 0.302734
0.35476 0.302734
0.358046 0.306641
0.358046 0.306641
0.360943 0.310547
0.363402 0.314453
0.363402 0.314453
0.365532 0.318359
0.367357 0.322266
0.367357 0.322266
0.368896 0.326172
0.370198 0.330078
0.371332 0.333984
0.370198 0.330078
0.371332 0.333984
0.372322 0.337891
0.373201 0.341797
0.374006 0.345703
0.374684 0.349609
0.375313 0.353516
0.296857 0.492174
0.296323 0.494256
0.300432 0.492112
0.297813 0.492951
0.298421 0.498047
0.302995 0.494141
0.303106 0.498047
0.361328 0.439016
0.368491 0.431641
0.364925 0.435547
0.371601 0.427734
0.37422 0.423828
0.371601 0.427734
0.368491 0.431641
0.336135 0.462891
0.333913 0.466797
0.339175 0.458984
0.341797 0.456236
0.339175 0.458984
0.336135 0.462891
0.320231 0.49211
0.320078 0.494622
0.322266 0.492094
0.322266 0.493497
0.3231 0.498047
0.324807 0.495336
0.326222 0.498047
0.332279 0.470703
0.331047 0.474609
0.332279 0.470703
0.330313 0.478516
0.33013 0.482422
0.330613 0.486328
0.332432 0.490234
0.332432 0.490234
0.333984 0.491894
0.337891 0.494309
0.341797 0.495059
0.345703 0.45258
0.349609 0.449191
0.349609 0.449191
0.353516 0.445887
0.357422 0.442528
0.357422 0.442528
0.353516 0.445887
0.345703 0.45258
0.361328 0.439016
0.345703 0.494833
0.349609 0.493975
0.357422 0.491742
0.353516 0.492902
0.357422 0.491742
0.361328 0.490527
0.365234 0.489337
0.369141 0.488179
0.369141 0.488179
0.373047 0.487247
0.374684 0.349609
0.375313 0.353516
0.375865 0.357422
0.376413 0.361328
0.376991 0.365234
0.377597 0.369141
0.378226 0.373047
0.484378 0.267578
0.484305 0.271484
0.484297 0.275391
0.484352 0.279297
0.485174 0.251953
0.484911 0.255859
0.484687 0.259766
0.484507 0.263672
0.484378 0.267578
0.484352 0.279297
0.484466 0.283203
0.484641 0.287109
0.484866 0.291016
0.485133 0.294922
0.485434 0.298828
0.485756 0.302734
0.486091 0.306641
0.486427 0.310547
0.486765 0.314453
0.487093 0.318359
0.487412 0.322266
0.48772 0.326172
0.488015 0.330078
0.488301 0.333984
0.488301 0.333984
0.488583 0.337891
0.488868 0.341797
0.489141 0.345703
0.4894 0.349609
0.489639 0.353516
0.48985 0.357422
0.490021 0.361328
0.490137 0.365234
0.490176 0.369141
0.49011 0.373047
0.378898 0.376953
0.378898 0.376953
0.379571 0.380859
0.380153 0.384766
0.380583 0.388672
0.380813 0.392578
0.380843 0.396484
0.380708 0.400391
0.380429 0.404297
0.379165 0.412109
0.379956 0.408203
0.379165 0.412109
0.377955 0.416016
0.376292 0.419922
0.37422 0.423828
0.376953 0.486619
0.380859 0.486277
0.384766 0.486132
0.388672 0.486065
0.404297 0.484511
0.392578 0.485956
0.396484 0.485704
0.400391 0.485237
0.404297 0.484511
0.408203 0.483523
0.412109 0.482279
0.416016 0.480848
0.416016 0.480848
0.419922 0.479304
0.417648 0.49917
0.421152 0.495901
0.419523 0.497289
0.427734 0.47604
0.423828 0.477661
0.427734 0.47604
0.431641 0.474365
0.435547 0.472754
0.435547 0.472754
0.424094 0.498047
0.485115 0.400391
0.483027 0.404297
0.489915 0.376953
0.489566 0.380859
0.488389 0.388672
0.489053 0.384766
0.488389 0.388672
0.487554 0.392578
0.486535 0.396484
0.485115 0.400391
0.475901 0.416016
0.475052 0.419922
0.480457 0.408203
0.477747 0.412109
0.480457 0.408203
0.475901 0.416016
0.475067 0.423828
0.475784 0.427734
0.476927 0.431641
0.476927 0.431641
0.478418 0.435547
0.447266 0.468179
0.451172 0.466829
0.455078 0.465416
0.455078 0.465416
0.458984 0.463859
0.458984 0.463859
0.466797 0.460608
0.462891 0.462332
0.466797 0.460608
0.439453 0.471157
0.443359 0.469633
0.447266 0.468179
0.444093 0.499406
0.44572 0.499311
0.480097 0.439453
0.480097 0.439453
0.481429 0.443359
0.482263 0.447266
0.481746 0.451172
0.470703 0.459005
0.474609 0.457359
0.474609 0.457359
0.478516 0.455198
0.478601 0.455078
