t ke gpe 
0 0.0530395 0
0.000256182 0.0532928 0
0.00090577 0.0537206 0
0.00166362 0.0540882 0
0.00249726 0.0544116 0
0.0034351 0.0547021 0
0.00437295 0.0549483 0
0.00531079 0.0551656 0
0.00624863 0.0553623 0
0.00718647 0.0555433 0
0.00812432 0.0557119 0
0.00906216 0.0558714 0
0.01 0.0560231 0
0.01125 0.0562123 0
0.0125 0.0563894 0
0.01375 0.0565581 0
0.015 0.0567191 0
0.01625 0.0568733 0
0.0175 0.0570212 0
0.01875 0.0571638 0
0.02 0.0573016 0
0.0214286 0.0574538 0
0.0228571 0.0576008 0
0.0242857 0.0577432 0
0.0257143 0.0578818 0
0.0271429 0.0580163 0
0.0285714 0.0581473 0
0.03 0.0582747 0
0.0314286 0.0583992 0
0.0328571 0.0585208 0
0.0342857 0.0586408 0
0.0357143 0.0587584 0
0.0371429 0.0588732 0
0.0385714 0.058986 0
0.04 0.0590965 0
0.0414286 0.0592052 0
0.0428571 0.0593119 0
0.0442857 0.0594169 0
0.0457143 0.0595202 0
0.0471429 0.059622 0
0.0485714 0.0597223 0
0.05 0.0598217 0
0.0514286 0.0599185 0
0.0528571 0.0600139 0
0.0542857 0.0601081 0
0.0557143 0.0602009 0
0.0571429 0.0602926 0
0.0585714 0.0603831 0
0.06 0.0604724 0
0.0614286 0.0605607 0
0.0628571 0.060647 0
0.0642857 0.0607333 0
0.0657143 0.0608177 0
0.0671429 0.0609012 0
0.0685714 0.0609838 0
0.07 0.0610657 0
0.0714286 0.0611468 0
0.0728571 0.0612273 0
0.0742857 0.0613069 0
0.0757143 0.0613858 0
0.0771429 0.0614639 0
0.0785714 0.0615413 0
0.08 0.0616178 0
0.0814286 0.0616938 0
0.0828571 0.061769 0
0.0842857 0.0618436 0
0.0857143 0.0619176 0
0.0871429 0.061991 0
0.0885714 0.0620639 0
0.09 0.0621361 0
0.0914286 0.0622078 0
0.0928571 0.0622789 0
0.0942857 0.0623495 0
0.0957143 0.0624197 0
0.0971429 0.0624893 0
0.0985714 0.0625584 0
0.1 0.062627 0
0.101429 0.0626949 0
0.102857 0.0627624 0
0.104286 0.0628294 0
0.105714 0.0628959 0
0.107143 0.0629622 0
0.108571 0.0630281 0
0.11 0.0630934 0
0.111429 0.0631584 0
0.112857 0.0632229 0
0.114286 0.063287 0
0.115714 0.0633507 0
0.117143 0.0634141 0
0.118571 0.0634769 0
0.12 0.0635398 0
0.121429 0.0636021 0
0.122857 0.0636642 0
0.124286 0.0637256 0
0.125714 0.0637871 0
0.127143 0.0638478 0
0.128571 0.0639083 0
0.13 0.0639685 0
0.131429 0.0640285 0
0.132857 0.064088 0
0.134286 0.0641471 0
0.135714 0.0642062 0
0.137143 0.0642647 0
0.138571 0.0643229 0
0.14 0.0643808 0
0.141429 0.0644387 0
0.142857 0.064496 0
0.144286 0.0645531 0
0.145714 0.0646101 0
0.147143 0.0646666 0
0.148571 0.0647231 0
0.15 0.064779 0
0.151429 0.0648347 0
0.152857 0.0648899 0
0.154286 0.0649452 0
0.155714 0.0650002 0
0.157143 0.0650549 0
0.158571 0.065109 0
0.16 0.0651631 0
0.161429 0.0652168 0
0.162857 0.0652702 0
0.164286 0.0653233 0
0.165714 0.0653764 0
0.167143 0.0654292 0
0.168571 0.0654816 0
0.17 0.0655339 0
0.171429 0.0655864 0
0.172857 0.0656383 0
0.174286 0.06569 0
0.175714 0.0657414 0
0.177143 0.0657925 0
0.178571 0.0658434 0
0.18 0.0658942 0
0.181429 0.0659448 0
0.182857 0.0659951 0
0.184286 0.0660451 0
0.185714 0.066095 0
0.187143 0.0661446 0
0.188571 0.0661942 0
0.19 0.0662436 0
0.191429 0.0662928 0
0.192857 0.0663417 0
0.194286 0.0663907 0
0.195714 0.0664393 0
0.197143 0.0664878 0
0.198571 0.0665358 0
0.2 0.0665839 0
0.201429 0.0666316 0
0.202857 0.0666793 0
0.204286 0.0667267 0
0.205714 0.066774 0
0.207143 0.0668211 0
0.208571 0.0668682 0
0.21 0.066915 0
0.211429 0.0669618 0
0.212857 0.0670082 0
0.214286 0.0670543 0
0.215714 0.0671003 0
0.217143 0.0671461 0
0.218571 0.0671917 0
0.22 0.0672372 0
0.221429 0.0672829 0
0.222857 0.0673283 0
0.224286 0.0673733 0
0.225714 0.0674183 0
0.227143 0.067463 0
0.228571 0.0675076 0
0.23 0.0675521 0
0.231429 0.0675964 0
0.232857 0.0676404 0
0.234286 0.0676842 0
0.235714 0.0677281 0
0.237143 0.0677716 0
0.238571 0.0678152 0
0.24 0.0678586 0
0.241429 0.0679018 0
0.242857 0.067945 0
0.244286 0.067988 0
0.245714 0.0680309 0
0.247143 0.0680736 0
0.248571 0.0681163 0
0.25 0.0681587 0
0.251429 0.0682009 0
0.252857 0.0682431 0
0.254286 0.0682852 0
0.255714 0.0683269 0
0.257143 0.0683687 0
0.258571 0.0684103 0
0.26 0.0684518 0
0.261429 0.0684933 0
0.262857 0.0685345 0
0.264286 0.0685756 0
0.265714 0.0686165 0
0.267143 0.0686571 0
0.268571 0.0686978 0
0.27 0.0687384 0
0.271429 0.0687789 0
0.272857 0.0688192 0
0.274286 0.0688594 0
0.275714 0.0688995 0
0.277143 0.0689393 0
0.278571 0.0689791 0
0.28 0.0690189 0
0.281429 0.0690585 0
0.282857 0.0690979 0
0.284286 0.0691371 0
0.285714 0.0691761 0
0.287143 0.0692153 0
0.288571 0.0692544 0
0.29 0.0692935 0
0.291429 0.0693324 0
0.292857 0.069371 0
0.294286 0.0694097 0
0.295714 0.0694482 0
0.297143 0.0694866 0
0.298571 0.0695251 0
0.3 0.0695632 0
0.301429 0.0696013 0
0.302857 0.0696392 0
0.304286 0.0696771 0
0.305714 0.069715 0
0.307143 0.0697528 0
0.308571 0.0697904 0
0.31 0.0698278 0
0.311429 0.0698652 0
0.312857 0.0699023 0
0.314286 0.0699394 0
0.315714 0.0699765 0
0.317143 0.0700134 0
0.318571 0.0700504 0
0.32 0.0700872 0
0.321429 0.070124 0
0.322857 0.0701604 0
0.324286 0.0701968 0
0.325714 0.0702332 0
0.327143 0.0702695 0
0.328571 0.0703057 0
0.33 0.0703418 0
0.331429 0.0703779 0
0.332857 0.0704139 0
0.334286 0.0704498 0
0.335714 0.0704857 0
0.337143 0.0705212 0
0.338571 0.0705568 0
0.34 0.0705925 0
0.341429 0.0706278 0
0.342857 0.0706629 0
0.344286 0.0706982 0
0.345714 0.0707332 0
0.347143 0.0707683 0
0.348571 0.0708032 0
0.35 0.0708381 0
0.351429 0.070873 0
0.352857 0.0709077 0
0.354286 0.0709422 0
0.355714 0.0709769 0
0.357143 0.0710115 0
0.358571 0.0710458 0
0.36 0.0710802 0
0.361429 0.0711144 0
0.362857 0.0711486 0
0.364286 0.0711827 0
0.365714 0.0712166 0
0.367143 0.0712504 0
0.368571 0.0712844 0
0.37 0.0713181 0
0.371429 0.0713518 0
0.372857 0.0713855 0
0.374286 0.0714189 0
0.375714 0.0714524 0
0.377143 0.0714857 0
0.378571 0.0715189 0
0.38 0.0715523 0
0.381429 0.0715854 0
0.382857 0.0716186 0
0.384286 0.0716515 0
0.385714 0.0716844 0
0.387143 0.0717172 0
0.388571 0.0717501 0
0.39 0.0717828 0
0.391429 0.0718155 0
0.392857 0.0718481 0
0.394286 0.0718806 0
0.395714 0.071913 0
0.397143 0.0719454 0
0.398571 0.0719778 0
0.4 0.07201 0
0.401429 0.0720421 0
0.402857 0.0720742 0
0.404286 0.0721063 0
0.405714 0.0721383 0
0.407143 0.0721702 0
0.408571 0.072202 0
0.41 0.0722335 0
0.411429 0.0722652 0
0.412857 0.0722967 0
0.414286 0.0723283 0
0.415714 0.0723597 0
0.417143 0.0723911 0
0.418571 0.0724224 0
0.42 0.0724538 0
0.421429 0.072485 0
0.422857 0.0725161 0
0.424286 0.0725471 0
0.425714 0.0725781 0
0.427143 0.072609 0
0.428571 0.0726398 0
0.43 0.0726706 0
0.431429 0.0727016 0
0.432857 0.0727322 0
0.434286 0.072763 0
0.435714 0.0727936 0
0.437143 0.072824 0
0.438571 0.0728546 0
0.44 0.0728852 0
0.441429 0.0729157 0
0.442857 0.0729458 0
0.444286 0.072976 0
0.445714 0.0730062 0
0.447143 0.0730363 0
0.448571 0.0730663 0
0.45 0.0730963 0
0.451429 0.0731262 0
0.452857 0.0731564 0
0.454286 0.0731864 0
0.455714 0.0732161 0
0.457143 0.0732457 0
0.458571 0.0732753 0
0.46 0.0733048 0
0.461429 0.0733344 0
0.462857 0.0733637 0
0.464286 0.0733931 0
0.465714 0.0734225 0
0.467143 0.0734521 0
0.468571 0.0734813 0
0.47 0.0735105 0
0.471429 0.0735397 0
0.472857 0.0735689 0
0.474286 0.0735978 0
0.475714 0.0736269 0
0.477143 0.0736559 0
0.478571 0.0736849 0
0.48 0.0737137 0
0.481429 0.0737426 0
0.482857 0.0737713 0
0.484286 0.0738 0
0.485714 0.0738287 0
0.487143 0.0738573 0
0.488571 0.0738859 0
0.49 0.0739144 0
0.491429 0.0739427 0
0.492857 0.073971 0
0.494286 0.0739994 0
0.495714 0.0740277 0
0.497143 0.074056 0
0.498571 0.0740843 0
0.5 0.0741125 0
0.501429 0.0741407 0
0.502857 0.0741688 0
0.504286 0.074197 0
0.505714 0.0742249 0
0.507143 0.0742528 0
0.508571 0.0742808 0
0.51 0.0743087 0
0.511429 0.0743366 0
0.512857 0.0743644 0
0.514286 0.0743921 0
0.515714 0.0744197 0
0.517143 0.0744475 0
0.518571 0.0744752 0
0.52 0.0745027 0
0.521429 0.0745303 0
0.522857 0.0745575 0
0.524286 0.0745851 0
0.525714 0.0746125 0
0.527143 0.0746399 0
0.528571 0.0746671 0
0.53 0.0746941 0
0.531429 0.0747215 0
0.532857 0.0747488 0
0.534286 0.0747762 0
0.535714 0.0748033 0
0.537143 0.0748302 0
0.538571 0.0748572 0
0.54 0.0748843 0
0.541429 0.074911 0
0.542857 0.0749378 0
0.544286 0.0749646 0
0.545714 0.0749913 0
0.547143 0.0750181 0
0.548571 0.075045 0
0.55 0.0750717 0
0.551429 0.0750981 0
0.552857 0.0751244 0
0.554286 0.0751509 0
0.555714 0.0751776 0
0.557143 0.0752042 0
0.558571 0.0752307 0
0.56 0.0752569 0
0.561429 0.0752831 0
0.562857 0.0753095 0
0.564286 0.0753357 0
0.565714 0.0753619 0
0.567143 0.0753878 0
0.568571 0.0754138 0
0.57 0.07544 0
0.571429 0.075466 0
0.572857 0.0754919 0
0.574286 0.0755176 0
0.575714 0.0755436 0
0.577143 0.0755695 0
0.578571 0.0755954 0
0.58 0.0756213 0
0.581429 0.075647 0
0.582857 0.0756727 0
0.584286 0.0756985 0
0.585714 0.0757243 0
0.587143 0.0757497 0
0.588571 0.0757752 0
0.59 0.0758006 0
0.591429 0.075826 0
0.592857 0.0758516 0
0.594286 0.0758772 0
0.595714 0.0759025 0
0.597143 0.0759278 0
0.598571 0.075953 0
0.6 0.0759781 0
0.601429 0.0760033 0
0.602857 0.0760288 0
0.604286 0.076054 0
0.605714 0.076079 0
0.607143 0.076104 0
0.608571 0.076129 0
0.61 0.0761541 0
0.611429 0.0761791 0
0.612857 0.0762038 0
0.614286 0.0762287 0
0.615714 0.0762538 0
0.617143 0.0762788 0
0.618571 0.0763035 0
0.62 0.076328 0
0.621429 0.0763526 0
0.622857 0.0763776 0
0.624286 0.0764023 0
0.625714 0.0764269 0
0.627143 0.0764515 0
0.628571 0.0764759 0
0.63 0.0765003 0
0.631429 0.0765248 0
0.632857 0.0765494 0
0.634286 0.0765738 0
0.635714 0.0765982 0
0.637143 0.0766223 0
0.638571 0.0766464 0
0.64 0.0766708 0
0.641429 0.0766951 0
0.642857 0.0767195 0
0.644286 0.0767438 0
0.645714 0.0767678 0
0.647143 0.076792 0
0.648571 0.0768161 0
0.65 0.07684 0
0.651429 0.076864 0
0.652857 0.076888 0
0.654286 0.0769119 0
0.655714 0.0769358 0
0.657143 0.0769597 0
0.658571 0.0769833 0
0.66 0.077007 0
0.661429 0.077031 0
0.662857 0.077055 0
0.664286 0.0770787 0
0.665714 0.0771024 0
0.667143 0.0771259 0
0.668571 0.0771496 0
0.67 0.0771732 0
0.671429 0.0771969 0
0.672857 0.0772206 0
0.674286 0.077244 0
0.675714 0.0772674 0
0.677143 0.0772909 0
0.678571 0.0773144 0
0.68 0.0773375 0
0.681429 0.077361 0
0.682857 0.0773843 0
0.684286 0.0774077 0
0.685714 0.0774311 0
0.687143 0.0774545 0
0.688571 0.0774779 0
0.69 0.077501 0
0.691429 0.0775241 0
0.692857 0.0775473 0
0.694286 0.0775704 0
0.695714 0.0775937 0
0.697143 0.0776168 0
0.698571 0.0776397 0
0.7 0.0776626 0
0.701429 0.0776854 0
0.702857 0.0777083 0
0.704286 0.0777316 0
0.705714 0.0777545 0
0.707143 0.0777773 0
0.708571 0.0778003 0
0.71 0.0778231 0
0.711429 0.0778461 0
0.712857 0.0778688 0
0.714286 0.0778916 0
0.715714 0.0779143 0
0.717143 0.0779371 0
0.718571 0.0779597 0
0.72 0.0779823 0
0.721429 0.078005 0
0.722857 0.0780278 0
0.724286 0.0780502 0
0.725714 0.0780727 0
0.727143 0.0780951 0
0.728571 0.0781178 0
0.73 0.07814 0
0.731429 0.0781624 0
0.732857 0.078185 0
0.734286 0.0782075 0
0.735714 0.0782298 0
0.737143 0.0782517 0
0.738571 0.078274 0
0.74 0.0782963 0
0.741429 0.0783188 0
0.742857 0.0783414 0
0.744286 0.0783638 0
0.745714 0.0783859 0
0.747143 0.078408 0
0.748571 0.0784305 0
0.75 0.0784527 0
0.751429 0.0784745 0
0.752857 0.0784965 0
0.754286 0.0785186 0
0.755714 0.0785408 0
0.757143 0.0785628 0
0.758571 0.0785849 0
0.76 0.0786069 0
0.761429 0.0786288 0
0.762857 0.0786509 0
0.764286 0.0786728 0
0.765714 0.0786946 0
0.767143 0.0787165 0
0.768571 0.0787386 0
0.77 0.0787604 0
0.771429 0.0787823 0
0.772857 0.0788039 0
0.774286 0.0788257 0
0.775714 0.0788475 0
0.777143 0.0788693 0
0.778571 0.0788913 0
0.78 0.0789131 0
0.781429 0.078935 0
0.782857 0.0789565 0
0.784286 0.078978 0
0.785714 0.0789997 0
0.787143 0.0790217 0
0.788571 0.0790434 0
0.79 0.0790649 0
0.791429 0.0790864 0
0.792857 0.0791078 0
0.794286 0.0791293 0
0.795714 0.0791509 0
0.797143 0.0791725 0
0.798571 0.0791939 0
0.8 0.0792152 0
0.801429 0.0792367 0
0.802857 0.0792581 0
0.804286 0.0792797 0
0.805714 0.0793012 0
0.807143 0.0793223 0
0.808571 0.0793435 0
0.81 0.0793648 0
0.811429 0.0793861 0
0.812857 0.0794074 0
0.814286 0.0794285 0
0.815714 0.0794498 0
0.817143 0.0794712 0
0.818571 0.0794923 0
0.82 0.0795134 0
0.821429 0.0795347 0
0.822857 0.0795562 0
0.824286 0.0795773 0
0.825714 0.0795985 0
0.827143 0.0796194 0
0.828571 0.0796402 0
0.83 0.0796612 0
0.831429 0.0796823 0
0.832857 0.0797032 0
0.834286 0.0797241 0
0.835714 0.0797454 0
0.837143 0.0797663 0
0.838571 0.079787 0
0.84 0.0798082 0
0.841429 0.0798293 0
0.842857 0.0798505 0
0.844286 0.0798714 0
0.845714 0.0798922 0
0.847143 0.0799129 0
0.848571 0.0799335 0
0.85 0.0799544 0
0.851429 0.0799755 0
0.852857 0.0799963 0
0.854286 0.0800171 0
0.855714 0.0800378 0
0.857143 0.0800585 0
0.858571 0.0800795 0
0.86 0.0801002 0
0.861429 0.080121 0
0.862857 0.0801418 0
0.864286 0.0801622 0
0.865714 0.0801826 0
0.867143 0.0802033 0
0.868571 0.0802242 0
0.87 0.0802451 0
0.871429 0.0802656 0
0.872857 0.0802862 0
0.874286 0.0803066 0
0.875714 0.080327 0
0.877143 0.0803478 0
0.878571 0.0803686 0
0.88 0.0803891 0
0.881429 0.0804101 0
0.882857 0.0804306 0
0.884286 0.080451 0
0.885714 0.0804713 0
0.887143 0.0804918 0
0.888571 0.0805123 0
0.89 0.0805326 0
0.891429 0.0805529 0
0.892857 0.0805732 0
0.894286 0.0805938 0
0.895714 0.0806143 0
0.897143 0.0806346 0
0.898571 0.0806547 0
0.9 0.0806756 0
0.901429 0.080696 0
0.902857 0.0807164 0
0.904286 0.0807367 0
0.905714 0.0807568 0
0.907143 0.0807768 0
0.908571 0.0807968 0
0.91 0.080817 0
0.911429 0.0808374 0
0.912857 0.0808574 0
0.914286 0.0808769 0
0.915714 0.0808972 0
0.917143 0.0809179 0
0.918571 0.0809381 0
0.92 0.0809582 0
0.921429 0.080978 0
0.922857 0.0809978 0
0.924286 0.0810181 0
0.925714 0.0810381 0
0.927143 0.081058 0
0.928571 0.0810778 0
0.93 0.081098 0
0.931429 0.0811183 0
0.932857 0.081138 0
0.934286 0.0811578 0
0.935714 0.0811782 0
0.937143 0.0811983 0
0.938571 0.0812181 0
0.94 0.0812377 0
0.941429 0.0812573 0
0.942857 0.0812773 0
0.944286 0.0812972 0
0.945714 0.081317 0
0.947143 0.0813363 0
0.948571 0.081356 0
0.95 0.081376 0
0.951429 0.0813958 0
0.952857 0.081416 0
0.954286 0.0814357 0
0.955714 0.081455 0
0.957143 0.0814745 0
0.958571 0.0814944 0
0.96 0.0815143 0
0.962 0.0815419 0
0.964 0.0815689 0
0.966 0.081596 0
0.968 0.0816236 0
0.97 0.0816513 0
0.9725 0.0816855 0
0.975 0.0817193 0
0.9775 0.0817532 0
0.98 0.0817873 0
0.9825 0.081821 0
0.985 0.0818549 0
0.9875 0.0818893 0
0.99 0.0819232 0
0.9925 0.0819568 0
0.995 0.0819903 0
0.9975 0.0820239 0
1 0.0820577 0
1.0025 0.0820917 0
1.005 0.0821254 0
1.0075 0.0821591 0
1.01 0.0821927 0
1.0125 0.082226 0
1.015 0.0822593 0
1.0175 0.0822929 0
1.02 0.0823263 0
1.0225 0.0823595 0
1.025 0.0823928 0
1.0275 0.0824259 0
1.03 0.082459 0
1.0325 0.0824922 0
1.035 0.0825256 0
1.0375 0.0825586 0
1.04 0.0825915 0
1.0425 0.0826243 0
1.045 0.0826575 0
1.0475 0.0826903 0
1.05 0.0827234 0
1.0525 0.0827562 0
1.055 0.0827891 0
1.0575 0.0828216 0
1.06 0.0828544 0
1.0625 0.0828872 0
1.065 0.0829197 0
1.0675 0.0829524 0
1.07 0.0829849 0
1.0725 0.0830173 0
1.075 0.0830497 0
1.0775 0.0830819 0
1.08 0.0831147 0
1.0825 0.0831474 0
1.085 0.0831796 0
1.0875 0.0832115 0
1.09 0.0832438 0
1.0925 0.0832764 0
1.095 0.0833081 0
1.0975 0.0833404 0
1.1 0.0833723 0
1.1025 0.0834043 0
1.105 0.0834364 0
1.1075 0.0834687 0
1.11 0.0835003 0
1.1125 0.0835322 0
1.115 0.0835638 0
1.1175 0.0835958 0
1.12 0.0836275 0
1.1225 0.0836589 0
1.125 0.0836908 0
1.1275 0.0837223 0
1.13 0.0837531 0
1.1325 0.0837844 0
1.135 0.0838162 0
1.1375 0.0838479 0
1.14 0.0838793 0
1.1425 0.0839104 0
1.145 0.0839414 0
1.1475 0.0839727 0
1.15 0.0840041 0
1.1525 0.0840352 0
1.155 0.0840661 0
1.1575 0.0840974 0
1.16 0.0841286 0
1.1625 0.0841594 0
1.165 0.0841905 0
1.1675 0.0842212 0
1.17 0.084252 0
1.1725 0.0842827 0
1.175 0.0843137 0
1.1775 0.0843441 0
1.18 0.0843745 0
1.1825 0.0844052 0
1.185 0.0844361 0
1.1875 0.0844665 0
1.19 0.084497 0
1.1925 0.0845274 0
1.195 0.0845582 0
1.1975 0.0845885 0
1.2 0.0846186 0
1.2025 0.0846485 0
1.205 0.0846787 0
1.2075 0.0847086 0
1.21 0.0847391 0
1.2125 0.084769 0
1.215 0.0847992 0
1.2175 0.0848292 0
1.22 0.0848593 0
1.2225 0.0848889 0
1.225 0.0849185 0
1.2275 0.0849485 0
1.23 0.0849783 0
1.2325 0.0850078 0
1.235 0.0850374 0
1.2375 0.085067 0
1.24 0.0850966 0
1.2425 0.0851263 0
1.245 0.0851556 0
1.2475 0.0851851 0
1.25 0.0852146 0
1.2525 0.0852439 0
1.255 0.0852732 0
1.2575 0.0853023 0
1.26 0.0853317 0
1.2625 0.0853608 0
1.265 0.0853903 0
1.2675 0.0854193 0
1.27 0.0854482 0
1.2725 0.0854771 0
1.275 0.0855058 0
1.2775 0.0855349 0
1.28 0.0855641 0
1.2825 0.0855927 0
1.285 0.0856214 0
1.2875 0.0856502 0
1.29 0.0856791 0
1.2925 0.085708 0
1.295 0.0857367 0
1.2975 0.0857656 0
1.3 0.0857941 0
1.3025 0.0858227 0
1.305 0.0858509 0
1.3075 0.0858798 0
1.31 0.0859084 0
1.3125 0.0859368 0
1.315 0.0859649 0
1.3175 0.0859935 0
1.32 0.0860219 0
1.3225 0.0860503 0
1.325 0.0860787 0
1.3275 0.0861071 0
1.33 0.086135 0
1.3325 0.0861633 0
1.335 0.0861917 0
1.3375 0.0862198 0
1.34 0.0862476 0
1.3425 0.0862756 0
1.345 0.0863032 0
1.3475 0.0863313 0
1.35 0.0863596 0
1.3525 0.0863875 0
1.355 0.0864148 0
1.3575 0.0864426 0
1.36 0.0864707 0
1.3625 0.0864986 0
1.365 0.0865262 0
1.3675 0.0865533 0
1.37 0.086581 0
1.3725 0.0866087 0
1.375 0.0866364 0
1.3775 0.086664 0
1.38 0.0866915 0
1.3825 0.0867188 0
1.385 0.0867462 0
1.3875 0.0867738 0
1.39 0.0868012 0
1.3925 0.0868287 0
1.395 0.0868558 0
1.3975 0.0868827 0
1.4 0.08691 0
1.4025 0.086937 0
1.405 0.086964 0
1.4075 0.0869912 0
1.41 0.0870181 0
1.4125 0.087045 0
1.415 0.0870721 0
1.4175 0.0870991 0
1.42 0.0871262 0
1.4225 0.0871528 0
1.425 0.0871798 0
1.4275 0.0872069 0
1.43 0.0872336 0
1.4325 0.0872602 0
1.435 0.087287 0
1.4375 0.0873137 0
1.44 0.08734 0
1.4425 0.0873664 0
1.445 0.087393 0
1.4475 0.0874195 0
1.45 0.0874458 0
1.4525 0.0874719 0
1.455 0.0874987 0
1.4575 0.0875252 0
1.46 0.0875515 0
1.4625 0.0875774 0
1.465 0.0876038 0
1.4675 0.0876302 0
1.47 0.0876558 0
1.4725 0.0876816 0
1.475 0.0877074 0
1.4775 0.0877331 0
1.48 0.0877588 0
1.4825 0.0877847 0
1.485 0.0878108 0
1.4875 0.0878367 0
1.49 0.0878625 0
1.4925 0.0878882 0
1.495 0.0879138 0
1.4975 0.0879397 0
1.5 0.0879653 0
1.5025 0.0879907 0
1.505 0.0880157 0
1.5075 0.0880411 0
1.51 0.0880667 0
1.5125 0.088092 0
1.515 0.0881173 0
1.5175 0.0881425 0
1.52 0.0881677 0
1.5225 0.0881927 0
1.525 0.0882178 0
1.5275 0.0882433 0
1.53 0.0882685 0
1.5325 0.0882936 0
1.535 0.0883185 0
1.5375 0.0883432 0
1.54 0.0883682 0
1.5425 0.0883931 0
1.545 0.0884178 0
1.5475 0.0884425 0
1.55 0.0884672 0
1.5525 0.0884921 0
1.555 0.0885171 0
1.5575 0.0885417 0
1.56 0.0885661 0
1.5625 0.0885903 0
1.565 0.0886149 0
1.5675 0.0886392 0
1.57 0.0886636 0
1.5725 0.0886882 0
1.575 0.0887125 0
1.5775 0.0887365 0
1.58 0.0887607 0
1.5825 0.0887847 0
1.585 0.0888088 0
1.5875 0.0888329 0
1.59 0.0888568 0
1.5925 0.0888803 0
1.595 0.0889042 0
1.5975 0.0889284 0
1.6 0.0889524 0
1.6025 0.0889763 0
1.605 0.0889997 0
1.6075 0.0890229 0
1.61 0.0890465 0
1.6125 0.0890701 0
1.615 0.0890938 0
1.6175 0.0891169 0
1.62 0.0891402 0
1.6225 0.0891638 0
1.625 0.0891873 0
1.6275 0.0892104 0
1.63 0.0892338 0
1.6325 0.0892568 0
1.635 0.0892801 0
1.6375 0.0893034 0
1.64 0.0893267 0
1.6425 0.0893494 0
1.645 0.0893721 0
1.6475 0.0893951 0
1.65 0.0894183 0
1.6525 0.0894414 0
1.655 0.0894638 0
1.6575 0.0894865 0
1.66 0.089509 0
1.6625 0.0895312 0
1.665 0.0895538 0
1.6675 0.0895766 0
1.67 0.089599 0
1.6725 0.0896213 0
1.675 0.0896435 0
1.6775 0.0896662 0
1.68 0.0896883 0
1.6825 0.0897098 0
1.685 0.0897322 0
1.6875 0.0897543 0
1.69 0.0897764 0
1.6925 0.0897985 0
1.695 0.0898201 0
1.6975 0.0898421 0
1.7 0.0898641 0
1.7025 0.0898859 0
1.705 0.089908 0
1.7075 0.08993 0
1.71 0.0899523 0
1.7125 0.0899746 0
1.715 0.0899962 0
1.7175 0.0900179 0
1.72 0.0900398 0
1.7225 0.0900616 0
1.725 0.090083 0
1.7275 0.0901044 0
1.73 0.0901258 0
1.7325 0.0901468 0
1.735 0.0901679 0
1.7375 0.0901893 0
1.74 0.0902112 0
1.7425 0.0902327 0
1.745 0.0902539 0
1.7475 0.0902751 0
1.75 0.0902961 0
1.7525 0.0903175 0
1.755 0.0903388 0
1.7575 0.0903601 0
1.76 0.0903812 0
1.7625 0.0904025 0
1.765 0.0904237 0
1.7675 0.0904448 0
1.77 0.0904659 0
1.7725 0.0904869 0
1.775 0.0905082 0
1.7775 0.090529 0
1.78 0.0905498 0
1.7825 0.0905706 0
1.785 0.0905914 0
1.7875 0.0906123 0
1.79 0.0906333 0
1.7925 0.0906543 0
1.795 0.090675 0
1.7975 0.0906956 0
1.8 0.0907165 0
1.8025 0.0907373 0
1.805 0.0907581 0
1.8075 0.090779 0
1.81 0.0907994 0
1.8125 0.0908201 0
1.815 0.090841 0
1.8175 0.0908616 0
1.82 0.0908819 0
1.8225 0.0909025 0
1.825 0.0909227 0
1.8275 0.090943 0
1.83 0.0909634 0
1.8325 0.0909839 0
1.835 0.0910045 0
1.8375 0.0910248 0
1.84 0.0910453 0
1.8425 0.0910659 0
1.845 0.0910865 0
1.8475 0.0911067 0
1.85 0.0911265 0
1.8525 0.0911469 0
1.855 0.0911671 0
1.8575 0.0911876 0
1.86 0.0912073 0
1.8625 0.0912273 0
1.865 0.0912475 0
1.8675 0.0912677 0
1.87 0.0912877 0
1.8725 0.0913078 0
1.875 0.0913273 0
1.8775 0.091347 0
1.88 0.0913669 0
1.8825 0.0913874 0
1.885 0.0914073 0
1.8875 0.0914271 0
1.89 0.0914469 0
1.8925 0.0914664 0
1.895 0.0914856 0
1.8975 0.0915057 0
1.9 0.0915259 0
1.9025 0.0915457 0
1.905 0.0915652 0
1.9075 0.0915846 0
1.91 0.0916041 0
1.9125 0.0916236 0
1.915 0.0916434 0
1.9175 0.0916629 0
1.92 0.0916823 0
1.9225 0.091702 0
1.925 0.0917214 0
1.9275 0.091741 0
1.93 0.0917599 0
1.9325 0.0917796 0
1.935 0.0917989 0
1.9375 0.0918181 0
1.94 0.0918372 0
1.9425 0.0918561 0
1.945 0.0918751 0
1.9475 0.0918939 0
1.95 0.0919128 0
1.9525 0.0919316 0
1.955 0.0919506 0
1.9575 0.0919698 0
1.96 0.0919885 0
1.9625 0.0920071 0
1.965 0.0920262 0
1.9675 0.0920452 0
1.97 0.0920642 0
1.9725 0.0920827 0
1.975 0.0921014 0
1.9775 0.0921206 0
1.98 0.0921395 0
1.9825 0.092158 0
1.985 0.0921766 0
1.9875 0.0921952 0
1.99 0.0922137 0
1.9925 0.0922327 0
1.995 0.0922512 0
1.9975 0.0922696 0
2 0.092288 0
2.0025 0.0923064 0
2.005 0.0923245 0
2.0075 0.0923428 0
2.01 0.0923613 0
2.0125 0.09238 0
2.015 0.0923983 0
2.0175 0.0924166 0
2.02 0.0924346 0
2.0225 0.0924529 0
2.025 0.0924715 0
2.0275 0.0924895 0
2.03 0.0925078 0
2.0325 0.0925264 0
2.035 0.0925445 0
2.0375 0.0925626 0
2.04 0.0925807 0
2.0425 0.0925989 0
2.045 0.0926169 0
2.0475 0.0926349 0
2.05 0.0926531 0
2.0525 0.0926713 0
2.055 0.0926899 0
2.0575 0.0927075 0
2.06 0.0927254 0
2.0625 0.0927436 0
2.065 0.0927617 0
2.0675 0.0927799 0
2.07 0.0927979 0
2.0725 0.0928158 0
2.075 0.0928338 0
2.0775 0.0928515 0
2.08 0.0928691 0
2.0825 0.0928866 0
2.085 0.0929045 0
2.0875 0.0929222 0
2.09 0.0929398 0
2.0925 0.0929575 0
2.095 0.0929751 0
2.0975 0.092993 0
2.1 0.0930108 0
2.1025 0.0930282 0
2.105 0.0930459 0
2.1075 0.0930634 0
2.11 0.0930806 0
2.1125 0.093098 0
2.115 0.0931156 0
2.1175 0.0931333 0
2.12 0.0931504 0
2.1225 0.0931678 0
2.125 0.0931857 0
2.1275 0.0932031 0
2.13 0.0932204 0
2.1325 0.0932376 0
2.135 0.0932547 0
2.1375 0.0932724 0
2.14 0.0932901 0
2.1425 0.0933075 0
2.145 0.0933247 0
2.1475 0.0933423 0
2.15 0.0933595 0
2.1525 0.093377 0
2.155 0.0933944 0
2.1575 0.0934118 0
2.16 0.0934289 0
2.1625 0.0934459 0
2.165 0.0934631 0
2.1675 0.0934807 0
2.17 0.0934981 0
2.1725 0.0935155 0
2.175 0.0935326 0
2.1775 0.0935499 0
2.18 0.0935674 0
2.1825 0.0935845 0
2.185 0.0936017 0
2.1875 0.0936187 0
2.19 0.0936357 0
2.1925 0.0936529 0
2.195 0.0936704 0
2.1975 0.0936877 0
2.2 0.0937046 0
2.2025 0.0937213 0
2.205 0.0937385 0
2.2075 0.0937559 0
2.21 0.0937729 0
2.2125 0.09379 0
2.215 0.0938069 0
2.2175 0.0938242 0
2.22 0.0938414 0
2.2225 0.0938585 0
2.225 0.0938753 0
2.2275 0.0938921 0
2.23 0.0939091 0
2.2325 0.0939262 0
2.235 0.0939431 0
2.2375 0.09396 0
2.24 0.093977 0
2.2425 0.0939941 0
2.245 0.0940101 0
2.2475 0.0940271 0
2.25 0.0940441 0
2.2525 0.0940611 0
2.255 0.094078 0
2.2575 0.0940949 0
2.26 0.0941115 0
2.2625 0.0941281 0
2.265 0.0941447 0
2.2675 0.0941613 0
2.27 0.0941777 0
2.2725 0.094195 0
2.275 0.0942117 0
2.2775 0.0942284 0
2.28 0.0942452 0
2.2825 0.0942615 0
2.285 0.0942782 0
2.2875 0.0942948 0
2.29 0.0943113 0
2.2925 0.0943275 0
2.295 0.0943443 0
2.2975 0.0943611 0
2.3 0.0943775 0
2.3025 0.0943937 0
2.305 0.0944102 0
2.3075 0.0944267 0
2.31 0.094443 0
2.3125 0.0944588 0
2.315 0.0944754 0
2.3175 0.0944917 0
2.32 0.0945079 0
2.3225 0.0945243 0
2.325 0.0945409 0
2.3275 0.0945576 0
2.33 0.0945738 0
2.3325 0.0945897 0
2.335 0.0946064 0
2.3375 0.0946226 0
2.34 0.094639 0
2.3425 0.0946551 0
2.345 0.0946717 0
2.3475 0.094688 0
2.35 0.0947039 0
2.3525 0.0947198 0
2.355 0.094736 0
2.3575 0.0947525 0
2.36 0.0947688 0
2.3625 0.0947847 0
2.365 0.0948007 0
2.3675 0.0948169 0
2.37 0.094833 0
2.3725 0.0948494 0
2.375 0.0948658 0
2.3775 0.0948819 0
2.38 0.0948983 0
2.3825 0.0949144 0
2.385 0.0949306 0
2.3875 0.0949466 0
2.39 0.0949625 0
2.3925 0.0949788 0
2.395 0.0949949 0
2.3975 0.0950111 0
2.4 0.0950269 0
2.4025 0.0950432 0
2.405 0.0950595 0
2.4075 0.0950757 0
2.41 0.095092 0
2.4125 0.0951079 0
2.415 0.0951241 0
2.4175 0.09514 0
2.42 0.0951557 0
2.4225 0.0951722 0
2.425 0.0951887 0
2.4275 0.0952048 0
2.43 0.0952204 0
2.4325 0.0952362 0
2.435 0.0952524 0
2.4375 0.0952691 0
2.44 0.0952851 0
2.4425 0.0953007 0
2.445 0.0953168 0
2.4475 0.0953326 0
2.45 0.0953488 0
2.4525 0.0953648 0
2.455 0.0953807 0
2.4575 0.0953967 0
2.46 0.095413 0
2.4625 0.0954283 0
2.465 0.095444 0
2.4675 0.0954598 0
2.47 0.0954757 0
2.4725 0.0954915 0
2.475 0.0955075 0
2.4775 0.0955233 0
2.48 0.0955391 0
2.4825 0.0955549 0
2.485 0.0955713 0
2.4875 0.0955872 0
2.49 0.0956033 0
2.4925 0.0956192 0
2.495 0.0956352 0
2.4975 0.0956507 0
2.5 0.0956659 0
2.5025 0.0956818 0
2.505 0.0956977 0
2.5075 0.0957136 0
2.51 0.0957294 0
2.5125 0.0957456 0
2.515 0.0957614 0
2.5175 0.0957771 0
2.52 0.0957924 0
2.5225 0.0958081 0
2.525 0.0958241 0
2.5275 0.0958398 0
2.53 0.0958557 0
2.5325 0.0958716 0
2.535 0.0958878 0
2.5375 0.0959036 0
2.54 0.0959194 0
2.5425 0.0959351 0
2.545 0.0959509 0
2.5475 0.0959666 0
2.55 0.0959824 0
2.5525 0.0959981 0
2.555 0.0960138 0
2.5575 0.0960294 0
2.56 0.0960456 0
2.5625 0.0960614 0
2.565 0.0960768 0
2.5675 0.0960927 0
2.57 0.0961083 0
2.5725 0.0961237 0
2.575 0.0961392 0
2.5775 0.0961549 0
2.58 0.0961707 0
2.5825 0.0961863 0
2.585 0.0962021 0
2.5875 0.0962176 0
2.59 0.0962327 0
2.5925 0.0962483 0
2.595 0.0962637 0
2.5975 0.0962799 0
2.6 0.0962956 0
2.6025 0.0963111 0
2.605 0.0963268 0
2.6075 0.0963425 0
2.61 0.0963584 0
2.6125 0.096374 0
2.615 0.0963897 0
2.6175 0.096405 0
2.62 0.0964206 0
2.6225 0.0964362 0
2.625 0.0964515 0
2.6275 0.096467 0
2.63 0.0964831 0
2.6325 0.0964987 0
2.635 0.096514 0
2.6375 0.0965296 0
2.64 0.0965451 0
2.6425 0.0965606 0
2.645 0.0965762 0
2.6475 0.0965918 0
2.65 0.0966076 0
2.6525 0.0966234 0
2.655 0.0966388 0
2.6575 0.0966534 0
2.66 0.0966688 0
2.6625 0.0966848 0
2.665 0.096701 0
2.6675 0.0967167 0
2.67 0.0967323 0
2.6725 0.0967482 0
2.675 0.096764 0
2.6775 0.0967798 0
2.68 0.0967953 0
2.6825 0.0968108 0
2.685 0.0968262 0
2.6875 0.0968418 0
2.69 0.0968575 0
2.6925 0.0968728 0
2.695 0.0968881 0
2.6975 0.0969035 0
2.7 0.0969192 0
2.7025 0.0969348 0
2.705 0.0969502 0
2.7075 0.0969654 0
2.71 0.0969808 0
2.7125 0.0969964 0
2.715 0.0970118 0
2.7175 0.0970271 0
2.72 0.0970422 0
2.7225 0.0970579 0
2.725 0.0970747 0
2.7275 0.0970911 0
2.73 0.0971066 0
2.7325 0.0971222 0
2.735 0.0971376 0
2.7375 0.097153 0
2.74 0.0971684 0
2.7425 0.097184 0
2.745 0.0971993 0
2.7475 0.0972151 0
2.75 0.0972305 0
2.7525 0.0972456 0
2.755 0.0972608 0
2.7575 0.0972772 0
2.76 0.0972932 0
2.7625 0.0973089 0
2.765 0.0973239 0
2.7675 0.0973392 0
2.77 0.0973548 0
2.7725 0.0973705 0
2.775 0.0973861 0
2.7775 0.0974016 0
2.78 0.0974167 0
2.7825 0.0974319 0
2.785 0.0974477 0
2.7875 0.0974642 0
2.79 0.09748 0
2.7925 0.0974951 0
2.795 0.0975106 0
2.7975 0.0975259 0
2.8 0.0975415 0
2.8025 0.0975572 0
2.805 0.0975727 0
2.8075 0.0975881 0
2.81 0.0976039 0
2.8125 0.0976197 0
2.815 0.0976349 0
2.8175 0.09765 0
2.82 0.0976667 0
2.8225 0.0976823 0
2.825 0.0976974 0
2.8275 0.0977128 0
2.83 0.0977283 0
2.8325 0.0977437 0
2.835 0.0977593 0
2.8375 0.0977746 0
2.84 0.09779 0
2.8425 0.0978058 0
2.845 0.0978214 0
2.8475 0.097837 0
2.85 0.0978523 0
2.8525 0.0978681 0
2.855 0.0978835 0
2.8575 0.0978991 0
2.86 0.0979146 0
2.8625 0.09793 0
2.865 0.0979454 0
2.8675 0.0979606 0
2.87 0.0979763 0
2.8725 0.0979917 0
2.875 0.0980074 0
2.8775 0.0980232 0
2.88 0.0980389 0
2.8825 0.0980552 0
2.885 0.0980704 0
2.8875 0.098086 0
2.89 0.0981018 0
2.8925 0.098117 0
2.895 0.0981324 0
2.8975 0.0981482 0
2.9 0.0981639 0
2.9025 0.09818 0
2.905 0.0981958 0
2.9075 0.0982117 0
2.91 0.0982273 0
2.9125 0.0982427 0
2.915 0.0982585 0
2.9175 0.0982745 0
2.92 0.0982896 0
2.9225 0.0983048 0
2.925 0.0983202 0
2.9275 0.0983358 0
2.93 0.098351 0
2.9325 0.0983665 0
2.935 0.0983826 0
2.9375 0.0983981 0
2.94 0.0984133 0
2.9425 0.0984289 0
2.945 0.0984442 0
2.9475 0.0984599 0
2.95 0.0984749 0
2.9525 0.0984905 0
2.955 0.0985062 0
2.9575 0.0985217 0
2.96 0.098537 0
2.9625 0.0985529 0
2.965 0.0985685 0
2.9675 0.098584 0
2.97 0.0985998 0
2.9725 0.0986162 0
2.975 0.0986319 0
2.9775 0.0986475 0
2.98 0.0986631 0
2.9825 0.098679 0
2.985 0.0986942 0
2.9875 0.0987099 0
2.99 0.0987255 0
2.9925 0.0987415 0
2.995 0.0987574 0
2.9975 0.0987729 0
3 0.0987886 0
3.0025 0.0988052 0
3.005 0.0988206 0
3.0075 0.0988362 0
3.01 0.098852 0
3.0125 0.0988677 0
3.015 0.0988834 0
3.0175 0.0988985 0
3.02 0.0989139 0
3.0225 0.0989294 0
3.025 0.0989451 0
3.0275 0.0989609 0
3.03 0.0989765 0
3.0325 0.0989923 0
3.035 0.0990082 0
3.0375 0.0990245 0
3.04 0.0990399 0
3.0425 0.0990553 0
3.045 0.099071 0
3.0475 0.0990868 0
3.05 0.099102 0
3.0525 0.0991177 0
3.055 0.0991333 0
3.0575 0.0991492 0
3.06 0.0991649 0
3.0625 0.0991806 0
3.065 0.0991961 0
3.0675 0.0992125 0
3.07 0.0992284 0
3.0725 0.099244 0
3.075 0.0992596 0
3.0775 0.0992753 0
3.08 0.0992904 0
3.0825 0.0993059 0
3.085 0.0993218 0
3.0875 0.0993376 0
3.09 0.0993535 0
3.0925 0.0993689 0
3.095 0.0993846 0
3.0975 0.0994002 0
3.1 0.0994168 0
3.1025 0.0994327 0
3.105 0.0994482 0
3.1075 0.0994636 0
3.11 0.0994792 0
3.1125 0.0994949 0
3.115 0.0995104 0
3.1175 0.0995261 0
3.12 0.0995415 0
3.1225 0.0995573 0
3.125 0.0995732 0
3.1275 0.0995885 0
3.13 0.0996042 0
3.1325 0.0996203 0
3.135 0.0996359 0
3.1375 0.0996512 0
3.14 0.0996668 0
3.1425 0.0996827 0
3.145 0.0996985 0
3.1475 0.099714 0
3.15 0.0997292 0
3.1525 0.0997448 0
3.155 0.0997608 0
3.1575 0.0997764 0
3.16 0.0997916 0
3.1625 0.0998074 0
3.165 0.0998233 0
3.1675 0.0998389 0
3.17 0.0998543 0
3.1725 0.0998701 0
3.175 0.0998859 0
3.1775 0.0999016 0
3.18 0.0999172 0
3.1825 0.0999328 0
3.185 0.0999481 0
3.1875 0.0999632 0
3.19 0.0999789 0
3.1925 0.0999946 0
3.195 0.10001 0
3.1975 0.100025 0
3.2 0.100041 0
3.2025 0.100057 0
3.205 0.100072 0
3.2075 0.100087 0
3.21 0.100103 0
3.2125 0.100119 0
3.215 0.100135 0
3.2175 0.100151 0
3.22 0.100166 0
3.2225 0.100181 0
3.225 0.100197 0
3.2275 0.100213 0
3.23 0.100228 0
3.2325 0.100244 0
3.235 0.100259 0
3.2375 0.100275 0
3.24 0.10029 0
3.2425 0.100306 0
3.245 0.100321 0
3.2475 0.100337 0
3.25 0.100353 0
3.2525 0.100369 0
3.255 0.100384 0
3.2575 0.1004 0
3.26 0.100415 0
3.2625 0.10043 0
3.265 0.100446 0
3.2675 0.100462 0
3.27 0.100477 0
3.2725 0.100493 0
3.275 0.100509 0
3.2775 0.100525 0
3.28 0.10054 0
3.2825 0.100556 0
3.285 0.100572 0
3.2875 0.100587 0
3.29 0.100602 0
3.2925 0.100618 0
3.295 0.100634 0
3.2975 0.10065 0
3.3 0.100665 0
3.3025 0.100681 0
3.305 0.100696 0
3.3075 0.100712 0
3.31 0.100728 0
3.3125 0.100743 0
3.315 0.100759 0
3.3175 0.100775 0
3.32 0.100791 0
3.3225 0.100806 0
3.325 0.100822 0
3.3275 0.100837 0
3.33 0.100853 0
3.3325 0.100869 0
3.335 0.100884 0
3.3375 0.100899 0
3.34 0.100915 0
3.3425 0.100931 0
3.345 0.100946 0
3.3475 0.100962 0
3.35 0.100978 0
3.3525 0.100993 0
3.355 0.101009 0
3.3575 0.101024 0
3.36 0.10104 0
3.3625 0.101056 0
3.365 0.101071 0
3.3675 0.101087 0
3.37 0.101103 0
3.3725 0.101118 0
3.375 0.101133 0
3.3775 0.101149 0
3.38 0.101164 0
3.3825 0.10118 0
3.385 0.101195 0
3.3875 0.101211 0
3.39 0.101226 0
3.3925 0.101242 0
3.395 0.101258 0
3.3975 0.101273 0
3.4 0.101288 0
3.4025 0.101304 0
3.405 0.10132 0
3.4075 0.101336 0
3.41 0.101351 0
3.4125 0.101366 0
3.415 0.101382 0
3.4175 0.101397 0
3.42 0.101413 0
3.4225 0.101428 0
3.425 0.101443 0
3.4275 0.101459 0
3.43 0.101475 0
3.4325 0.10149 0
3.435 0.101505 0
3.4375 0.101521 0
3.44 0.101537 0
3.4425 0.101552 0
3.445 0.101567 0
3.4475 0.101582 0
3.45 0.101598 0
3.4525 0.101613 0
3.455 0.101628 0
3.4575 0.101644 0
3.46 0.10166 0
3.4625 0.101675 0
3.465 0.10169 0
3.4675 0.101705 0
3.47 0.101721 0
3.4725 0.101736 0
3.475 0.101751 0
3.4775 0.101766 0
3.48 0.101782 0
3.4825 0.101797 0
3.485 0.101812 0
3.4875 0.101827 0
3.49 0.101843 0
3.4925 0.101858 0
3.495 0.101873 0
3.4975 0.101888 0
3.5 0.101904 0
3.5025 0.101919 0
3.505 0.101934 0
3.5075 0.101949 0
3.51 0.101965 0
3.5125 0.10198 0
3.515 0.101995 0
3.5175 0.10201 0
3.52 0.102026 0
3.5225 0.102041 0
3.525 0.102056 0
3.5275 0.102071 0
3.53 0.102086 0
3.5325 0.102101 0
3.535 0.102117 0
3.5375 0.102131 0
3.54 0.102146 0
3.5425 0.102161 0
3.545 0.102176 0
3.5475 0.102191 0
3.55 0.102206 0
3.5525 0.102221 0
3.555 0.102236 0
3.5575 0.102252 0
3.56 0.102267 0
3.5625 0.102282 0
3.565 0.102297 0
3.5675 0.102312 0
3.57 0.102328 0
3.5725 0.102342 0
3.575 0.102357 0
3.5775 0.102373 0
3.58 0.102388 0
3.5825 0.102403 0
3.585 0.102417 0
3.5875 0.102432 0
3.59 0.102447 0
3.5925 0.102462 0
3.595 0.102476 0
3.5975 0.102491 0
3.6 0.102506 0
3.6025 0.102521 0
3.605 0.102536 0
3.6075 0.102551 0
3.61 0.102566 0
3.6125 0.102581 0
3.615 0.102597 0
3.6175 0.102612 0
3.62 0.102626 0
3.6225 0.102642 0
3.625 0.102656 0
3.6275 0.102671 0
3.63 0.102685 0
3.6325 0.1027 0
3.635 0.102714 0
3.6375 0.102729 0
3.64 0.102744 0
3.6425 0.102759 0
3.645 0.102774 0
3.6475 0.102788 0
3.65 0.102804 0
3.6525 0.102819 0
3.655 0.102833 0
3.6575 0.102848 0
3.66 0.102863 0
3.6625 0.102877 0
3.665 0.102892 0
3.6675 0.102907 0
3.67 0.102922 0
3.6725 0.102936 0
3.675 0.102951 0
3.6775 0.102965 0
3.68 0.10298 0
3.6825 0.102995 0
3.685 0.10301 0
3.6875 0.103025 0
3.69 0.103039 0
3.6925 0.103054 0
3.695 0.103068 0
3.6975 0.103084 0
3.7 0.103098 0
3.7025 0.103113 0
3.705 0.103128 0
3.7075 0.103142 0
3.71 0.103157 0
3.7125 0.103172 0
3.715 0.103186 0
3.7175 0.1032 0
3.72 0.103215 0
3.7225 0.10323 0
3.725 0.103244 0
3.7275 0.103259 0
3.73 0.103274 0
3.7325 0.103288 0
3.735 0.103303 0
3.7375 0.103317 0
3.74 0.103332 0
3.7425 0.103348 0
3.745 0.103362 0
3.7475 0.103376 0
3.75 0.103391 0
3.7525 0.103406 0
3.755 0.10342 0
3.7575 0.103435 0
3.76 0.103449 0
3.7625 0.103464 0
3.765 0.103479 0
3.7675 0.103493 0
3.77 0.103508 0
3.7725 0.103522 0
3.775 0.103537 0
3.7775 0.103551 0
3.78 0.103566 0
3.7825 0.10358 0
3.785 0.103595 0
3.7875 0.103609 0
3.79 0.103624 0
3.7925 0.103638 0
3.795 0.103653 0
3.7975 0.103667 0
3.8 0.103682 0
3.8025 0.103697 0
3.805 0.103711 0
3.8075 0.103725 0
3.81 0.10374 0
3.8125 0.103754 0
3.815 0.103769 0
3.8175 0.103784 0
3.82 0.103798 0
3.8225 0.103812 0
3.825 0.103828 0
3.8275 0.103842 0
3.83 0.103857 0
3.8325 0.103872 0
3.835 0.103887 0
3.8375 0.103901 0
3.84 0.103915 0
3.8425 0.10393 0
3.845 0.103944 0
3.8475 0.103959 0
3.85 0.103973 0
3.8525 0.103988 0
3.855 0.104002 0
3.8575 0.104016 0
3.86 0.104031 0
3.8625 0.104046 0
3.865 0.10406 0
3.8675 0.104075 0
3.87 0.104089 0
3.8725 0.104103 0
3.875 0.104118 0
3.8775 0.104133 0
3.88 0.104147 0
3.8825 0.104162 0
3.885 0.104176 0
3.8875 0.10419 0
3.89 0.104205 0
3.8925 0.10422 0
3.895 0.104234 0
3.8975 0.104249 0
3.9 0.104263 0
3.9025 0.104278 0
3.905 0.104292 0
3.9075 0.104307 0
3.91 0.104322 0
3.9125 0.104336 0
3.915 0.104351 0
3.9175 0.104365 0
3.92 0.10438 0
3.9225 0.104395 0
3.925 0.104409 0
3.9275 0.104423 0
3.93 0.104437 0
3.9325 0.104452 0
3.935 0.104466 0
3.9375 0.10448 0
3.94 0.104495 0
3.9425 0.104509 0
3.945 0.104524 0
3.9475 0.104538 0
3.95 0.104553 0
3.9525 0.104568 0
3.955 0.104583 0
3.9575 0.104596 0
3.96 0.10461 0
3.9625 0.104625 0
3.965 0.104639 0
3.9675 0.104653 0
3.97 0.104668 0
3.9725 0.104682 0
3.975 0.104697 0
3.9775 0.104711 0
3.98 0.104725 0
3.9825 0.10474 0
3.985 0.104754 0
3.9875 0.104769 0
3.99 0.104784 0
3.9925 0.104798 0
3.995 0.104812 0
3.9975 0.104826 0
4 0.10484 0
4.0025 0.104854 0
4.005 0.104869 0
4.0075 0.104883 0
4.01 0.104897 0
4.0125 0.104911 0
4.015 0.104926 0
4.0175 0.10494 0
4.02 0.104954 0
4.0225 0.104969 0
4.025 0.104983 0
4.0275 0.104998 0
4.03 0.105012 0
4.0325 0.105026 0
4.035 0.10504 0
4.0375 0.105055 0
4.04 0.105069 0
4.0425 0.105082 0
4.045 0.105097 0
4.0475 0.105111 0
4.05 0.105125 0
4.0525 0.105139 0
4.055 0.105153 0
4.0575 0.105169 0
4.06 0.105182 0
4.0625 0.105196 0
4.065 0.10521 0
4.0675 0.105224 0
4.07 0.105238 0
4.0725 0.105252 0
4.075 0.105266 0
4.0775 0.10528 0
4.08 0.105294 0
4.0825 0.105308 0
4.085 0.105322 0
4.0875 0.105336 0
4.09 0.10535 0
4.0925 0.105365 0
4.095 0.105379 0
4.0975 0.105392 0
4.1 0.105406 0
4.1025 0.10542 0
4.105 0.105434 0
4.1075 0.105448 0
4.11 0.105462 0
4.1125 0.105476 0
4.115 0.10549 0
4.1175 0.105503 0
4.12 0.105517 0
4.1225 0.105532 0
4.125 0.105545 0
4.1275 0.10556 0
4.13 0.105573 0
4.1325 0.105587 0
4.135 0.105602 0
4.1375 0.105616 0
4.14 0.105629 0
4.1425 0.105643 0
4.145 0.105657 0
4.1475 0.105671 0
4.15 0.105685 0
4.1525 0.105698 0
4.155 0.105713 0
4.1575 0.105727 0
4.16 0.105741 0
4.1625 0.105754 0
4.165 0.105768 0
4.1675 0.105782 0
4.17 0.105796 0
4.1725 0.10581 0
4.175 0.105824 0
4.1775 0.105838 0
4.18 0.105852 0
4.1825 0.105865 0
4.185 0.105879 0
4.1875 0.105893 0
4.19 0.105907 0
4.1925 0.10592 0
4.195 0.105934 0
4.1975 0.105948 0
4.2 0.105962 0
4.2025 0.105975 0
4.205 0.105989 0
4.2075 0.106003 0
4.21 0.106017 0
4.2125 0.106031 0
4.215 0.106045 0
4.2175 0.106059 0
4.22 0.106072 0
4.2225 0.106086 0
4.225 0.1061 0
4.2275 0.106114 0
4.23 0.106127 0
4.2325 0.106141 0
4.235 0.106155 0
4.2375 0.106169 0
4.24 0.106183 0
4.2425 0.106196 0
4.245 0.10621 0
4.2475 0.106224 0
4.25 0.106238 0
4.2525 0.106252 0
4.255 0.106265 0
4.2575 0.106279 0
4.26 0.106293 0
4.2625 0.106307 0
4.265 0.10632 0
4.2675 0.106334 0
4.27 0.106348 0
4.2725 0.106362 0
4.275 0.106376 0
4.2775 0.10639 0
4.28 0.106404 0
4.2825 0.106418 0
4.285 0.106432 0
4.2875 0.106446 0
4.29 0.106459 0
4.2925 0.106473 0
4.295 0.106487 0
4.2975 0.1065 0
4.3 0.106514 0
4.3025 0.106528 0
4.305 0.106542 0
4.3075 0.106556 0
4.31 0.10657 0
4.3125 0.106584 0
4.315 0.106597 0
4.3175 0.106611 0
4.32 0.106625 0
4.3225 0.106638 0
4.325 0.106653 0
4.3275 0.106667 0
4.33 0.10668 0
4.3325 0.106694 0
4.335 0.106707 0
4.3375 0.106721 0
4.34 0.106735 0
4.3425 0.106749 0
4.345 0.106763 0
4.3475 0.106776 0
4.35 0.10679 0
4.3525 0.106804 0
4.355 0.106819 0
4.3575 0.106832 0
4.36 0.106846 0
4.3625 0.106859 0
4.365 0.106873 0
4.3675 0.106887 0
4.37 0.106901 0
4.3725 0.106915 0
4.375 0.106929 0
4.3775 0.106943 0
4.38 0.106956 0
4.3825 0.106969 0
4.385 0.106983 0
4.3875 0.106997 0
4.39 0.107011 0
4.3925 0.107025 0
4.395 0.107038 0
4.3975 0.107052 0
4.4 0.107065 0
4.4025 0.107079 0
4.405 0.107093 0
4.4075 0.107107 0
4.41 0.107121 0
4.4125 0.107135 0
4.415 0.107149 0
4.4175 0.107162 0
4.42 0.107176 0
4.4225 0.10719 0
4.425 0.107204 0
4.4275 0.107217 0
4.43 0.107231 0
4.4325 0.107244 0
4.435 0.107258 0
4.4375 0.107272 0
4.44 0.107286 0
4.4425 0.1073 0
4.445 0.107313 0
4.4475 0.107326 0
4.45 0.10734 0
4.4525 0.107353 0
4.455 0.107367 0
4.4575 0.107381 0
4.46 0.107395 0
4.4625 0.107408 0
4.465 0.107422 0
4.4675 0.107435 0
4.47 0.107449 0
4.4725 0.107463 0
4.475 0.107477 0
4.4775 0.10749 0
4.48 0.107504 0
4.4825 0.107518 0
4.485 0.107531 0
4.4875 0.107545 0
4.49 0.107558 0
4.4925 0.107572 0
4.495 0.107585 0
4.4975 0.107599 0
4.5 0.107612 0
4.5025 0.107625 0
4.505 0.107639 0
4.5075 0.107653 0
4.51 0.107667 0
4.5125 0.107681 0
4.515 0.107694 0
4.5175 0.107708 0
4.52 0.107721 0
4.5225 0.107735 0
4.525 0.107748 0
4.5275 0.107762 0
4.53 0.107775 0
4.53333 0.107793 0
4.53556 0.107805 0
4.53778 0.107817 0
4.54 0.107829 0
4.5425 0.107843 0
4.545 0.107856 0
4.5475 0.107869 0
4.55 0.107883 0
4.5525 0.107896 0
4.555 0.10791 0
4.5575 0.107923 0
4.56 0.107937 0
4.5625 0.10795 0
4.565 0.107963 0
4.5675 0.107977 0
4.57 0.10799 0
4.5725 0.108004 0
4.575 0.108018 0
4.5775 0.108032 0
4.58 0.108045 0
4.5825 0.108059 0
4.585 0.108072 0
4.5875 0.108085 0
4.59 0.108098 0
4.5925 0.108111 0
4.595 0.108124 0
4.5975 0.108138 0
4.6 0.108152 0
4.6025 0.108165 0
4.605 0.108178 0
4.6075 0.108192 0
4.61 0.108205 0
4.6125 0.108219 0
4.615 0.108232 0
4.6175 0.108245 0
4.62 0.108258 0
4.6225 0.108272 0
4.625 0.108285 0
4.6275 0.108299 0
4.63 0.108312 0
4.6325 0.108326 0
4.635 0.108339 0
4.6375 0.108354 0
4.64 0.108367 0
4.6425 0.10838 0
4.645 0.108394 0
4.6475 0.108407 0
4.65 0.10842 0
4.6525 0.108434 0
4.655 0.108447 0
4.6575 0.10846 0
4.66 0.108473 0
4.6625 0.108486 0
4.665 0.1085 0
4.6675 0.108513 0
4.67 0.108526 0
4.6725 0.108539 0
4.675 0.108552 0
4.6775 0.108566 0
4.68 0.108579 0
4.6825 0.108592 0
4.685 0.108605 0
4.6875 0.108619 0
4.69 0.108632 0
4.6925 0.108645 0
4.695 0.108659 0
4.6975 0.108672 0
4.7 0.108685 0
4.7025 0.108699 0
4.705 0.108712 0
4.7075 0.108725 0
4.71 0.108738 0
4.7125 0.108751 0
4.715 0.108764 0
4.7175 0.108778 0
4.72 0.108791 0
4.7225 0.108804 0
4.725 0.108817 0
4.7275 0.108831 0
4.73 0.108844 0
4.73333 0.108861 0
4.73556 0.108873 0
4.73778 0.108885 0
4.74 0.108897 0
4.7425 0.108911 0
4.745 0.108924 0
4.7475 0.108937 0
4.75 0.10895 0
4.7525 0.108963 0
4.755 0.108976 0
4.7575 0.10899 0
4.76 0.109003 0
4.76333 0.109021 0
4.76667 0.109039 0
4.77 0.109056 0
4.77333 0.109073 0
4.77667 0.109091 0
4.78 0.109109 0
4.78333 0.109127 0
4.78667 0.109144 0
4.79 0.109162 0
4.795 0.109188 0
4.8 0.109214 0
4.805 0.109241 0
4.81 0.109266 0
4.815 0.109292 0
4.82 0.109319 0
4.825 0.109345 0
4.83 0.109372 0
4.835 0.109399 0
4.84 0.109425 0
4.845 0.109452 0
4.85 0.109478 0
4.855 0.109504 0
4.86 0.109531 0
4.865 0.109558 0
4.87 0.109584 0
4.875 0.10961 0
4.88 0.109636 0
4.885 0.109662 0
4.89 0.109688 0
4.895 0.109715 0
4.9 0.109741 0
4.905 0.109767 0
4.91 0.109794 0
4.915 0.109821 0
4.92 0.109847 0
4.925 0.109874 0
4.93 0.109901 0
4.935 0.109927 0
4.94 0.109953 0
4.945 0.10998 0
4.95 0.110006 0
4.955 0.110032 0
4.96 0.110058 0
4.965 0.110084 0
4.97 0.110111 0
4.975 0.110137 0
4.98 0.110163 0
4.985 0.11019 0
4.99 0.110215 0
4.995 0.110241 0
5 0.110267 0
